   0.0310864470
   0.0216125124
   0.0293845833
   0.0299156021
   0.0271958323
   0.0121825763
   0.0255460250
   0.0130936226
   0.0113922030
   0.0101942718
   0.0274419528
   0.0232140154
  -0.0021076750
   0.0292592227
   0.0245191562
   0.0023494032
   0.0137315898
  -0.0108673491
  -0.0109221567
   0.0066879206
  -0.0093876262
  -0.0244467750
  -0.0157415827
  -0.0323976741
  -0.0273609646
  -0.0328141594
  -0.0135807252
  -0.0309037675
  -0.0191341841
  -0.0085668369
  -0.0053737466
  -0.0215722976
  -0.0067805499
   0.0050167484
  -0.0018639527
   0.0056188940
   0.0035111804
   0.0043959611
   0.0094243930
  -0.0011534125
   0.0059394309
  -0.0191671916
  -0.0267266821
  -0.0384334274
  -0.0295614638
  -0.0048517423
  -0.0355977594
  -0.0470545034
  -0.0450259850
  -0.0332570651
  -0.0223841184
  -0.0471242909
  -0.0500961903
  -0.0464751142
  -0.0360395061
  -0.0379583678
  -0.0483186943
  -0.0461610725
  -0.0353207827
  -0.0314015085
  -0.0413385480
  -0.0332206629
  -0.0115860544
  -0.0253667690
   0.0021045925
  -0.0005048074
  -0.0013874142
   0.0017517219
  -0.0013186812
   0.0000278606
   0.0080588181
  -0.0145236660
   0.0083380914
  -0.0267788031
  -0.0439935405
  -0.0434923271
  -0.0236269603
  -0.0239349592
  -0.0518803426
  -0.0534627820
  -0.0475296520
  -0.0212419354
  -0.0393315005
  -0.0540694894
  -0.0555036418
  -0.0528925476
  -0.0355982000
  -0.0459216155
  -0.0516530154
  -0.0533227641
  -0.0467284456
  -0.0154075091
  -0.0391976640
  -0.0436826588
  -0.0427223634
  -0.0210135138
  -0.0249451816
  -0.0257655712
   0.0047247227
   0.0056836976
   0.0069523298
   0.0046767345
   0.0044272599
  -0.0165465085
   0.0139646166
   0.0118444591
   0.0110656753
   0.0047232172
   0.0068863855
  -0.0117872161
   0.0098748348
   0.0220069430
   0.0286041389
   0.0177063840
   0.0110879952
   0.0198308383
   0.0249747938
   0.0244353073
   0.0208439015
   0.0335530402
   0.0420472221
   0.0319044876
   0.0337350829
   0.0394249326
   0.0320301523
   0.0335652440
   0.0388292216
   0.0519547470
   0.0327738959
   0.0389258342
   0.0214370963
   0.0183651098
   0.0129015172
   0.0206304553
   0.0253708394
   0.0254324888
  -0.0075592417
   0.0113916636
   0.0222707082
   0.0285372287
   0.0069503413
   0.0246381164
   0.0363457133
   0.0241430549
   0.0454068867
   0.0377941433
   0.0271072414
   0.0462162498
   0.0380610270
   0.0273833584
   0.0375567434
   0.0252231749
   0.0135680863
   0.0045007988
   0.0069140580
   0.0206443789
   0.0095054507
   0.0085789712
   0.0211223892
   0.0089866636
   0.0151554144
   0.0034638706
   0.0078787018
   0.0071089771
   0.0005420959
   0.0065864292
   0.0069623807
   0.0091578550
   0.0039399513
  -0.0104739348
   0.0108625225
   0.0099333933
   0.0011244208
  -0.0247062545
  -0.0089881358
   0.0063802335
  -0.0141542173
   0.0069326668
   0.0121308562
  -0.0157011628
   0.0064729353
   0.0118093120
  -0.0110968977
   0.0055077375
   0.0017585089
  -0.0224152399
   0.0038742286
  -0.0120409410
   0.0099318179
   0.0097269305
   0.0065028340
  -0.0014739635
   0.0064503145
   0.0069875284
   0.0089337610
   0.0073060025
   0.0260085080
   0.0271288496
   0.0219016777
   0.0265535350
   0.0213194929
   0.0264589264
   0.0268200389
   0.0251928820
   0.0222872159
   0.0115214113
   0.0208556757
   0.0123670468
   0.0091115356
   0.0063075327
   0.0214336704
   0.0172312372
  -0.0004966410
   0.0387367658
   0.0230863713
   0.0187436119
   0.0031550012
   0.0112147524
  -0.0060271486
  -0.0071588349
   0.0039144675
  -0.0050716025
  -0.0147500664
  -0.0096376922
  -0.0202474997
  -0.0021026689
  -0.0203658562
  -0.0189938668
  -0.0012663720
  -0.0198067689
  -0.0191985622
  -0.0076224492
  -0.0189208535
  -0.0125597220
  -0.0053988147
  -0.0019725893
  -0.0125158738
  -0.0030768009
   0.0032652100
  -0.0014742857
   0.0040583566
   0.0041889569
   0.0046914244
   0.0049617077
  -0.0103862706
  -0.0005451275
  -0.0034182534
  -0.0062529831
   0.0020778820
  -0.0132895085
  -0.0191052197
  -0.0273122378
  -0.0194184430
  -0.0253888988
  -0.0348613928
  -0.0330220235
  -0.0206714437
  -0.0324816714
  -0.0387900964
  -0.0372505505
  -0.0299203477
  -0.0331866711
  -0.0392428917
  -0.0376782669
  -0.0305849030
  -0.0277471236
  -0.0363653948
  -0.0344897272
  -0.0231798768
  -0.0229290196
  -0.0301021324
  -0.0228260846
  -0.0073648609
  -0.0181152522
   0.0017586623
  -0.0024277924
  -0.0023225344
   0.0109593042
  -0.0012678299
  -0.0032920171
   0.0001378978
   0.0031471450
  -0.0131120006
  -0.0116692669
   0.0032606767
  -0.0198307716
  -0.0323558754
  -0.0323451135
  -0.0182505275
  -0.0167252958
  -0.0394258228
  -0.0414503913
  -0.0358192148
  -0.0172448127
  -0.0426379030
  -0.0445619305
  -0.0424014216
  -0.0313991621
  -0.0345485024
  -0.0425743156
  -0.0445070648
  -0.0422295270
  -0.0304897158
  -0.0343397946
  -0.0393424362
  -0.0412139063
  -0.0347972854
  -0.0124319833
  -0.0271562817
  -0.0322477279
  -0.0315940860
  -0.0164239314
  -0.0179037616
  -0.0192060670
   0.0041953480
   0.0048370120
   0.0042194719
   0.0029828994
   0.0078981850
   0.0097283751
   0.0080474950
   0.0094517104
   0.0072708241
   0.0029635319
   0.0027902957
   0.0160939222
  -0.0101720793
   0.0033600555
   0.0144015558
   0.0208772541
   0.0251056916
   0.0140731707
   0.0088481666
   0.0129823095
   0.0188720160
   0.0212971981
   0.0194161690
   0.0166856515
   0.0273916806
   0.0307772903
   0.0357807197
   0.0275273940
   0.0303634867
   0.0361371855
   0.0277098664
   0.0301212618
   0.0345755579
   0.0274110213
   0.0299164804
   0.0348376152
   0.0271021975
   0.0295776230
   0.0173899063
   0.0147962045
   0.0104477750
   0.0140821534
   0.0194080576
   0.0219672478
   0.0201912122
  -0.0061866763
   0.0053345694
   0.0151395123
   0.0210956419
   0.0255305465
   0.0039048473
   0.0160079342
   0.0239050109
   0.0321963459
   0.0267539073
   0.0418862974
   0.0346246394
   0.0281413246
   0.0179614612
   0.0381238415
   0.0320097954
   0.0246666403
   0.0118223324
   0.0353974407
   0.0285909856
   0.0186040177
   0.0343021865
   0.0278668184
   0.0047439907
   0.0035896983
  -0.0033261855
   0.0106092417
   0.0073109351
  -0.0111405370
   0.0098354069
   0.0126880769
   0.0003413424
  -0.0005391758
   0.0114517105
   0.0070623264
   0.0064088244
   0.0034848887
   0.0050146889
   0.0042028445
  -0.0002901538
   0.0024638266
   0.0050307213
   0.0053211143
   0.0064788221
   0.0021138372
  -0.0072542998
  -0.0179261079
   0.0075142080
   0.0066689199
  -0.0005404199
  -0.0147166468
   0.0065759559
  -0.0031455178
   0.0049686274
  -0.0055384301
   0.0052454678
   0.0091083066
   0.0010961769
   0.0074814656
  -0.0068073496
   0.0047183452
  -0.0044341106
   0.0043870949
  -0.0002933897
  -0.0145599073
   0.0063451285
   0.0017580236
  -0.0088356559
   0.0070887431
   0.0064536756
   0.0035483687
  -0.0018495625
   0.0018738164
   0.0049711078
   0.0051634023
   0.0061799691
   0.0044834905
   0.0221792883
   0.0230862510
   0.0307719908
   0.0224277824
  -0.0053898672
   0.0106860416
   0.0181074023
   0.0227663494
   0.0221861180
   0.0227080604
   0.0281407068
   0.0215312265
   0.0188659950
   0.0105992690
   0.0176648829
   0.0113420010
   0.0079598678
   0.0052412237
   0.0175232972
   0.0137440715
   0.0284167010
   0.0143405300
   0.0047270367
   0.0301682542
   0.0153366764
   0.0190990175
   0.0152547448
   0.0040194576
   0.0098117835
  -0.0028768783
  -0.0043562786
   0.0034332226
  -0.0019976252
  -0.0087303569
  -0.0053927919
  -0.0126126669
  -0.0080891386
  -0.0001031767
  -0.0130617512
  -0.0121357997
  -0.0075638132
  -0.0149716437
   0.0010148314
  -0.0123450724
  -0.0123306472
  -0.0036060621
  -0.0114587753
  -0.0079829497
  -0.0030023652
   0.0004656742
  -0.0069570940
  -0.0006668835
   0.0026581847
   0.0046875465
  -0.0005104243
   0.0034757769
   0.0044630512
   0.0056373808
   0.0047078907
   0.0028445894
  -0.0072883706
   0.0000669641
  -0.0038703609
  -0.0040604681
   0.0004321798
  -0.0093795113
  -0.0144520691
  -0.0208478948
  -0.0130313526
  -0.0160840966
  -0.0264053657
  -0.0271807163
  -0.0202784369
  -0.0219575049
  -0.0302172871
  -0.0306097579
  -0.0259415932
  -0.0226443864
  -0.0306567542
  -0.0309980136
  -0.0264441745
  -0.0145758412
  -0.0182203969
  -0.0278258680
  -0.0284502311
  -0.0220162084
  -0.0174698856
  -0.0232377442
  -0.0159947422
  -0.0028568482
  -0.0131847968
   0.0009915806
  -0.0031965460
  -0.0026048059
   0.0070002634
  -0.0005302404
  -0.0002088749
  -0.0029504367
  -0.0026129899
  -0.0039118335
  -0.0002907139
   0.0007269758
  -0.0104708166
  -0.0104738247
   0.0062633572
  -0.0102157858
  -0.0095448477
   0.0015589776
   0.0007296073
  -0.0151571645
  -0.0253526683
  -0.0256541228
  -0.0141541984
  -0.0315143445
  -0.0337653338
  -0.0300811851
  -0.0178695945
  -0.0344623115
  -0.0365814176
  -0.0350186078
  -0.0273413911
  -0.0270410653
  -0.0344370393
  -0.0365324652
  -0.0348659717
  -0.0267183677
  -0.0269337515
  -0.0315368572
  -0.0335676337
  -0.0293221575
  -0.0148528593
  -0.0254057572
  -0.0250007456
  -0.0126476762
  -0.0128621163
  -0.0148083621
   0.0033509752
   0.0061703254
   0.0037468068
   0.0029844583
   0.0022482065
   0.0056170800
   0.0070567684
  -0.0009792220
  -0.0150882808
   0.0071229451
   0.0049892485
   0.0068192337
   0.0021817795
  -0.0064381048
   0.0091314541
  -0.0037843347
   0.0080626633
   0.0155032007
   0.0204133641
   0.0112654456
   0.0058028802
   0.0099077528
   0.0160127371
   0.0188270925
   0.0168773481
   0.0137923817
   0.0274060171
   0.0251337039
   0.0282947117
   0.0348756387
   0.0239598188
   0.0250833896
   0.0277406562
   0.0327803663
   0.0248876763
   0.0276921715
   0.0330757975
   0.0263126071
   0.0145539090
   0.0120136511
   0.0074430513
   0.0110131960
   0.0165855329
   0.0195803531
   0.0177027801
  -0.0012899550
   0.0090984431
   0.0158671230
   0.0206452506
  -0.0047181395
   0.0093525168
   0.0176650607
   0.0227322417
   0.0336213718
   0.0278551969
   0.0215998966
   0.0113154446
   0.0308707227
   0.0254119469
   0.0181531982
   0.0349921891
   0.0284431938
   0.0220694558
   0.0121115639
   0.0238470044
   0.0008331028
  -0.0106079187
   0.0043236766
   0.0046751304
  -0.0087955786
   0.0026151491
   0.0075949647
   0.0008475457
  -0.0074801304
   0.0052546117
   0.0046498959
   0.0022539071
  -0.0004998301
   0.0032200132
   0.0021882209
  -0.0022220617
   0.0008431054
   0.0036111530
   0.0038441644
   0.0047010296
   0.0002058272
  -0.0080523490
  -0.0187781388
   0.0059790369
   0.0045677355
  -0.0021026521
  -0.0147152161
   0.0044257851
  -0.0038502415
   0.0037660655
  -0.0024331584
   0.0045028069
  -0.0107502225
   0.0016304423
   0.0061159007
  -0.0032416150
   0.0041189593
  -0.0050303023
  -0.0019080481
  -0.0145144640
   0.0042333216
  -0.0001784918
  -0.0094364886
   0.0055941740
   0.0043235848
   0.0015421464
  -0.0037471885
   0.0003380522
   0.0036237068
   0.0036890322
   0.0043933465
   0.0027282531
   0.0190102803
   0.0199173767
   0.0227195540
   0.0249629144
   0.0209107005
   0.0131324040
   0.0177348268
   0.0040368718
   0.0127355183
   0.0175678084
   0.0173103538
   0.0205864355
   0.0194970190
   0.0217842423
   0.0230577708
   0.0184467789
   0.0161127147
   0.0095635697
   0.0151461492
   0.0101849851
   0.0071935487
   0.0048710951
   0.0146775003
   0.0114461011
   0.0228135491
   0.0194616600
   0.0112507629
   0.0243551926
   0.0203763345
   0.0123778983
   0.0161526361
   0.0128647930
   0.0045474084
   0.0088022040
  -0.0008910775
  -0.0024314321
   0.0034227816
  -0.0000041346
  -0.0049580752
  -0.0025401483
  -0.0077540352
  -0.0051930604
  -0.0021912174
  -0.0089729879
   0.0057711199
  -0.0064270512
  -0.0098420449
  -0.0061268193
  -0.0097629381
  -0.0011447261
  -0.0083408127
  -0.0073049830
  -0.0009852701
  -0.0067518801
  -0.0048989480
  -0.0013679638
   0.0019872606
  -0.0035296355
   0.0008192384
   0.0023794156
   0.0044333642
   0.0002829565
   0.0031281333
   0.0043441310
   0.0037098384
   0.0043486194
   0.0044222528
   0.0017459834
  -0.0052959395
   0.0004993252
  -0.0038444855
  -0.0026157941
   0.0039585033
  -0.0002771086
  -0.0110308962
  -0.0152447403
  -0.0086691857
  -0.0109605607
  -0.0189771192
  -0.0210677674
  -0.0177099675
  -0.0145048104
  -0.0227157970
  -0.0244540188
  -0.0218514143
  -0.0140970962
  -0.0206866803
  -0.0252850795
  -0.0253876351
  -0.0221495556
  -0.0145673711
  -0.0155781945
  -0.0234424990
  -0.0250840376
  -0.0225644408
  -0.0152298031
  -0.0129293194
  -0.0204914678
  -0.0224098394
  -0.0192514778
  -0.0098795515
  -0.0135336719
  -0.0174198978
  -0.0112925133
  -0.0016890027
  -0.0098044455
   0.0002023754
  -0.0035615412
  -0.0027294866
   0.0046338037
  -0.0034724632
  -0.0027793668
  -0.0101351852
  -0.0017631269
  -0.0029122289
  -0.0033119211
  -0.0033032798
  -0.0040669709
  -0.0008344309
  -0.0005339939
  -0.0081239448
  -0.0086126575
   0.0037445703
  -0.0081293635
  -0.0080183422
   0.0003505274
  -0.0006091110
  -0.0119667222
  -0.0194661058
  -0.0199901169
  -0.0116739329
  -0.0246015888
  -0.0268487988
  -0.0247429482
  -0.0177512866
  -0.0276689657
  -0.0298587342
  -0.0289212941
  -0.0239505829
  -0.0119224956
  -0.0210196533
  -0.0286820913
  -0.0307151697
  -0.0302843969
  -0.0267520416
  -0.0174399327
  -0.0232391430
  -0.0276864706
  -0.0297938336
  -0.0287041031
  -0.0232535016
  -0.0211084104
  -0.0247251826
  -0.0266822111
  -0.0241453543
  -0.0159997711
  -0.0196057523
  -0.0194736584
  -0.0101531140
  -0.0118082313
   0.0024927805
   0.0037923217
   0.0027137288
   0.0022387880
   0.0017807925
   0.0010271802
   0.0041358893
   0.0052169295
  -0.0018737788
   0.0052680290
   0.0032278500
   0.0055367738
   0.0052187462
   0.0032741700
   0.0041092828
   0.0050874578
   0.0005399511
   0.0017053026
  -0.0107585133
   0.0035618341
   0.0119072705
  -0.0020422924
   0.0068224158
   0.0130501731
   0.0173263437
   0.0095544383
   0.0052443369
   0.0083543066
   0.0135552662
   0.0161169914
   0.0144026008
   0.0116433937
   0.0242328834
   0.0223610562
   0.0249632256
   0.0299798590
   0.0215778023
   0.0231813720
   0.0260166464
   0.0317261641
   0.0215080752
   0.0230490012
   0.0257376735
   0.0309499143
   0.0220537430
   0.0242879724
   0.0282179578
   0.0232685726
   0.0124253007
   0.0103446473
   0.0066739606
   0.0093911506
   0.0141767473
   0.0168707952
   0.0151917155
   0.0000668487
   0.0078313398
   0.0135145027
   0.0176960835
  -0.0082162610
   0.0044454147
   0.0120742371
   0.0028896859
   0.0191434609
   0.0283919853
   0.0235431309
   0.0179729917
   0.0299738748
   0.0249622004
   0.0200196021
   0.0129657016
   0.0304591043
   0.0252008093
   0.0202098354
   0.0132215637
   0.0298455340
   0.0242800363
   0.0185970565
   0.0203263649
   0.0002976619
   0.0008465781
  -0.0029877349
   0.0033112690
   0.0005161075
  -0.0022839813
   0.0035297921
   0.0003682056
  -0.0082015046
   0.0012793890
   0.0007467211
   0.0020165335
   0.0010612292
  -0.0022285072
   0.0001423210
   0.0025885474
   0.0029070188
   0.0032977684
  -0.0004335662
  -0.0066297608
  -0.0133131427
   0.0043626303
   0.0031413096
  -0.0022821961
  -0.0111192942
   0.0026635062
  -0.0028238808
  -0.0023415541
   0.0031715642
  -0.0053590576
   0.0019759412
   0.0051192252
  -0.0057717401
   0.0017925390
   0.0050091378
  -0.0031250086
   0.0028045169
  -0.0031002561
  -0.0023871908
  -0.0116377222
   0.0048685865
   0.0024844250
  -0.0009303603
  -0.0079977553
   0.0040495296
   0.0028522110
   0.0004333453
  -0.0034789514
  -0.0003502246
   0.0025802689
   0.0027449104
   0.0029801033
   0.0015615738
