  -3.8499633569   -1.3552504453    1.7191765304
  -4.8968359280    0.9466338110   -0.0994768176
  -5.3639411735    0.0566391237   -0.0994768176
  -3.8499633569   -1.3552504453   -1.9181301655
  -2.7999633569   -1.3552504453   -1.9181301655
  -1.9341466990   -0.8556643410    2.0711966953
  -2.4591466990   -1.7649910150   -1.8474566526
  -1.9341466990   -0.8556643410   -2.1288033047
  -1.4509491126   -2.0910105530    2.1521116193
  -0.9259491126   -1.1816838790    1.8707649673
  -2.5009491126   -2.0910105530    1.8707649673
  -1.9759491126   -3.0003372270    1.8707649673
  -0.9259491126   -3.0003372270    1.8707649673
  -2.5009491126   -2.0910105530   -1.7665417286
  -1.9759491126   -3.0003372270   -1.7665417286
  -0.9259491126   -3.0003372270   -1.7665417286
  -1.4509491126   -2.0910105530   -2.0478883807
  -0.1435209633   -2.1530571063    2.2064206191
   0.9064790367   -2.1530571063    1.9250739670
  -0.6685209633   -1.2437304323    1.9250739670
  -0.6685209633   -3.0623837803    1.9250739670
   0.3814790367   -3.0623837803    1.9250739670
  -0.4023423204   -3.9531991854    1.1564206191
   0.6119749409   -3.8073623800    1.1564206191
   0.1096060653   -4.2377457419    0.1064206191
   1.0494150049   -3.8813232247    0.1064206191
  -0.4023423204   -3.9531991854   -0.9435793809
   0.6119749409   -3.8073623800   -0.9435793809
   1.3864275907   -3.1362953390   -0.9435793809
   0.9064790367   -2.1530571063   -1.7122327289
  -0.6685209633   -3.0623837803   -1.7122327289
   0.3814790367   -3.0623837803   -1.7122327289
  -0.1435209633   -2.1530571063   -1.9935793809
   0.2444215439   -0.8657502825    2.1546146942
   0.7694215439   -1.7750769564   -1.7640386538
   0.2444215439   -0.8657502825   -2.0453853058
  -0.8259015067   -0.0297468171    2.0709017700
  -0.8259015067   -0.0297468171   -2.1290982300
  -0.6909897267    1.3961023228    2.0006022583
  -1.7409897267    1.3961023228    1.7192556063
  -0.6909897267    1.3961023228   -2.1993977417
  -1.5616625645    2.2170159153    1.7840135848
  -1.0716625645    3.0657208110    1.5214233762
  -2.0516625645    3.0657208110    1.5214233762
  -2.5416625645    2.2170159153    1.5214233762
  -2.0516625645    1.3683110195    1.5214233762
  -1.0371340925    3.8313485582    0.8040135848
  -2.0861910365    3.8313485582    0.8040135848
  -2.9348959322    3.2147283577    0.8040135848
  -3.2590723559    2.2170159153    0.8040135848
  -0.5816625645    3.9144257067   -0.1759864152
  -1.5616625645    4.1770159153   -0.1759864152
  -2.5416625645    3.9144257067   -0.1759864152
  -3.2590723559    3.1970159153   -0.1759864152
  -3.5216625645    2.2170159153   -0.1759864152
  -1.0371340925    3.8313485582   -1.1559864152
  -2.0861910365    3.8313485582   -1.1559864152
  -2.9348959322    3.2147283577   -1.1559864152
  -3.2590723559    2.2170159153   -1.1559864152
  -1.0716625645    3.0657208110   -1.8733962067
  -2.0516625645    3.0657208110   -1.8733962067
  -2.5416625645    2.2170159153   -1.8733962067
  -2.0516625645    1.3683110195   -1.8733962067
  -1.5616625645    2.2170159153   -2.1359864152
   0.6502935015    1.7503595111    2.0324842576
   1.1752935015    2.6596861851    1.7511376056
   0.1252935015    2.6596861851    1.7511376056
   1.1752935015    2.6596861851   -1.8861690903
   0.1252935015    2.6596861851   -1.8861690903
   0.6502935015    1.7503595111   -2.1675157424
   1.7699244127    0.9418912730    2.1179417289
   2.2949244127    1.8512179470   -1.8007116190
   1.7699244127    0.9418912730   -2.0820582711
   2.8710116050    1.4106104953    1.9949292162
   3.8510116050    1.4106104953    1.7323390076
   3.3610116050    2.2593153910    1.7323390076
   2.3810116050    2.2593153910    1.7323390076
   3.3610116050    0.5619055996    1.7323390076
   4.5684213964    1.4106104953    1.0149292162
   4.2442449727    2.4083229378    1.0149292162
   3.3955400770    3.0249431382    1.0149292162
   2.3464831330    3.0249431382    1.0149292162
   4.2442449727    0.4128980528    1.0149292162
   4.8310116050    1.4106104953    0.0349292162
   4.5684213964    2.3906104953    0.0349292162
   3.8510116050    3.1080202867    0.0349292162
   2.8710116050    3.3706104953    0.0349292162
   4.5684213964    0.4306104953    0.0349292162
   4.5684213964    1.4106104953   -0.9450707838
   4.2442449727    2.4083229378   -0.9450707838
   3.3955400770    3.0249431382   -0.9450707838
   2.3464831330    3.0249431382   -0.9450707838
   4.2442449727    0.4128980528   -0.9450707838
   3.8510116050    1.4106104953   -1.6624805752
   3.3610116050    2.2593153910   -1.6624805752
   2.3810116050    2.2593153910   -1.6624805752
   3.3610116050    0.5619055996   -1.6624805752
   2.8710116050    1.4106104953   -1.9250707838
   1.5390948852   -0.4078884814    2.1795911001
   1.5390948852   -0.4078884814   -2.0204088999
   1.6353522328   -1.3054673950    1.9894828585
   2.1603522328   -2.2147940690    1.9894828585
   4.7853522328   -1.3054673950    0.1708295105
   4.5448098867   -0.3295487337    0.1708295105
   3.8782882009   -3.0337335134    0.1708295105
   4.5448098867   -2.2813860563    0.1708295105
   3.4408481370   -2.9597726687   -0.8791704895
   2.1603522328   -2.2147940690   -1.6478238374
  -4.3016054830    1.4920521938   -0.4904638782
  -3.2252673014    1.6818396555   -1.5287609793
  -4.3016054830    1.4920521938   -1.5287609793
  -5.0041353371    0.6548097163   -1.5287609793
  -5.0041353371   -0.4381327167   -1.5287609793
  -2.5152387855    0.1083384998   -2.3687609793
  -3.1975701476    1.0474870504   -2.3687609793
  -4.3016054830    0.6887642245   -2.3687609793
  -4.3016054830   -0.4720872249   -2.3687609793
  -3.1975701476   -0.8308100507   -2.3687609793
  -3.5027180093    0.1083384998   -2.6896124287
  -4.7427167900   -1.9125878806    1.2725348740
  -3.6386814546   -2.2713107064    1.2725348740
  -5.4452466441   -0.7856909393    0.4325348740
  -5.4452466441   -1.8786333724    0.4325348740
  -4.7427167900   -2.7158758498    0.4325348740
  -5.4452466441   -0.7856909393   -0.6057622271
  -5.4452466441   -1.8786333724   -0.6057622271
  -4.7427167900   -2.7158758498   -0.6057622271
  -3.6663786084   -2.9056633116   -0.6057622271
  -4.7427167900   -1.9125878806   -1.4457622271
  -3.6386814546   -2.2713107064   -1.4457622271
  -3.5711747431    0.1815004497    2.4250271703
  -2.5836955192    0.1815004497    2.1041757209
  -3.2660268813    1.1206490003    2.1041757209
  -4.3700622168    0.7619261745    2.1041757209
  -4.3700622168   -0.3989252750    2.1041757209
  -3.2660268813   -0.7576481008    2.1041757209
  -3.2937240351    1.7550016055    1.2641757209
  -4.3700622168    1.5652141437    1.2641757209
  -5.0725920708    0.7279716662    1.2641757209
  -5.0725920708   -0.3649707668    1.2641757209
  -4.3700622168    1.5652141437    0.2258786198
  -5.0725920708    0.7279716662    0.2258786198
  -2.8911105457   -3.5295256863    1.4307715622
  -1.7870752102   -3.8882485121    1.4307715622
  -3.5936403997   -3.4955711781    0.5907715622
  -2.8911105457   -4.3328136555    0.5907715622
  -1.8147723641   -4.5226011173    0.5907715622
  -3.5936403997   -3.4955711781   -0.4475255389
  -2.8911105457   -4.3328136555   -0.4475255389
  -1.8147723641   -4.5226011173   -0.4475255389
  -2.8911105457   -3.5295256863   -1.2875255389
  -1.7870752102   -3.8882485121   -1.2875255389
   1.1567836923    3.6649721425    1.2479586412
   0.0527483568    3.3062493166    1.2479586412
   2.0756024503    3.7528535311    0.4079586412
   1.1290865385    4.2993247476    0.4079586412
   0.0527483568    4.1095372859    0.4079586412
   2.0756024503    3.7528535311   -0.6303384599
   1.1290865385    4.2993247476   -0.6303384599
   0.0527483568    4.1095372859   -0.6303384599
   1.1567836923    3.6649721425   -1.4703384599
   0.0527483568    3.3062493166   -1.4703384599
   3.2555212087   -1.0876657619    2.7429684512
   4.2430004325   -1.0876657619    2.4221170017
   3.5606690705   -0.1485172113    2.4221170017
   2.4566337350   -0.5072400372    2.4221170017
   2.4566337350   -1.6680914866    2.4221170017
   3.5606690705   -2.0268143124    2.4221170017
   4.8532961561   -1.0876657619    1.5821170017
   4.4794878285   -0.0606358227    1.5821170017
   3.5329719166   -2.6611669176    1.5821170017
   4.4794878285   -2.1146957011    1.5821170017
   4.8532961561   -1.0876657619    0.5438199006
   4.4794878285   -0.0606358227    0.5438199006
   1.5152575094   -2.8967450802    1.5664614774
   2.6192928448   -3.2554679060    1.5664614774
   1.5152575094   -3.7000330494    0.7264614774
   2.5915956910   -3.8898205112    0.7264614774
   3.5381116028   -3.3433492947    0.7264614774
   1.5152575094   -3.7000330494   -0.3118356237
   2.5915956910   -3.8898205112   -0.3118356237
   3.5381116028   -3.3433492947   -0.3118356237
   1.5152575094   -2.8967450802   -1.1518356237
   2.6192928448   -3.2554679060   -1.1518356237
   4.9226461707   -1.1767516592   -0.1719140799
   4.5488378431   -0.1497217200   -0.1719140799
   4.9226461707   -1.1767516592   -1.2102111810
   4.5488378431   -0.1497217200   -1.2102111810
   3.6023219313   -2.7502528149   -1.2102111810
   4.5488378431   -2.2037815984   -1.2102111810
   4.3123504472   -1.1767516592   -2.0502111810
   3.6300190851   -0.2376031087   -2.0502111810
   2.5259837497   -0.5963259345   -2.0502111810
   2.5259837497   -1.7571773839   -2.0502111810
   3.6300190851   -2.1159002098   -2.0502111810
   3.3248712233   -1.1767516592   -2.3710626304
  -3.8456238438   -1.3477341882    2.0628484654
  -5.1253517104   -0.9745654895    1.3968987069
  -5.4330746304    0.5692891116    0.4345734239
  -5.6647903461   -0.4459237713    0.4345734239
  -5.4330746304    0.5692891116   -0.6335270591
  -5.6647903461   -0.4459237713   -0.6335270591
  -5.1253517104   -0.9745654895   -1.5958523420
  -3.8456238438   -1.3477341882   -2.2618021005
  -2.8043028699   -1.3477341882   -2.2618021005
  -1.9341466990   -0.8556643410    2.3711966953
  -2.4548071860   -1.7574747579   -2.1911285876
  -1.9341466990   -0.8556643410   -2.4288033047
  -1.4509491126   -2.0910105530    2.4521116193
  -0.9302886257   -1.1892001361    2.2144369023
  -2.4922700865   -2.0910105530    2.2144369023
  -1.9716095996   -2.9928209699    2.2144369023
  -0.9302886257   -2.9928209699    2.2144369023
  -3.2513374662   -2.6196522712   -1.4442639051
  -2.4922700865   -2.0910105530   -2.1102136636
  -1.9716095996   -2.9928209699   -2.1102136636
  -0.9302886257   -2.9928209699   -2.1102136636
  -1.4509491126   -2.0910105530   -2.3478883807
  -0.1435209633   -2.1530571063    2.5064206191
   0.8978000106   -2.1530571063    2.2687459020
  -0.6641814502   -1.2512466894    2.2687459020
  -0.6641814502   -3.0548675232    2.2687459020
   0.3771395237   -3.0548675232    2.2687459020
  -0.4105598936   -4.0103536630    1.6027961435
   0.6359619218   -3.8598865417    1.6027961435
  -0.6641814502   -4.4342197478    0.6404708606
   0.3771395237   -4.4342197478    0.6404708606
   1.3153373026   -3.9824075100    0.6404708606
  -0.6641814502   -4.4342197478   -0.4276296224
   0.3771395237   -4.4342197478   -0.4276296224
   1.3153373026   -3.9824075100   -0.4276296224
  -0.4105598936   -4.0103536630   -1.3899549054
   0.6359619218   -3.8598865417   -1.3899549054
   1.4350034288   -3.1675131346   -1.3899549054
   0.8978000106   -2.1530571063   -2.0559046639
  -0.6641814502   -3.0548675232   -2.0559046639
   0.3771395237   -3.0548675232   -2.0559046639
  -0.1435209633   -2.1530571063   -2.2935793809
   0.2444215439   -0.8657502825    2.4546146942
   0.7650820309   -1.7675606993   -2.1077105888
   0.2444215439   -0.8657502825   -2.3453853058
  -0.8259015067   -0.0297468171    2.3709017700
  -0.8259015067   -0.0297468171   -2.4290982300
  -0.6909897267    1.3961023228    2.3006022583
  -1.2116502137    2.2979127397    2.0629275413
  -1.7323107006    1.3961023228    2.0629275413
  -0.1703292398    2.2979127397   -2.2617230246
  -1.7323107006    1.3961023228   -2.2617230246
  -0.6909897267    1.3961023228   -2.4993977417
  -1.5616625645    2.2170159153    2.0640135848
  -1.0757127767    3.0587056377    1.8421838489
  -2.0476123523    3.0587056377    1.8421838489
  -2.5335621401    2.2170159153    1.8421838489
  -1.0204803233    3.8826035896    1.2206307409
  -2.1028448057    3.8826035896    1.2206307409
  -2.9784960661    3.2464057092    1.2206307409
  -3.3129650852    2.2170159153    1.2206307409
  -1.2984299187    4.3849317969    0.3224604768
  -2.3360623774    4.2589404059    0.3224604768
  -3.1962891715    3.6651687220    0.3224604768
  -3.6820427093    2.7396426822    0.3224604768
  -1.2984299187    4.3849317969   -0.6744333073
  -2.3360623774    4.2589404059   -0.6744333073
  -3.1962891715    3.6651687220   -0.6744333073
  -3.6820427093    2.7396426822   -0.6744333073
  -1.0204803233    3.8826035896   -1.5726035714
  -2.1028448057    3.8826035896   -1.5726035714
  -2.9784960661    3.2464057092   -1.5726035714
  -3.3129650852    2.2170159153   -1.5726035714
  -1.0757127767    3.0587056377   -2.1941566793
  -2.0476123523    3.0587056377   -2.1941566793
  -2.5335621401    2.2170159153   -2.1941566793
  -2.0476123523    1.3753261928   -2.1941566793
  -1.5616625645    2.2170159153   -2.4159864152
   0.6502935015    1.7503595111    2.3324842576
   1.1709539884    2.6521699280    2.0948095406
   0.1296330145    2.6521699280    2.0948095406
   0.1296330145    0.8485490943    2.0948095406
   1.1709539884    2.6521699280   -2.2298410253
   0.1296330145    2.6521699280   -2.2298410253
   0.6502935015    1.7503595111   -2.4675157424
   1.7699244127    0.9418912730    2.4179417289
   2.2905848996    1.8437016899    2.1802670119
   2.2905848996    1.8437016899   -2.1443835540
   1.7699244127    0.9418912730   -2.3820582711
   2.8710116050    1.4106104953    2.2749292162
   3.8429111806    1.4106104953    2.0530994803
   3.3569613928    2.2523002177    2.0530994803
   2.3850618172    2.2523002177    2.0530994803
   3.3569613928    0.5689207729    2.0530994803
   4.6223141257    1.4106104953    1.4315463723
   4.2878451065    2.4400002893    1.4315463723
   3.4121938462    3.0761981696    1.4315463723
   2.3298293638    3.0761981696    1.4315463723
   5.0548501283    1.4106104953    0.5333761082
   4.8047045845    2.4254908611    0.5333761082
   4.1115732826    3.2078743657    0.5333761082
   3.1342442508    3.5785263770    0.5333761082
   4.8047045845    0.3957301295    0.5333761082
   5.0548501283    1.4106104953   -0.4635176759
   4.8047045845    2.4254908611   -0.4635176759
   4.1115732826    3.2078743657   -0.4635176759
   3.1342442508    3.5785263770   -0.4635176759
   4.8047045845    0.3957301295   -0.4635176759
   4.6223141257    1.4106104953   -1.3616879400
   4.2878451065    2.4400002893   -1.3616879400
   3.4121938462    3.0761981696   -1.3616879400
   2.3298293638    3.0761981696   -1.3616879400
   4.2878451065    0.3812207013   -1.3616879400
   3.8429111806    1.4106104953   -1.9832410479
   3.3569613928    2.2523002177   -1.9832410479
   2.3850618172    2.2523002177   -1.9832410479
   3.3569613928    0.5689207729   -1.9832410479
   2.8710116050    1.4106104953   -2.2050707838
   1.5390948852   -0.4078884814    2.4795911001
   1.5390948852   -0.4078884814   -2.3204088999
   1.6440312589   -1.3054673950    2.3331547935
   2.1646917458   -2.2072778119    2.3331547935
   3.4648351179   -3.0122968304    1.6672050350
   4.1442104987   -3.1348177987    0.7048797520
   4.7934635064   -2.3206802780    0.7048797520
   4.1442104987   -3.1348177987   -0.3632207310
   3.4648351179   -3.0122968304   -1.3255460140
   2.1646917458   -2.2072778119   -1.9914957725
  -4.4627180093    1.7711072751   -1.0096124287
  -5.1654867846    1.0683384998   -1.0096124287
  -2.9888942001    1.6897255786   -1.9696124287
  -4.0165418186    1.6897255786   -1.9696124287
  -4.8479262062    1.0856894639   -1.9696124287
  -5.1654867846    0.1083384998   -1.9696124287
  -4.8479262062   -0.8690124643   -1.9696124287
  -2.5427180093    0.1083384998   -2.6723812040
  -3.0227180093    0.9397228874   -2.6723812040
  -3.9827180093    0.9397228874   -2.6723812040
  -4.4627180093    0.1083384998   -2.6723812040
  -3.9827180093   -0.7230458878   -2.6723812040
  -3.0227180093   -0.7230458878   -2.6723812040
  -3.5027180093    0.1083384998   -2.9296124287
  -4.9038293164   -1.3321621558    1.5761550987
  -4.4238293164   -2.1635465435    1.5761550987
  -3.4638293164   -2.1635465435    1.5761550987
  -5.6065980916   -1.3321621558    0.8733863234
  -5.2890375133   -2.3095131199    0.8733863234
  -4.4576531256   -2.9135492347    0.8733863234
  -5.8638293164   -1.3321621558   -0.0866136766
  -5.6065980916   -2.2921621558   -0.0866136766
  -4.9038293164   -2.9949309311   -0.0866136766
  -5.6065980916   -1.3321621558   -1.0466136766
  -5.2890375133   -2.3095131199   -1.0466136766
  -4.4576531256   -2.9135492347   -1.0466136766
  -4.9038293164   -1.3321621558   -1.7493824518
  -4.4238293164   -2.1635465435   -1.7493824518
  -3.5711747431    0.1815004497    2.6650271703
  -2.6111747431    0.1815004497    2.4077959456
  -3.0911747431    1.0128848374    2.4077959456
  -4.0511747431    1.0128848374    2.4077959456
  -4.5311747431    0.1815004497    2.4077959456
  -4.0511747431   -0.6498839379    2.4077959456
  -3.0911747431   -0.6498839379    2.4077959456
  -3.0573509338    1.7628875285    1.7050271703
  -4.0849985523    1.7628875285    1.7050271703
  -4.9163829400    1.1588514138    1.7050271703
  -5.2339435183    0.1815004497    1.7050271703
  -4.9163829400   -0.7958505143    1.7050271703
  -4.5311747431    1.8442692250    0.7450271703
  -5.2339435183    1.1415004497    0.7450271703
  -5.4911747431    0.1815004497    0.7450271703
  -3.0522230720   -2.9490999616    1.7343917869
  -2.5722230720   -3.7804843492    1.7343917869
  -3.7549918473   -2.9490999616    1.0316230116
  -3.4374312689   -3.9264509256    1.0316230116
  -2.6060468813   -4.5304870404    1.0316230116
  -1.5783992627   -4.5304870404    1.0316230116
  -3.7549918473   -3.9090999616    0.0716230116
  -3.0522230720   -4.6118687368    0.0716230116
  -2.0922230720   -4.8690999616    0.0716230116
  -1.1322230720   -4.6118687368    0.0716230116
  -3.4374312689   -3.9264509256   -0.8883769884
  -2.6060468813   -4.5304870404   -0.8883769884
  -1.5783992627   -4.5304870404   -0.8883769884
  -3.0522230720   -2.9490999616   -1.5911457636
  -2.5722230720   -3.7804843492   -1.5911457636
   1.3316358305    3.5572079795    1.5515788659
   0.3716358305    3.5572079795    1.5515788659
   2.1968440274    3.7031745560    0.8488100906
   1.3654596398    4.3072106707    0.8488100906
   0.3378120213    4.3072106707    0.8488100906
   2.5144046058    3.6858235919   -0.1111899094
   1.8116358305    4.3885923672   -0.1111899094
   0.8516358305    4.6458235919   -0.1111899094
  -0.1083641695    4.3885923672   -0.1111899094
   2.1968440274    3.7031745560   -1.0711899094
   1.3654596398    4.3072106707   -1.0711899094
   0.3378120213    4.3072106707   -1.0711899094
   1.3316358305    3.5572079795   -1.7739586846
   0.3716358305    3.5572079795   -1.7739586846
   3.2555212087   -1.0876657619    2.9829684512
   4.2155212087   -1.0876657619    2.7257372264
   3.7355212087   -0.2562813743    2.7257372264
   2.7755212087   -0.2562813743    2.7257372264
   2.2955212087   -1.0876657619    2.7257372264
   2.7755212087   -1.9190501495    2.7257372264
   3.7355212087   -1.9190501495    2.7257372264
   4.9182899840   -1.0876657619    2.0229684512
   4.6007294056   -0.1103147978    2.0229684512
   3.7693450180    0.4937213169    2.0229684512
   3.7693450180   -2.6690528407    2.0229684512
   4.6007294056   -2.0650167260    2.0229684512
   5.1755212087   -1.0876657619    1.0629684512
   4.9182899840   -0.1276657619    1.0629684512
   4.9182899840   -2.0476657619    1.0629684512
   1.8341449831   -3.1477037431    1.8700817021
   2.7941449831   -3.1477037431    1.8700817021
   1.8003211738   -3.8977064343    1.1673129269
   2.8279687923   -3.8977064343    1.1673129269
   3.6593531800   -3.2936703196    1.1673129269
   2.3141449831   -4.2363193555    0.2073129269
   3.2741449831   -3.9790881307    0.2073129269
   1.8003211738   -3.8977064343   -0.7526870731
   2.8279687923   -3.8977064343   -0.7526870731
   1.8341449831   -3.1477037431   -1.4554558484
   2.7941449831   -3.1477037431   -1.4554558484
   5.2448712233   -1.1767516592   -0.6910626304
   4.9876399986   -0.2167516592   -0.6910626304
   4.9876399986   -2.1367516592   -0.6910626304
   4.9876399986   -1.1767516592   -1.6510626304
   4.6700794203   -0.1994006951   -1.6510626304
   3.8386950326   -2.7581387380   -1.6510626304
   4.6700794203   -2.1541026233   -1.6510626304
   4.2848712233   -1.1767516592   -2.3538314057
   3.8048712233   -0.3453672716   -2.3538314057
   2.8448712233   -0.3453672716   -2.3538314057
   2.3648712233   -1.1767516592   -2.3538314057
   2.8448712233   -2.0081360468   -2.3538314057
   3.8048712233   -2.0081360468   -2.3538314057
   3.3248712233   -1.1767516592   -2.6110626304
  -3.8415859906   -1.3407404212    2.3949979202
  -5.1568161249   -0.9838042752    1.8097114916
  -3.5966691823   -2.3356792964    1.8097114916
  -5.8194380946   -0.4459237713    0.9337684498
  -4.3582086243    2.0485509664   -0.0994768176
  -5.2341516661    1.4632645379   -0.0994768176
  -5.8194380946    0.5873214960   -0.0994768176
  -6.0249633569   -0.4459237713   -0.0994768176
  -5.8194380946   -0.4459237713   -1.1327220849
  -5.1568161249   -0.9838042752   -2.0086651268
  -3.5966691823   -2.3356792964   -2.0086651268
  -3.8415859906   -1.3407404212   -2.5939515553
  -2.8083407232   -1.3407404212   -2.5939515553
  -1.9341466990   -0.8556643410    2.6711966953
  -2.4507693327   -1.7504809909   -2.5232780424
  -1.9341466990   -0.8556643410   -2.7288033047
  -1.4509491126   -2.0910105530    2.7521116193
  -0.9343264790   -1.1961939031    2.5465863571
  -2.4841943800   -2.0910105530    2.5465863571
  -1.9675717463   -2.9858272029    2.5465863571
  -3.2828018806   -2.6288910568    1.9612999285
  -1.7226549381   -3.9807660780    1.9612999285
  -0.8958762643   -4.5229436011   -0.9811336480
  -3.2828018806   -2.6288910568   -1.8570766899
  -1.7226549381   -3.9807660780   -1.8570766899
  -2.4841943800   -2.0910105530   -2.4423631184
  -1.9675717463   -2.9858272029   -2.4423631184
  -0.9343264790   -2.9858272029   -2.4423631184
  -1.4509491126   -2.0910105530   -2.6478883807
  -0.1435209633   -2.1530571063    2.8064206191
   0.8897243041   -2.1530571063    2.6008953569
  -0.6601435970   -1.2582404564    2.6008953569
  -0.6601435970   -3.0478737562    2.6008953569
   0.3731016704   -3.0478737562    2.6008953569
  -0.4152267887   -4.0428126313    2.0156089283
   0.6495845230   -3.8897158775    2.0156089283
   1.4625904467   -3.1852422345    2.0156089283
  -0.6985938117   -4.5849901544    1.1396658865
   0.4115518851   -4.5849901544    1.1396658865
   1.4117585967   -4.1033159885    1.1396658865
  -0.1435209633   -4.8530571063    0.1064206191
   0.8897243041   -4.6475318441    0.1064206191
  -0.6985938117   -4.5849901544   -0.9268246483
   0.4115518851   -4.5849901544   -0.9268246483
   1.4117585967   -4.1033159885   -0.9268246483
  -0.4152267887   -4.0428126313   -1.8027676901
   0.6495845230   -3.8897158775   -1.8027676901
   1.4625904467   -3.1852422345   -1.8027676901
   0.8897243041   -2.1530571063   -2.3880541187
  -0.6601435970   -3.0478737562   -2.3880541187
   0.3731016704   -3.0478737562   -2.3880541187
  -0.1435209633   -2.1530571063   -2.5935793809
   0.2444215439   -0.8657502825    2.7546146942
  -0.7888237234   -0.8657502825    2.5490894320
   0.7610441776   -1.7605669324   -2.4398600436
   0.2444215439   -0.8657502825   -2.6453853058
  -0.8259015067   -0.0297468171    2.6709017700
   0.2073437607   -0.0297468171   -2.5235729678
  -0.8259015067   -0.0297468171   -2.7290982300
  -0.6909897267    1.3961023228    2.6006022583
  -1.2076123604    2.2909189727    2.3950769961
  -1.7242349941    1.3961023228    2.3950769961
  -0.1743670930    2.2909189727   -2.5938724794
  -1.7242349941    1.3961023228   -2.5938724794
  -0.6909897267    1.3961023228   -2.7993977417
  -1.5616625645    2.2170159153    2.3440135848
  -1.0149690532    3.1639168530    2.0944551319
  -2.1083560758    3.1639168530    2.0944551319
  -2.6550495871    2.2170159153    2.0944551319
  -0.7432055352    4.0091868225    1.3952078854
  -1.8420534414    4.1671772998    1.3952078854
  -2.8518792253    3.7060053167    1.3952078854
  -3.4520703357    2.7720897193    1.3952078854
  -1.0149690532    4.6122366888    0.3847663383
  -2.1083560758    4.6122366888    0.3847663383
  -3.0934637437    4.1378338392    0.3847663383
  -3.7751794018    3.2829894424    0.3847663383
  -1.0149690532    4.6122366888   -0.7367391688
  -2.1083560758    4.6122366888   -0.7367391688
  -3.0934637437    4.1378338392   -0.7367391688
  -3.7751794018    3.2829894424   -0.7367391688
  -4.0184809032    2.2170159153   -0.7367391688
  -0.7432055352    4.0091868225   -1.7471807159
  -1.8420534414    4.1671772998   -1.7471807159
  -2.8518792253    3.7060053167   -1.7471807159
  -3.4520703357    2.7720897193   -1.7471807159
  -1.0149690532    3.1639168530   -2.4464279624
  -2.1083560758    3.1639168530   -2.4464279624
  -2.6550495871    2.2170159153   -2.4464279624
  -2.1083560758    1.2701149775   -2.4464279624
  -1.5616625645    2.2170159153   -2.6959864152
   0.6502935015    1.7503595111    2.6324842576
   1.1669161352    2.6451761610    2.4269589954
   0.1336708678    2.6451761610    2.4269589954
   0.1336708678    0.8555428612    2.4269589954
   1.4433989878    3.4870182823    1.8416725669
   0.3785876760    3.6401150362    1.8416725669
   1.6835387689    1.7503595111   -2.5619904801
   1.1669161352    2.6451761610   -2.5619904801
   0.1336708678    2.6451761610   -2.5619904801
   0.6502935015    1.7503595111   -2.7675157424
   1.7699244127    0.9418912730    2.7179417289
   2.8031696801    0.9418912730    2.5124164667
   2.2865470464    1.8367079229    2.5124164667
   0.7366791453    0.9418912730    2.5124164667
   2.8031696801    0.9418912730   -2.4765330089
   2.2865470464    1.8367079229   -2.4765330089
   2.2865470464    0.0470746231   -2.4765330089
   1.7699244127    0.9418912730   -2.6820582711
   2.8710116050    1.4106104953    2.5549292162
   3.9643986276    1.4106104953    2.3053707633
   3.4177051163    2.3575114330    2.3053707633
   2.3243180937    2.3575114330    2.3053707633
   4.8412269408    1.4106104953    1.6061235169
   4.5284622167    2.4757893250    1.6061235169
   3.6894686343    3.2027814025    1.6061235169
   2.5906207281    3.3607718798    1.6061235169
   5.3278299437    1.4106104953    0.5956819698
   5.0845284422    2.4765840224    0.5956819698
   4.4028127842    3.3314284192    0.5956819698
   3.4177051163    3.8058312689    0.5956819698
   5.0845284422    0.3446369682    0.5956819698
   5.3278299437    1.4106104953   -0.5258235374
   5.0845284422    2.4765840224   -0.5258235374
   4.4028127842    3.3314284192   -0.5258235374
   3.4177051163    3.8058312689   -0.5258235374
   5.0845284422    0.3446369682   -0.5258235374
   4.8412269408    1.4106104953   -1.5362650845
   4.5284622167    2.4757893250   -1.5362650845
   3.6894686343    3.2027814025   -1.5362650845
   2.5906207281    3.3607718798   -1.5362650845
   3.9643986276    1.4106104953   -2.2355123309
   3.4177051163    2.3575114330   -2.2355123309
   2.3243180937    2.3575114330   -2.2355123309
   3.4177051163    0.4637095576   -2.2355123309
   2.8710116050    1.4106104953   -2.4850707838
   1.5390948852   -0.4078884814    2.7795911001
   1.0224722515    0.4869281685    2.5740658379
   1.5390948852   -0.4078884814   -2.6204088999
   1.6521069654   -1.3054673950    2.6653042483
   2.1687295991   -2.2002840449    2.6653042483
   3.4784577191   -3.0421261662    2.0800178197
   4.2406317928   -3.2557262772    1.2040747779
   5.3853522328   -1.3054673950    0.1708295105
   5.1798269706   -0.2722221276    0.1708295105
   4.5945405420   -3.2146557042    0.1708295105
   5.1798269706   -2.3387126624    0.1708295105
   4.2406317928   -3.2557262772   -0.8624157569
   2.1687295991   -2.2002840449   -2.3236452273
  -4.2686645653    2.1279735840   -1.0096124287
  -5.1195012254    1.5406834416   -1.0096124287
  -3.7689342623    1.9599132098   -2.0896124287
  -4.7277102374    1.5220548932   -2.0896124287
  -5.2975598355    0.6353516106   -2.0896124287
  -5.2975598355   -0.4186746110   -2.0896124287
  -2.4227180093    0.1083384998   -2.8802273009
  -2.9627180093    1.0436459359   -2.8802273009
  -4.0427180093    1.0436459359   -2.8802273009
  -4.5827180093    0.1083384998   -2.8802273009
  -4.0427180093   -0.8269689363   -2.8802273009
  -2.9627180093   -0.8269689363   -2.8802273009
  -3.5027180093    0.1083384998   -3.1696124287
  -4.4838293164   -2.2674695919    1.7840011956
  -5.7386711425   -1.8591752666    0.9933863234
  -5.1688215445   -2.7458785493    0.9933863234
  -4.2100455694   -3.1837368658    0.9933863234
  -6.0410636420   -0.8152403210   -0.0866136766
  -6.0410636420   -1.8490839907   -0.0866136766
  -5.5606125324   -2.7645070976   -0.0866136766
  -4.7097758724   -3.3517972400   -0.0866136766
  -5.7386711425   -1.8591752666   -1.1666136766
  -5.1688215445   -2.7458785493   -1.1666136766
  -4.2100455694   -3.1837368658   -1.1666136766
  -4.4838293164   -2.2674695919   -1.9572285487
  -3.5711747431    0.1815004497    2.9050271703
  -2.4911747431    0.1815004497    2.6156420425
  -3.0311747431    1.1168078858    2.6156420425
  -4.1111747431    1.1168078858    2.6156420425
  -4.6511747431    0.1815004497    2.6156420425
  -4.1111747431   -0.7538069863    2.6156420425
  -3.0311747431   -0.7538069863    2.6156420425
  -3.8373909961    2.0330751597    1.8250271703
  -4.7961669712    1.5952168432    1.8250271703
  -5.3660165693    0.7085135605    1.8250271703
  -5.3660165693   -0.3455126611    1.8250271703
  -4.3371212991    2.2011355339    0.7450271703
  -5.1879579591    1.6138453915    0.7450271703
  -5.6684090687    0.6984222846    0.7450271703
  -2.6322230720   -3.8844073976    1.9422378838
  -3.8870648982   -3.4761130724    1.1516230116
  -3.3172153001   -4.3628163550    1.1516230116
  -2.3584393250   -4.8006746715    1.1516230116
  -1.3151415705   -4.6506711003    1.1516230116
  -3.7090062880   -4.3814449034    0.0716230116
  -2.8581696280   -4.9687350458    0.0716230116
  -1.8318638426   -5.0933511296    0.0716230116
  -3.8870648982   -3.4761130724   -1.0083769884
  -3.3172153001   -4.3628163550   -1.0083769884
  -2.3584393250   -4.8006746715   -1.0083769884
  -1.3151415705   -4.6506711003   -1.0083769884
  -2.6322230720   -3.8844073976   -1.7989918605
   1.3916358305    3.6611310280    1.7594249628
   2.4252972003    3.7371543455    0.9688100906
   1.6287173320    4.4273947306    0.9688100906
   0.5854195775    4.5773983019    0.9688100906
  -0.3733563976    4.1395399853    0.9688100906
   2.0786556835    4.5034687422   -0.1111899094
   1.1119950599    4.8700747600   -0.1111899094
   0.0856892745    4.7454586761   -0.1111899094
   2.4252972003    3.7371543455   -1.1911899094
   1.6287173320    4.4273947306   -1.1911899094
   0.5854195775    4.5773983019   -1.1911899094
   1.3916358305    3.6611310280   -1.9818047815
   0.3116358305    3.6611310280   -1.9818047815
   3.2555212087   -1.0876657619    3.2229684512
   4.3355212087   -1.0876657619    2.9335833233
   3.7955212087   -0.1523583258    2.9335833233
   2.7155212087   -0.1523583258    2.9335833233
   2.1755212087   -1.0876657619    2.9335833233
   2.7155212087   -2.0229731980    2.9335833233
   3.7955212087   -2.0229731980    2.9335833233
   5.1261360809   -1.0876657619    2.1429684512
   4.8291825785   -0.0763350083    2.1429684512
   4.0326027101    0.6139053768    2.1429684512
   4.0326027101   -2.7892369006    2.1429684512
   4.8291825785   -2.0989965155    2.1429684512
   5.4155212087   -1.0876657619    1.0629684512
   5.1681062241   -0.0838637103    1.0629684512
   5.1681062241   -2.0914678135    1.0629684512
   1.7741449831   -3.2516267916    2.0779277991
   2.8541449831   -3.2516267916    2.0779277991
   2.0479287300   -4.1678940655    1.2873129269
   3.0912264845   -4.0178904942    1.2873129269
   1.5481984270   -4.3359544397    0.2073129269
   2.5745042124   -4.4605705235    0.2073129269
   3.5411648360   -4.0939645058    0.2073129269
   2.0479287300   -4.1678940655   -0.8726870731
   3.0912264845   -4.0178904942   -0.8726870731
   1.7741449831   -3.2516267916   -1.6633019453
   5.4848712233   -1.1767516592   -0.6910626304
   5.2374562388   -0.1729496076   -0.6910626304
   5.2374562388   -2.1805537108   -0.6910626304
   5.1954860955   -1.1767516592   -1.7710626304
   4.8985325931   -0.1654209056   -1.7710626304
   4.1019527248   -2.8783227979   -1.7710626304
   4.8985325931   -2.1880824128   -1.7710626304
   4.4048712233   -1.1767516592   -2.5616775026
   3.8648712233   -0.2414442231   -2.5616775026
   2.7848712233   -0.2414442231   -2.5616775026
   2.2448712233   -1.1767516592   -2.5616775026
   2.7848712233   -2.1120590953   -2.5616775026
   3.8648712233   -2.1120590953   -2.5616775026
   3.3248712233   -1.1767516592   -2.8510626304
  -3.8379935719   -1.3345181695    2.7196010448
  -5.1752139419   -0.9892063617    2.1986565118
  -4.5877724544   -1.9032831586    2.1986565118
  -3.5993980010   -2.3546586473    2.1986565118
  -5.8662653695   -0.9860941893    1.4005231824
  -5.8368646379    1.1093796550    0.4214677154
  -6.2290819456    0.0969500779    0.4214677154
  -5.1054011433    1.9117568860   -0.6204213506
  -5.8368646379    1.1093796550   -0.6204213506
  -6.2290819456    0.0969500779   -0.6204213506
  -5.8662653695    0.0942466466   -1.5994768176
  -5.8662653695   -0.9860941893   -1.5994768176
  -5.1752139419   -0.9892063617   -2.3976101469
  -4.5877724544   -1.9032831586   -2.3976101469
  -3.5993980010   -2.3546586473   -2.3976101469
  -3.8379935719   -1.3345181695   -2.9185546799
  -2.8119331419   -1.3345181695   -2.9185546799
  -1.9341466990   -0.8556643410    2.9711966953
  -2.4471769140   -1.7442587392   -2.8478811670
  -1.9341466990   -0.8556643410   -3.0288033047
  -1.4509491126   -2.0910105530    3.0521116193
  -0.9379188977   -1.2024161548    2.8711894817
  -2.4770095426   -2.0910105530    2.8711894817
  -1.9639793276   -2.9796049512    2.8711894817
  -3.3011996977   -2.6342931433    2.3502449487
  -2.7137582102   -3.5483699402    2.3502449487
  -1.7253837568   -3.9997454289    2.3502449487
  -3.3011996977   -2.6342931433   -2.2460217100
  -2.7137582102   -3.5483699402   -2.2460217100
  -1.7253837568   -3.9997454289   -2.2460217100
  -2.4770095426   -2.0910105530   -2.7669662430
  -1.9639793276   -2.9796049512   -2.7669662430
  -0.9379188977   -2.9796049512   -2.7669662430
  -1.4509491126   -2.0910105530   -2.9478883807
  -0.1435209633   -2.1530571063    3.1064206191
   0.8825394667   -2.1530571063    2.9254984814
  -0.6565511783   -1.2644627081    2.9254984814
  -0.6565511783   -3.0416515045    2.9254984814
   0.3695092517   -3.0416515045    2.9254984814
  -0.4179556074   -4.0617919822    2.4045539484
   0.6575499064   -3.9071576343    2.4045539484
   1.4787210792   -3.1956087625    2.4045539484
  -0.4150938771   -4.7369007843    1.6064206191
   0.6593287387   -4.6239744169    1.6064206191
  -0.9520372663   -4.9946971576    0.6273651521
   0.1290788240   -5.0948773166    0.6273651521
   1.1733788025   -4.7977483549    0.6273651521
   0.1290788240   -5.0948773166   -0.4145239139
   1.1733788025   -4.7977483549   -0.4145239139
  -0.4150938771   -4.7369007843   -1.3935793809
   0.6593287387   -4.6239744169   -1.3935793809
   1.5949313474   -4.0838039990   -1.3935793809
  -0.4179556074   -4.0617919822   -2.1917127103
   0.6575499064   -3.9071576343   -2.1917127103
   1.4787210792   -3.1956087625   -2.1917127103
   0.8825394667   -2.1530571063   -2.7126572433
  -0.6565511783   -3.0416515045   -2.7126572433
   0.3695092517   -3.0416515045   -2.7126572433
  -0.1435209633   -2.1530571063   -2.8935793809
   0.2444215439   -0.8657502825    3.0546146942
  -0.7816388860   -0.8657502825    2.8736925565
   0.7574517589   -1.7543446806   -2.7644631682
   0.2444215439   -0.8657502825   -2.9453853058
  -0.8259015067   -0.0297468171    2.9709017700
  -1.3389317217    0.8588475810    2.7899796324
   0.2001589233   -0.0297468171   -2.8481760923
  -0.8259015067   -0.0297468171   -3.0290982300
  -0.6909897267    1.3961023228    2.9006022583
  -1.2040199417    2.2846967210    2.7196801207
  -1.7170501567    1.3961023228    2.7196801207
  -0.1779595117    2.2846967210   -2.9184756040
  -1.7170501567    1.3961023228   -2.9184756040
  -0.1779595117    0.5075079246   -2.9184756040
  -0.6909897267    1.3961023228   -3.0993977417
  -1.0259057592    3.1449739226    2.4108762758
  -2.0974193698    3.1449739226    2.4108762758
  -2.6331761751    2.2170159153    2.4108762758
  -0.5717130708    3.9316587352    1.8039125721
  -1.5616625645    4.1969149026    1.8039125721
  -2.5516120582    3.9316587352    1.8039125721
  -3.2763053845    3.2069654089    1.8039125721
  -0.7622780309    4.6772685343    0.8955271954
  -1.8320633463    4.7897075018    0.8955271954
  -2.8550939100    4.4573047218    0.8955271954
  -3.6544784437    3.7375356547    0.8955271954
  -4.0919960992    2.7548549113    0.8955271954
  -1.3033111580    5.0050716089   -0.1759864152
  -2.3279189367    4.9101277161   -0.1759864152
  -3.2490395464    4.4514641516   -0.1759864152
  -3.9422705445    3.6910259713   -0.1759864152
  -4.3139872436    2.7315145651   -0.1759864152
  -0.7622780309    4.6772685343   -1.2475000259
  -1.8320633463    4.7897075018   -1.2475000259
  -2.8550939100    4.4573047218   -1.2475000259
  -3.6544784437    3.7375356547   -1.2475000259
  -4.0919960992    2.7548549113   -1.2475000259
  -0.5717130708    3.9316587352   -2.1558854026
  -1.5616625645    4.1969149026   -2.1558854026
  -2.5516120582    3.9316587352   -2.1558854026
  -3.2763053845    3.2069654089   -2.1558854026
  -3.5415615518    2.2170159153   -2.1558854026
  -1.0259057592    3.1449739226   -2.7628491063
  -2.0974193698    3.1449739226   -2.7628491063
  -2.6331761751    2.2170159153   -2.7628491063
  -2.0974193698    1.2890579080   -2.7628491063
  -1.5616625645    2.2170159153   -2.9759864152
   0.6502935015    1.7503595111    2.9324842576
   1.1633237165    2.6389539093    2.7515621200
   0.1372632865    2.6389539093    2.7515621200
   0.1372632865    0.8617651130    2.7515621200
   1.4513643712    3.5044600391    2.2306175870
   0.3758588573    3.6590943871    2.2306175870
   2.2725355440    2.7929111674   -2.3656490717
   1.4513643712    3.5044600391   -2.3656490717
   0.3758588573    3.6590943871   -2.3656490717
   1.6763539315    1.7503595111   -2.8865936047
   1.1633237165    2.6389539093   -2.8865936047
   0.1372632865    2.6389539093   -2.8865936047
   0.6502935015    1.7503595111   -3.0675157424
   1.7699244127    0.9418912730    3.0179417289
   2.7959848427    0.9418912730    2.8370195913
   2.2829546277    1.8304856712    2.8370195913
   0.7438639827    0.9418912730    2.8370195913
   2.7959848427    0.9418912730   -2.8011361334
   2.2829546277    1.8304856712   -2.8011361334
   2.2829546277    0.0532968748   -2.8011361334
   1.7699244127    0.9418912730   -2.9820582711
   2.8710116050    1.4106104953    2.8349292162
   3.9425252156    1.4106104953    2.6217919072
   3.4067684103    2.3385685026    2.6217919072
   2.3352547997    2.3385685026    2.6217919072
   4.8509105923    1.4106104953    2.0148282035
   4.5856544249    2.4005599890    2.0148282035
   3.8609610986    3.1252533152    2.0148282035
   2.8710116050    3.3905094826    2.0148282035
   5.4578742960    1.4106104953    1.1064428268
   5.2342282659    2.4627823423    1.1064428268
   4.6019606060    3.3330241184    1.1064428268
   3.6703961386    3.8708631144    1.1064428268
   2.6006108232    3.9833020818    1.1064428268
   5.2342282659    0.3584386482    1.1064428268
   5.6710116050    1.4106104953    0.0349292162
   5.4819338473    2.4220871606    0.0349292162
   4.9402365732    3.2969582975    0.0349292162
   4.1190790012    3.9170677111    0.0349292162
   3.1293630115    4.1986661889    0.0349292162
   5.4819338473    0.3991338300    0.0349292162
   5.4578742960    1.4106104953   -1.0365843944
   5.2342282659    2.4627823423   -1.0365843944
   4.6019606060    3.3330241184   -1.0365843944
   3.6703961386    3.8708631144   -1.0365843944
   5.2342282659    0.3584386482   -1.0365843944
   4.8509105923    1.4106104953   -1.9449697711
   4.5856544249    2.4005599890   -1.9449697711
   3.8609610986    3.1252533152   -1.9449697711
   2.8710116050    3.3905094826   -1.9449697711
   3.9425252156    1.4106104953   -2.5519334748
   3.4067684103    2.3385685026   -2.5519334748
   3.4067684103    0.4826524880   -2.5519334748
   2.8710116050    1.4106104953   -2.7650707838
   1.5390948852   -0.4078884814    3.0795911001
   1.0260646702    0.4807059167    2.8986689624
   1.5390948852   -0.4078884814   -2.9204088999
   1.6592918028   -1.3054673950    2.9899073729
   2.1723220178   -2.1940617932    2.9899073729
   2.4109175886   -3.2142022709    2.4689628399
   3.4864231025   -3.0595679230    2.4689628399
   4.4238045435   -3.2362142877    1.6708295105
   5.6397754918   -1.3054673950    0.6917740435
   4.8686973665   -3.2958494741    0.6917740435
   5.4402698757   -2.3727281757    0.6917740435
   4.0022519985   -3.9501586436   -0.3501150225
   4.8686973665   -3.2958494741   -0.3501150225
   5.4402698757   -2.3727281757   -0.3501150225
   3.4882019348   -3.7763847056   -1.3291704895
   4.4238045435   -3.2362142877   -1.3291704895
   2.4109175886   -3.2142022709   -2.1273038188
   2.1723220178   -2.1940617932   -2.6482483518
  -4.0233784963    2.3895011413   -1.5436626702
  -4.9615762752    1.9376889035   -1.5436626702
  -5.6108292829    1.1235513828   -1.5436626702
  -3.7697569397    1.9656350565   -2.5059879532
  -4.7314957816    1.5264236440   -2.5059879532
  -5.3031063629    0.6369802180   -2.5059879532
  -5.3031063629   -0.4203032184   -2.5059879532
  -2.4613970354    0.1083384998   -3.1719377117
  -2.9820575224    1.0101489167   -3.1719377117
  -4.0233784963    1.0101489167   -3.1719377117
  -4.5440389832    0.1083384998   -3.1719377117
  -4.0233784963   -0.7934719171   -3.1719377117
  -2.9820575224   -0.7934719171   -3.1719377117
  -3.5027180093    0.1083384998   -3.4096124287
  -4.4644898033   -2.2339725727    2.0757116064
  -5.7442176699   -1.8608038740    1.4097618479
  -5.1726070886   -2.7502473001    1.4097618479
  -4.2108682467   -3.1894587125    1.4097618479
  -6.2836563056   -1.3321621558    0.4474365649
  -6.0519405899   -2.3473750388    0.4474365649
  -5.4026875823   -3.1615125596    0.4474365649
  -4.4644898033   -3.6133247973    0.4474365649
  -6.2836563056   -1.3321621558   -0.6206639181
  -6.0519405899   -2.3473750388   -0.6206639181
  -5.4026875823   -3.1615125596   -0.6206639181
  -4.4644898033   -3.6133247973   -0.6206639181
  -5.7442176699   -1.8608038740   -1.5829892010
  -5.1726070886   -2.7502473001   -1.5829892010
  -4.2108682467   -3.1894587125   -1.5829892010
  -4.4644898033   -2.2339725727   -2.2489389595
  -3.5711747431    0.1815004497    3.1450271703
  -2.5298537692    0.1815004497    2.9073524533
  -3.0505142561    1.0833108666    2.9073524533
  -4.0918352300    1.0833108666    2.9073524533
  -4.6124957169    0.1815004497    2.9073524533
  -4.0918352300   -0.7203099671    2.9073524533
  -3.0505142561   -0.7203099671    2.9073524533
  -3.8382136734    2.0387970064    2.2414026948
  -4.7999525153    1.5995855940    2.2414026948
  -5.3715630966    0.7101421679    2.2414026948
  -5.3715630966   -0.3471412684    2.2414026948
  -4.0918352300    2.4626630912    1.2790774118
  -5.0300330090    2.0108508535    1.2790774118
  -5.6792860166    1.1967133327    1.2790774118
  -5.0300330090    2.0108508535    0.2109769289
  -2.6128835589   -3.8509103784    2.2339482946
  -3.8926114255   -3.4777416797    1.5679985361
  -3.3210008442   -4.3671851058    1.5679985361
  -2.3592620024   -4.8063965182    1.5679985361
  -4.2003343456   -3.9643128445    0.6056732531
  -3.5510813379   -4.7784503653    0.6056732531
  -2.6128835589   -5.2302626030    0.6056732531
  -1.5715625850   -5.2302626030    0.6056732531
  -4.2003343456   -3.9643128445   -0.4624272299
  -3.5510813379   -4.7784503653   -0.4624272299
  -2.6128835589   -5.2302626030   -0.4624272299
  -1.5715625850   -5.2302626030   -0.4624272299
  -3.8926114255   -3.4777416797   -1.4247525128
  -3.3210008442   -4.3671851058   -1.4247525128
  -2.3592620024   -4.8063965182   -1.4247525128
  -2.6128835589   -3.8509103784   -2.0907022713
   1.6311187156    4.4326530273    1.3851856151
   0.5845969002    4.5831201486    1.3851856151
   2.3104940964    4.5551739956    0.4228603321
   1.3722963175    5.0069862334    0.4228603321
   0.3309753436    5.0069862334    0.4228603321
   2.3104940964    4.5551739956   -0.6452401509
   1.3722963175    5.0069862334   -0.6452401509
   0.3309753436    5.0069862334   -0.6452401509
   2.4301602226    3.7402796202   -1.6075654338
   1.6311187156    4.4326530273   -1.6075654338
   0.5845969002    4.5831201486   -1.6075654338
   3.2555212087   -1.0876657619    3.4629684512
   4.2968421826   -1.0876657619    3.2252937341
   3.7761816956   -0.1858553450    3.2252937341
   2.7348607218   -0.1858553450    3.2252937341
   2.2142002348   -1.0876657619    3.2252937341
   2.7348607218   -1.9894761788    3.2252937341
   3.7761816956   -1.9894761788    3.2252937341
   5.1319167666   -1.0876657619    2.5593439756
   4.8340456008   -0.0732097336    2.5593439756
   4.0350040938    0.6191636735    2.5593439756
   4.0350040938   -2.7944951973    2.5593439756
   4.8340456008   -2.1021217902    2.5593439756
   5.5953481979   -1.0876657619    1.5970186927
   5.3636324823   -0.0724528789    1.5970186927
   5.3636324823   -2.1028786449    1.5970186927
   1.7934844961   -3.2181297724    2.3696382098
   2.0471060527   -4.1736159122    1.7036884513
   3.0936278681   -4.0231487909    1.7036884513
   1.7934844961   -4.5974819970    0.7413631684
   2.8348054700   -4.5974819970    0.7413631684
   3.7730032490   -4.1456697592    0.7413631684
   1.7934844961   -4.5974819970   -0.3267373146
   2.8348054700   -4.5974819970   -0.3267373146
   3.7730032490   -4.1456697592   -0.3267373146
   2.0471060527   -4.1736159122   -1.2890625976
   3.0936278681   -4.0231487909   -1.2890625976
   5.6646982126   -1.1767516592   -0.1570123889
   5.6646982126   -1.1767516592   -1.2251128719
   5.4329824969   -0.1615387762   -1.2251128719
   4.7837294892   -3.0061020629   -1.2251128719
   5.4329824969   -2.1919645422   -1.2251128719
   5.2012667813   -1.1767516592   -2.1874381549
   4.9033956154   -0.1622956309   -2.1874381549
   4.1043541084   -2.8835810946   -2.1874381549
   4.9033956154   -2.1912076875   -2.1874381549
   4.3661921972   -1.1767516592   -2.8533879134
   3.8455317103   -0.2749412423   -2.8533879134
   2.8042107364   -0.2749412423   -2.8533879134
   2.2835502495   -1.1767516592   -2.8533879134
   2.8042107364   -2.0785620761   -2.8533879134
   3.8455317103   -2.0785620761   -2.8533879134
   3.3248712233   -1.1767516592   -3.0910626304
