#! FIELDS phi psi file.free der_phi der_psi
#! SET min_phi -pi
#! SET max_phi pi
#! SET nbins_phi  36
#! SET periodic_phi true
#! SET min_psi -pi
#! SET max_psi pi
#! SET nbins_psi  36
#! SET periodic_psi true
   -3.141592654   -3.141592654  -49.425337424  -55.192169923   17.130037683
   -2.967059728   -3.141592654  -57.985305268  -41.733270540   18.865528855
   -2.792526803   -3.141592654  -63.694057378  -23.287411617   19.754133239
   -2.617993878   -3.141592654  -66.128213447   -5.096504731   20.032918749
   -2.443460953   -3.141592654  -65.768011526    8.108697318   19.986696091
   -2.268928028   -3.141592654  -63.726989623   14.050323081   19.926229193
   -2.094395102   -3.141592654  -61.237187387   13.657779431   20.251093346
   -1.919862177   -3.141592654  -59.128136355   10.396983495   21.439685629
   -1.745329252   -3.141592654  -57.521357435    8.584774035   23.842337817
   -1.570796327   -3.141592654  -55.856158508   11.398594628   27.370109108
   -1.396263402   -3.141592654  -53.229938645   19.447095995   31.316903527
   -1.221730476   -3.141592654  -48.887101374   30.502141251   34.517470809
   -1.047197551   -3.141592654  -42.628380044   40.660258156   35.806298936
   -0.872664626   -3.141592654  -34.948041658   46.291735833   34.508219773
   -0.698131701   -3.141592654  -26.831795597   45.549259948   30.682161915
   -0.523598776   -3.141592654  -19.393796521   38.716610146   24.983090391
   -0.349065850   -3.141592654  -13.564166141   27.450002709   18.297472642
   -0.174532925   -3.141592654   -9.953068257   13.563917573   11.352044254
    0.000000000   -3.141592654   -8.888892668   -1.504040190    4.557589650
    0.174532925   -3.141592654  -10.461355240  -16.380030215   -1.907921909
    0.349065850   -3.141592654  -14.463454013  -28.922196697   -7.845400898
    0.523598776   -3.141592654  -20.227319849  -36.004712808  -12.853118320
    0.698131701   -3.141592654  -26.522257255  -34.619777343  -16.351358651
    0.872664626   -3.141592654  -31.738939838  -23.728190038  -17.828115340
    1.047197551   -3.141592654  -34.376890808   -5.731728967  -17.171260536
    1.221730476   -3.141592654  -33.636858254   13.952673236  -14.811370810
    1.396263402   -3.141592654  -29.770571707   29.189853929  -11.550870128
    1.570796327   -3.141592654  -23.959224490   35.810886984   -8.216448491
    1.745329252   -3.141592654  -17.829667784   32.961474952   -5.319785477
    1.919862177   -3.141592654  -12.901621570   22.490953078   -2.936866413
    2.094395102   -3.141592654  -10.258040085    7.253868659   -0.799580920
    2.268928028   -3.141592654  -10.501543373  -10.239598316    1.499307499
    2.443460953   -3.141592654  -13.852563179  -28.046371996    4.277065897
    2.617993878   -3.141592654  -20.194487364  -44.123734653    7.582904580
    2.792526803   -3.141592654  -28.997755129  -55.793508738   11.146792354
    2.967059728   -3.141592654  -39.231065649  -60.111887014   14.482916253

   -3.141592654   -2.967059728  -45.875919421  -52.512822077   23.096508286
   -2.967059728   -2.967059728  -54.068093154  -40.197850572   25.515961094
   -2.792526803   -2.967059728  -59.600140378  -22.754576566   26.620454685
   -2.617993878   -2.967059728  -62.004540285   -5.224015628   26.678589620
   -2.443460953   -2.967059728  -61.693651115    7.745120762   26.178068078
   -2.268928028   -2.967059728  -59.702589534   13.922995793   25.696631057
   -2.094395102   -2.967059728  -57.177665592   14.268621017   25.802225126
   -1.919862177   -2.967059728  -54.866999353   12.140792804   26.932425804
   -1.745329252   -2.967059728  -52.850696667   11.495608725   29.199446632
   -1.570796327   -2.967059728  -50.610085216   14.942680771   32.212226611
   -1.396263402   -2.967059728  -47.383965645   22.577753923   35.075662270
   -1.221730476   -2.967059728  -42.619564638   32.026647833   36.661880697
   -1.047197551   -2.967059728  -36.301052539   39.744180695   36.063307392
   -0.872664626   -2.967059728  -29.009260682   42.802856171   32.974825003
   -0.698131701   -2.967059728  -21.690110003   40.037036056   27.781908281
   -0.523598776   -2.967059728  -15.326193579   32.082461897   21.308903651
   -0.349065850   -2.967059728  -10.691119413   20.515691777   14.432503747
   -0.174532925   -2.967059728   -8.278406603    6.824151717    7.744073817
    0.000000000   -2.967059728   -8.359044077   -7.868473929    1.488845763
    0.174532925   -2.967059728  -11.002826489  -22.265784399   -4.273395645
    0.349065850   -2.967059728  -15.972989113  -34.058603904   -9.390922062
    0.523598776   -2.967059728  -22.531784258  -39.874136514  -13.462962381
    0.698131701   -2.967059728  -29.348728435  -36.637259810  -15.932182896
    0.872664626   -2.967059728  -34.731909012  -23.598794966  -16.372070969
    1.047197551   -2.967059728  -37.174229885   -3.701946363  -14.819142496
    1.221730476   -2.967059728  -35.966595145   17.137344537  -11.865605953
    1.396263402   -2.967059728  -31.511046093   32.616591797   -8.415692333
    1.570796327   -2.967059728  -25.132753511   38.807308293   -5.280294796
    1.745329252   -2.967059728  -18.535987270   35.327814689   -2.832594238
    1.919862177   -2.967059728  -13.234467080   24.470905653   -0.935428391
    2.094395102   -2.967059728  -10.244771458    9.324521123    0.890956469
    2.268928028   -2.967059728  -10.084662385   -7.624399713    3.199085011
    2.443460953   -2.967059728  -12.913479042  -24.672096762    6.363418831
    2.617993878   -2.967059728  -18.607824722  -40.135561273   10.411091700
    2.792526803   -2.967059728  -26.693709934  -51.669102746   14.981893344
    2.967059728   -2.967059728  -36.239262626  -56.466536821   19.435507499

   -3.141592654   -2.792526803  -41.526729445  -49.169006861   26.218545372
   -2.967059728   -2.792526803  -49.263113891  -38.338103940   28.946703167
   -2.792526803   -2.792526803  -54.596784399  -22.290721566   30.071784037
   -2.617993878   -2.792526803  -57.010538438   -5.697340056   29.896574889
   -2.443460953   -2.792526803  -56.816776153    6.991999892   29.071379659
   -2.268928028   -2.792526803  -54.931795351   13.563997520   28.365145519
   -2.094395102   -2.792526803  -52.394939346   14.830378533   28.418828470
   -1.919862177   -2.792526803  -49.888033987   13.825508623   29.542837158
   -1.745329252   -2.792526803  -47.495673901   14.031064181   31.573154180
   -1.570796327   -2.792526803  -44.791304467   17.560638169   33.857846889
   -1.396263402   -2.792526803  -41.177870804   24.219796934   35.431818803
   -1.221730476   -2.792526803  -36.284677228   31.740628941   35.355747389
   -1.047197551   -2.792526803  -30.222683397   37.082542078   33.092243673
   -0.872664626   -2.792526803  -23.591837014   37.990125776   28.718936514
   -0.698131701   -2.792526803  -17.248672645   33.815042876   22.853302114
   -0.523598776   -2.792526803  -12.028422793   25.344775595   16.335270948
   -0.349065850   -2.792526803   -8.563192352   13.935784043    9.892692756
   -0.174532925   -2.792526803   -7.260467608    0.714683884    3.916734327
    0.000000000   -2.792526803   -8.362013364  -13.457205315   -1.494343810
    0.174532925   -2.792526803  -11.933238869  -27.281265247   -6.337494834
    0.349065850   -2.792526803  -17.711717191  -38.231408287  -10.462928867
    0.523598776   -2.792526803  -24.890309970  -42.705700111  -13.478892178
    0.698131701   -2.792526803  -32.046753795  -37.619548634  -14.900617144
    0.872664626   -2.792526803  -37.425450497  -22.570653463  -14.433413396
    1.047197551   -2.792526803  -39.537932278   -1.055677661  -12.253216438
    1.221730476   -2.792526803  -37.786964677   20.562279689   -9.037123692
    1.396263402   -2.792526803  -32.733516309   35.909261000   -5.684132023
    1.570796327   -2.792526803  -25.837257625   41.399710020   -2.911233057
    1.745329252   -2.792526803  -18.854900383   37.194144991   -0.944583002
    1.919862177   -2.792526803  -13.261832205   26.040608679    0.507771350
    2.094395102   -2.792526803   -9.978980364   11.215354821    2.046059247
    2.268928028   -2.792526803   -9.421140358   -4.892109036    4.282600153
    2.443460953   -2.792526803  -11.681069100  -20.885028134    7.596746810
    2.617993878   -2.792526803  -16.632998463  -35.486268149   11.987083874
    2.792526803   -2.792526803  -23.870623859  -46.723927320   17.044446173
    2.967059728   -2.792526803  -32.581467140  -51.984232713   22.053469191

   -3.141592654   -2.617993878  -36.889661841  -45.620943902   26.420220682
   -2.967059728   -2.617993878  -44.149129537  -36.452762103   29.091332820
   -2.792526803   -2.617993878  -49.298364718  -22.005797360   30.041653082
   -2.617993878   -2.617993878  -51.764741444   -6.462486718   29.602930670
   -2.443460953   -2.617993878  -51.737019445    5.997536483   28.531681934
   -2.268928028   -2.617993878  -49.986791308   13.124186230   27.702199682
   -2.094395102   -2.617993878  -47.440717906   15.416435341   27.753209677
   -1.919862177   -2.617993878  -44.739745527   15.414606188   28.841780517
   -1.745329252   -2.617993878  -42.018566479   16.082032778   30.569393884
   -1.570796327   -2.617993878  -38.980557019   19.169715876   32.117703162
   -1.396263402   -2.617993878  -35.195654097   24.436924915   32.553863466
   -1.221730476   -2.617993878  -30.435919220   29.937957024   31.185232507
   -1.047197551   -2.617993878  -24.874509738   33.200614623   27.825693752
   -0.872664626   -2.617993878  -19.070743415   32.524535766   22.842026122
   -0.698131701   -2.617993878  -13.762421107   27.564224929   16.954831691
   -0.523598776   -2.617993878   -9.645038927   19.070538758   10.910873842
   -0.349065850   -2.617993878   -7.240730474    8.104509614    5.239891487
   -0.174532925   -2.617993878   -6.904933916   -4.524170370    0.155627344
    0.000000000   -2.617993878   -8.870283622  -18.118076468   -4.322712129
    0.174532925   -2.617993878  -13.201650705  -31.303753505   -8.182413369
    0.349065850   -2.617993878  -19.608704949  -41.338923333  -11.252394857
    0.523598776   -2.617993878  -27.218994671  -44.463527130  -13.183361963
    0.698131701   -2.617993878  -34.536422339  -37.657697835  -13.623625899
    0.872664626   -2.617993878  -39.768528243  -20.882598725  -12.449707170
    1.047197551   -2.617993878  -41.468272097    1.871450518   -9.954121442
    1.221730476   -2.617993878  -39.157861961   23.899111761   -6.813128770
    1.396263402   -2.617993878  -33.546921488   38.848100714   -3.814328747
    1.570796327   -2.617993878  -26.206895170   43.519698877   -1.512083040
    1.745329252   -2.617993878  -18.921357556   38.608546619    0.009010170
    1.919862177   -2.617993878  -13.106463035   27.275099165    1.122143869
    2.094395102   -2.617993878   -9.575321652   12.928830690    2.444839621
    2.268928028   -2.617993878   -8.637079585   -2.185041028    4.561047634
    2.443460953   -2.617993878  -10.321210853  -16.999082679    7.809836763
    2.617993878   -2.617993878  -14.504473425  -30.640198519   12.164927134
    2.792526803   -2.617993878  -20.852893056  -41.510651901   17.214311285
    2.967059728   -2.617993878  -28.679906038  -47.217486991   22.242216122

   -3.141592654   -2.443460953  -32.458165407  -42.271100297   23.933022487
   -2.967059728   -2.443460953  -39.276991261  -34.791177989   26.269216977
   -2.792526803   -2.443460953  -44.284319160  -21.981600267   26.930322395
   -2.617993878   -2.443460953  -46.849047442   -7.477967908   26.248154755
   -2.443460953   -2.443460953  -47.024413818    4.840403797   25.003335093
   -2.268928028   -2.443460953  -45.426976501   12.636034955   24.081410544
   -2.094395102   -2.443460953  -42.875699494   15.980161433   24.071134382
   -1.919862177   -2.443460953  -39.995292762   16.825144071   25.010705248
   -1.745329252   -2.443460953  -37.003029627   17.630562959   26.373906597
   -1.570796327   -2.443460953  -33.750846769   19.924647993   27.298833106
   -1.396263402   -2.443460953  -29.963523352   23.612838000   26.953684906
   -1.221730476   -2.443460953  -25.513982622   27.202773643   24.866754087
   -1.047197551   -2.443460953  -20.584922707   28.778751038   21.092027818
   -0.872664626   -2.443460953  -15.656831624   27.049356299   16.140286898
   -0.698131701   -2.443460953  -11.341404849   21.782749297   10.718729979
   -0.523598776   -2.443460953   -8.215595454   13.567333984    5.436221802
   -0.349065850   -2.443460953   -6.724813908    3.164157307    0.651066845
   -0.174532925   -2.443460953   -7.197593479   -8.846867640   -3.528699938
    0.000000000   -2.443460953   -9.864859115  -21.832938511   -7.093548314
    0.174532925   -2.443460953  -14.785702500  -34.312549446   -9.989581456
    0.349065850   -2.443460953  -21.639067568  -43.382032595  -12.043361823
    0.523598776   -2.443460953  -29.498915180  -45.225671952  -12.999916837
    0.698131701   -2.443460953  -36.822606377  -36.950843193  -12.681337367
    0.872664626   -2.443460953  -41.810990508  -18.844317889  -11.127418416
    1.047197551   -2.443460953  -43.073713220    4.733812043   -8.678668445
    1.221730476   -2.443460953  -40.243562824   26.871803873   -5.906861460
    1.396263402   -2.443460953  -34.151297072   41.308988756   -3.399834847
    1.570796327   -2.443460953  -26.448463392   45.210053456   -1.520694065
    1.745329252   -2.443460953  -18.924063798   39.720735912   -0.258955959
    1.919862177   -2.443460953  -12.929108787   28.326354848    0.739669136
    2.094395102   -2.443460953   -9.175494159   14.516729697    1.998637318
    2.268928028   -2.443460953   -7.878823384    0.385463268    3.993676368
    2.443460953   -2.443460953   -9.015066178  -13.299617849    6.995560633
    2.617993878   -2.443460953  -12.466281036  -26.022880588   10.974475041
    2.792526803   -2.443460953  -17.966527956  -36.530437132   15.572982862
    2.967059728   -2.443460953  -24.948654124  -42.660361504   20.151545822

   -3.141592654   -2.268928028  -28.664950084  -39.424363306   19.172236499
   -2.967059728   -2.268928028  -35.118722784  -33.494686746   20.990867011
   -2.792526803   -2.268928028  -40.036816135  -22.200637053   21.356453766
   -2.617993878   -2.268928028  -42.733560885   -8.640297654   20.554283869
   -2.443460953   -2.268928028  -43.131443265    3.600937162   19.282439818
   -2.268928028   -2.268928028  -41.699291540   12.075509819   18.327380522
   -2.094395102   -2.268928028  -39.160711601   16.395422809   18.183271589
   -1.919862177   -2.268928028  -36.139997392   17.924337932   18.824017601
   -1.745329252   -2.268928028  -32.948026714   18.675641616   19.723601048
   -1.570796327   -2.268928028  -29.581741999   20.058263706   20.103573875
   -1.396263402   -2.268928028  -25.898689946   22.220644690   19.284243709
   -1.221730476   -2.268928028  -21.838904399   24.153019764   16.962247957
   -1.047197551   -2.268928028  -17.564164128   24.431263039   13.306124995
   -0.872664626   -2.268928028  -13.463130268   22.045952905    8.839534200
   -0.698131701   -2.268928028  -10.031073482   16.760574044    4.179997457
   -0.523598776   -2.268928028   -7.750633779    8.953415221   -0.198629297
   -0.349065850   -2.268928028   -7.015441000   -0.868986794   -4.053010309
   -0.174532925   -2.268928028   -8.139230827  -12.269736203   -7.314435150
    0.000000000   -2.268928028  -11.349552408  -24.619998961   -9.954690315
    0.174532925   -2.268928028  -16.693847593  -36.350448998  -11.903837238
    0.349065850   -2.268928028  -23.824816235  -44.484642906  -13.047813334
    0.523598776   -2.268928028  -31.784272567  -45.241993219  -13.281509655
    0.698131701   -2.268928028  -39.014055684  -35.867661790  -12.600461788
    0.872664626   -2.268928028  -43.731293838  -16.869217698  -11.133233057
    1.047197551   -2.268928028  -44.600474305    7.188513768   -9.142525151
    1.221730476   -2.268928028  -41.336199974   29.310966556   -6.972738802
    1.396263402   -2.268928028  -34.849561091   43.338695542   -4.948392823
    1.570796327   -2.268928028  -26.840035448   46.696466467   -3.263100895
    1.745329252   -2.268928028  -19.093091424   40.835293319   -1.905724227
    1.919862177   -2.268928028  -12.908627121   29.456881276   -0.667030847
    2.094395102   -2.268928028   -8.923677615   16.101524532    0.769052186
    2.268928028   -2.268928028   -7.285206170    2.755007674    2.703423092
    2.443460953   -2.268928028   -7.928842154  -10.030679518    5.326164210
    2.617993878   -2.268928028  -10.739785203  -22.010798209    8.636469141
    2.792526803   -2.268928028  -15.505087291  -32.220805917   12.394868584
    2.967059728   -2.268928028  -21.756714018  -38.726198889   16.118978116

   -3.141592654   -2.094395102  -25.855484916  -37.305458370   12.770630101
   -2.967059728   -2.094395102  -32.043619745  -32.606630323   13.983850689
   -2.792526803   -2.094395102  -36.916839270  -22.532926017   14.154817062
   -2.617993878   -2.094395102  -39.747278081   -9.733255885   13.474916019
   -2.443460953   -2.094395102  -40.351170136    2.453510718   12.444423845
   -2.268928028   -2.094395102  -39.077671611   11.478278287   11.625884544
   -2.094395102   -2.094395102  -36.576792248   16.553373721   11.354261213
   -1.919862177   -2.094395102  -33.480332843   18.550762330   11.569969558
   -1.745329252   -2.094395102  -30.182992065   19.137051669   11.851223607
   -1.570796327   -2.094395102  -26.801984977   19.667453184   11.614406797
   -1.396263402   -2.094395102  -23.296402501   20.539614528   10.385833335
   -1.221730476   -2.094395102  -19.646798745   21.168590552    8.005123986
   -1.047197551   -2.094395102  -15.981682422   20.523372337    4.679180904
   -0.872664626   -2.094395102  -12.603034275   17.781280597    0.872249995
   -0.698131701   -2.094395102   -9.908410423   12.650721916   -2.913095224
   -0.523598776   -2.094395102   -8.307597594    5.309000981   -6.309951992
   -0.349065850   -2.094395102   -8.158189691   -3.930176633   -9.142868502
   -0.174532925   -2.094395102   -9.763295225  -14.718858419  -11.359447094
    0.000000000   -2.094395102  -13.345864016  -26.426033992  -12.945899461
    0.174532925   -2.094395102  -18.945266624  -37.457755439  -13.897200908
    0.349065850   -2.094395102  -26.205713641  -44.852264551  -14.246133059
    0.523598776   -2.094395102  -34.166804584  -44.899255608  -14.077977275
    0.698131701   -2.094395102  -41.281591189  -34.909772745  -13.515709397
    0.872664626   -2.094395102  -45.788398712  -15.440501506  -12.651237268
    1.047197551   -2.094395102  -46.379503569    8.915613841  -11.514967354
    1.221730476   -2.094395102  -42.801073315   31.151477170  -10.106660580
    1.396263402   -2.094395102  -35.995361612   45.128601716   -8.455739917
    1.570796327   -2.094395102  -27.685018124   48.344442633   -6.644692006
    1.745329252   -2.094395102  -19.661991181   42.364980557   -4.777058120
    1.919862177   -2.094395102  -13.211510193   31.003790355   -2.912020562
    2.094395102   -2.094395102   -8.940617503   17.860963001   -1.034851392
    2.268928028   -2.094395102   -6.962495442    4.910853348    0.934670754
    2.443460953   -2.094395102   -7.186842875   -7.380249664    3.103048905
    2.617993878   -2.094395102   -9.494233557  -18.919927137    5.527600040
    2.792526803   -2.094395102  -13.699205412  -28.955987051    8.140178065
    2.967059728   -2.094395102  -19.398753488  -35.759990137   10.689759282

   -3.141592654   -1.919862177  -24.247136279  -36.042122196    5.548589246
   -2.967059728   -1.919862177  -30.276571841  -32.079374311    6.153043807
   -2.792526803   -1.919862177  -35.125130992  -22.756020062    6.287502713
   -2.617993878   -1.919862177  -38.042104295  -10.438723864    6.019795918
   -2.443460953   -1.919862177  -38.780695094    1.686438328    5.560440177
   -2.268928028   -1.919862177  -37.619828205   10.994655166    5.135894791
   -2.094395102   -1.919862177  -35.170682322   16.431308943    4.842308217
   -1.919862177   -1.919862177  -32.078944459   18.558788782    4.573284904
   -1.745329252   -1.919862177  -28.799773960   18.842374860    4.059108167
   -1.570796327   -1.919862177  -25.529475587   18.635647039    2.984367730
   -1.396263402   -1.919862177  -22.287533885   18.537123200    1.140201823
   -1.221730476   -1.919862177  -19.068546869   18.275142795   -1.464824325
   -1.047197551   -1.919862177  -15.962005018   17.095433802   -4.582283724
   -0.872664626   -1.919862177  -13.194427267   14.290054227   -7.804068929
   -0.698131701   -1.919862177  -11.084557346    9.501099078  -10.722684752
   -0.523598776   -1.919862177   -9.985292778    2.733528182  -13.049288879
   -0.349065850   -1.919862177  -10.228366774   -5.849243374  -14.665540488
   -0.174532925   -1.919862177  -12.111167772  -15.985626750  -15.569518755
    0.000000000   -1.919862177  -15.861264751  -27.088047258  -15.845743651
    0.174532925   -1.919862177  -21.530479750  -37.618391253  -15.660245731
    0.349065850   -1.919862177  -28.787449112  -44.680414492  -15.270620360
    0.523598776   -1.919862177  -36.704166936  -44.587396877  -14.960497278
    0.698131701   -1.919862177  -43.760963302  -34.559219666  -14.905234902
    0.872664626   -1.919862177  -48.199571028  -14.984951605  -15.032823598
    1.047197551   -1.919862177  -48.687919499    9.673098966  -15.018890497
    1.221730476   -1.919862177  -44.936527752   32.394441882  -14.449805949
    1.396263402   -1.919862177  -37.867110524   46.894926768  -13.065169029
    1.570796327   -1.919862177  -29.211684184   50.494100540  -10.899519916
    1.745329252   -1.919862177  -20.796883111   44.664196390   -8.256367237
    1.919862177   -1.919862177  -13.947510077   33.246164848   -5.535950209
    2.094395102   -1.919862177   -9.297949230   19.947933187   -3.068217504
    2.268928028   -1.919862177   -6.967938801    6.865343019   -1.008170358
    2.443460953   -1.919862177   -6.855767149   -5.464980801    0.668827230
    2.617993878   -1.919862177   -8.825956361  -16.966050471    2.089559018
    2.792526803   -1.919862177  -12.688026045  -27.000528284    3.381161549
    2.967059728   -1.919862177  -18.059064161  -34.000780744    4.569485306

   -3.141592654   -1.745329252  -23.893329015  -35.642589808   -1.406772504
   -2.967059728   -1.745329252  -29.863170378  -31.809790923   -1.303783041
   -2.792526803   -1.745329252  -34.678761717  -22.648913877   -1.034548400
   -2.617993878   -1.745329252  -37.589261199  -10.464024117   -0.667532753
   -2.443460953   -1.745329252  -38.339832616    1.581039153   -0.323774622
   -2.268928028   -1.745329252  -37.203774093   10.810180626   -0.167881233
   -2.094395102   -1.745329252  -34.800381127   16.068630019   -0.392188018
   -1.919862177   -1.745329252  -31.800176832   17.839765755   -1.178809623
   -1.745329252   -1.745329252  -28.692098359   17.571647609   -2.648957427
   -1.570796327   -1.745329252  -25.702203089   16.684224137   -4.829353066
   -1.396263402   -1.745329252  -22.860228326   15.924322437   -7.624503260
   -1.221730476   -1.745329252  -20.140787518   15.212103662  -10.803885346
   -1.047197551   -1.745329252  -17.582247515   13.949740436  -14.016122397
   -0.872664626   -1.745329252  -15.340745434   11.474151526  -16.849627057
   -0.698131701   -1.745329252  -13.668858769    7.345871418  -18.945766619
   -0.523598776   -1.745329252  -12.874567011    1.403653133  -20.079611380
   -0.349065850   -1.745329252  -13.275680725   -6.340903692  -20.219683059
   -0.174532925   -1.745329252  -15.178922126  -15.756779580  -19.490992765
    0.000000000   -1.745329252  -18.842405549  -26.370255857  -18.175029257
    0.174532925   -1.745329252  -24.368347932  -36.759237953  -16.692852371
    0.349065850   -1.745329252  -31.492611097  -44.082652030  -15.555968418
    0.523598776   -1.745329252  -39.351709548  -44.554448294  -15.209592574
    0.698131701   -1.745329252  -46.455312568  -35.096587308  -15.801616472
    0.872664626   -1.745329252  -51.012231543  -15.715089265  -17.019663299
    1.047197551   -1.745329252  -51.599757194    9.372967857  -18.152792895
    1.221730476   -1.745329252  -47.820893808   33.073354714  -18.393534383
    1.396263402   -1.745329252  -40.529838813   48.746700647  -17.239992593
    1.570796327   -1.745329252  -31.463715940   53.271867405  -14.721050621
    1.745329252   -1.745329252  -22.521086454   47.834652984  -11.353474234
    1.919862177   -1.745329252  -15.125739793   36.244112025   -7.861175345
    2.094395102   -1.745329252   -9.997829255   22.383579933   -4.885677592
    2.268928028   -1.745329252   -7.302923298    8.607440122   -2.789356675
    2.443460953   -1.745329252   -6.941604217   -4.326260944   -1.620880269
    2.617993878   -1.745329252   -8.750848324  -16.220962887   -1.193690310
    2.792526803   -1.745329252  -12.501894098  -26.444891316   -1.200542153
    2.967059728   -1.745329252  -17.783127414  -33.523236443   -1.341825008

   -3.141592654   -1.570796327  -24.644406385  -35.942555786   -6.901371998
   -2.967059728   -1.570796327  -30.625739913  -31.641587248   -7.102742028
   -2.792526803   -1.570796327  -35.373951635  -22.069311691   -6.592830508
   -2.617993878   -1.570796327  -38.161973359   -9.689096959   -5.575180729
   -2.443460953   -1.570796327  -38.783448896    2.226215788   -4.475583065
   -2.268928028   -1.570796327  -37.572302898   10.971641261   -3.810862409
   -2.094395102   -1.570796327  -35.205256710   15.454426455   -4.035623277
   -1.919862177   -1.570796327  -32.391861143   16.303993552   -5.411623806
   -1.745329252   -1.570796327  -29.631630890   15.139748586   -7.943950326
   -1.570796327   -1.570796327  -27.132401587   13.536359414  -11.405071053
   -1.396263402   -1.570796327  -24.880747657   12.367600428  -15.399218181
   -1.221730476   -1.570796327  -22.788474442   11.653521286  -19.431899654
   -1.047197551   -1.570796327  -20.817974901   10.844626262  -22.972320562
   -0.872664626   -1.570796327  -19.047593549    9.239118102  -25.530210133
   -0.698131701   -1.570796327  -17.668409121    6.261942310  -26.757103700
   -0.523598776   -1.570796327  -16.955728812    1.541508638  -26.512248977
   -0.349065850   -1.570796327  -17.234108500   -5.111427219  -24.919974618
   -0.174532925   -1.570796327  -18.849817440  -13.759552765  -22.323970464
    0.000000000   -1.570796327  -22.132563286  -24.096225210  -19.269566000
    0.174532925   -1.570796327  -27.281835247  -34.821804415  -16.443962505
    0.349065850   -1.570796327  -34.141722526  -43.078236991  -14.558658749
    0.523598776   -1.570796327  -41.934594634  -44.821131426  -14.133126792
    0.698131701   -1.570796327  -49.188734775  -36.481928263  -15.223156472
    0.872664626   -1.570796327  -54.037369408  -17.525296129  -17.282361971
    1.047197551   -1.570796327  -54.905482032    8.132069753  -19.299348897
    1.221730476   -1.570796327  -51.228978242   33.238036337  -20.194451509
    1.396263402   -1.570796327  -43.759707724   50.613551394  -19.315294456
    1.570796327   -1.570796327  -34.240371025   56.488302937  -16.697471913
    1.745329252   -1.570796327  -24.673703923   51.620692144  -13.001225451
    1.919862177   -1.570796327  -16.630263582   39.751036229   -9.159079574
    2.094395102   -1.570796327  -10.961604710   24.996037099   -6.011325804
    2.268928028   -1.570796327   -7.909662194   10.072585834   -4.055861016
    2.443460953   -1.570796327   -7.388597338   -3.925790879   -3.395728917
    2.617993878   -1.570796327   -9.199446197  -16.572619850   -3.810906581
    2.792526803   -1.570796327  -13.047843314  -27.137558695   -4.868104408
    2.967059728   -1.570796327  -18.450156226  -34.161889337   -6.055400188

   -3.141592654   -1.396263402  -26.147658047  -36.640999334   -9.909582463
   -2.967059728   -1.396263402  -32.172191324  -31.431479663  -10.178723442
   -2.792526803   -1.396263402  -36.809364140  -21.053063762   -9.439387999
   -2.617993878   -1.396263402  -39.378701194   -8.294133392   -8.017081127
   -2.443460953   -1.396263402  -39.768466886    3.376782854   -6.550476484
   -2.268928028   -1.396263402  -38.424255079   11.255839520   -5.775275422
   -2.094395102   -1.396263402  -36.116994704   14.438863743   -6.293289481
   -1.919862177   -1.396263402  -33.605613200   13.866932491   -8.398626442
   -1.745329252   -1.396263402  -31.382561496   11.477435351  -12.010060726
   -1.570796327   -1.396263402  -29.598681744    9.090859007  -16.714787744
   -1.396263402   -1.396263402  -28.148904495    7.729104454  -21.869388284
   -1.221730476   -1.396263402  -26.835641993    7.470905279  -26.718432862
   -1.047197551   -1.396263402  -25.509898776    7.728442006  -30.514578090
   -0.872664626   -1.396263402  -24.154518014    7.653942989  -32.653638292
   -0.698131701   -1.396263402  -22.900630338    6.426463418  -32.804598033
   -0.523598776   -1.396263402  -22.010498562    3.365848418  -30.973997190
   -0.349065850   -1.396263402  -21.850218358   -1.991651956  -27.529240867
   -0.174532925   -1.396263402  -22.850265764   -9.937945791  -23.099271654
    0.000000000   -1.396263402  -25.458736673  -20.322339821  -18.487335343
    0.174532925   -1.396263402  -30.012520227  -31.899298276  -14.557643803
    0.349065850   -1.396263402  -36.487470010  -41.681126822  -12.078422826
    0.523598776   -1.396263402  -44.193835391  -45.229400437  -11.512917908
    0.698131701   -1.396263402  -51.658311735  -38.377246525  -12.781028263
    0.872664626   -1.396263402  -56.903905001  -19.996741334  -15.182962711
    1.047197551   -1.396263402  -58.165755479    6.284249723  -17.588603324
    1.221730476   -1.396263402  -54.682048793   32.986318847  -18.848422803
    1.396263402   -1.396263402  -47.086829847   52.295613795  -18.287561679
    1.570796327   -1.396263402  -37.129472755   59.699594206  -15.946828394
    1.745329252   -1.396263402  -26.931650921   55.471689621  -12.507876056
    1.919862177   -1.396263402  -18.231908893   43.266815280   -8.932313691
    2.094395102   -1.396263402  -12.033680816   27.457655227   -6.091511423
    2.268928028   -1.396263402   -8.669996891   11.163787690   -4.513491521
    2.443460953   -1.396263402   -8.075412140   -4.135517271   -4.323547002
    2.617993878   -1.396263402  -10.011921579  -17.720775072   -5.300137891
    2.792526803   -1.396263402  -14.104291905  -28.686369764   -6.964510737
    2.967059728   -1.396263402  -19.768916246  -35.525113576   -8.703422717

   -3.141592654   -1.221730476  -27.914724369  -37.400311318   -9.889839370
   -2.967059728   -1.221730476  -33.979089159  -31.125485279  -10.076622420
   -2.792526803   -1.221730476  -38.479266486  -19.852259525   -9.301637584
   -2.617993878   -1.221730476  -40.799447534   -6.759043984   -7.968038908
   -2.443460953   -1.221730476  -40.947638413    4.478807490   -6.781917511
   -2.268928028   -1.221730476  -39.503046965   11.202260120   -6.506689184
   -2.094395102   -1.221730476  -37.342385429   12.766990418   -7.727209114
   -1.919862177   -1.221730476  -35.272789296   10.497232991  -10.690120650
   -1.745329252   -1.221730476  -33.766193171    6.717570405  -15.244159217
   -1.570796327   -1.221730476  -32.890937470    3.562391516  -20.868382027
   -1.396263402   -1.221730476  -32.414238256    2.251671632  -26.756903043
   -1.221730476   -1.221730476  -31.987971685    2.925347186  -31.953483010
   -1.047197551   -1.221730476  -31.316041577    4.887574265  -35.533242766
   -0.872664626   -1.221730476  -30.268386649    7.013217216  -36.822135058
   -0.698131701   -1.221730476  -28.924476286    8.080265283  -35.577100882
   -0.523598776   -1.221730476  -27.566985313    6.975984106  -32.041874429
   -0.349065850   -1.221730476  -26.652529676    2.907112220  -26.893708283
   -0.174532925   -1.221730476  -26.747023456   -4.610790972  -21.048980346
    0.000000000   -1.221730476  -28.455058251  -15.479174366  -15.475132329
    0.174532925   -1.221730476  -32.267505580  -28.367110148  -11.038746074
    0.349065850   -1.221730476  -38.284815337  -40.038745824   -8.364658441
    0.523598776   -1.221730476  -45.882351064  -45.601570513   -7.711782243
    0.698131701   -1.221730476  -53.559039921  -40.314049278   -8.838513794
    0.872664626   -1.221730476  -59.211054627  -22.536442201  -11.010324040
    1.047197551   -1.221730476  -60.882328240    4.314001519  -13.201248299
    1.221730476   -1.221730476  -57.621763742   32.498110703  -14.429433271
    1.396263402   -1.221730476  -49.954578737   53.593712261  -14.147437790
    1.570796327   -1.221730476  -39.637946773   62.399971592  -12.407002468
    1.745329252   -1.221730476  -28.904671115   58.748657335   -9.782252370
    1.919862177   -1.221730476  -19.649211780   46.215292703   -7.069942984
    2.094395102   -1.221730476  -13.016189461   29.405762738   -4.988960876
    2.268928028   -1.221730476   -9.424701184   11.806685772   -3.979255053
    2.443460953   -1.221730476   -8.830229800   -4.742778558   -4.149042605
    2.617993878   -1.221730476  -10.958474291  -19.229782520   -5.309517651
    2.792526803   -1.221730476  -15.353781976  -30.544499138   -7.034337800
    2.967059728   -1.221730476  -21.327148265  -37.098198815   -8.753382266

   -3.141592654   -1.047197551  -29.428683219  -37.995490257   -7.099462788
   -2.967059728   -1.047197551  -35.519777098  -30.843555110   -7.249495099
   -2.792526803   -1.047197551  -39.908057886  -18.920344998   -6.821461956
   -2.617993878   -1.047197551  -42.048561179   -5.747282893   -6.204972453
   -2.443460953   -1.047197551  -42.065657063    4.850537376   -5.997319450
   -2.268928028   -1.047197551  -40.659792605   10.300515630   -6.794583638
   -2.094395102   -1.047197551  -38.796942445   10.223777693   -9.013867951
   -1.919862177   -1.047197551  -37.317884241    6.304021884  -12.785601073
   -1.745329252   -1.047197551  -36.663018904    1.242194538  -17.902556086
   -1.570796327   -1.047197551  -36.805662603   -2.484334331  -23.808158033
   -1.396263402   -1.047197551  -37.365546839   -3.409558482  -29.636130228
   -1.221730476   -1.047197551  -37.818079934   -1.319828295  -34.343833339
   -1.047197551   -1.047197551  -37.698576119    2.911616341  -36.951260372
   -0.872664626   -1.047197551  -36.761701322    7.740379873  -36.837619020
   -0.698131701   -1.047197551  -35.060007859   11.386275494  -33.956721397
   -0.523598776   -1.047197551  -32.944747287   12.209158030  -28.857328415
   -0.349065850   -1.047197551  -31.018119609    9.095248124  -22.521415639
   -0.174532925   -1.047197551  -30.025356205    1.493607925  -16.064925407
    0.000000000   -1.047197551  -30.742764717  -10.363793344  -10.457533748
    0.174532925   -1.047197551  -33.797863422  -24.881926184   -6.366490694
    0.349065850   -1.047197551  -39.373539541  -38.486154947   -4.085392851
    0.523598776   -1.047197551  -46.863370419  -45.867861441   -3.549098689
    0.698131701   -1.047197551  -54.709403269  -41.869859846   -4.348221032
    0.872664626   -1.047197551  -60.685024020  -24.546129878   -5.826403465
    1.047197551   -1.047197551  -62.678947599    2.757506626   -7.257611697
    1.221730476   -1.047197551  -59.599118929   32.045992933   -8.037150401
    1.396263402   -1.047197551  -51.896738585   54.430869860   -7.884046380
    1.570796327   -1.047197551  -41.340428273   64.219422131   -6.882354305
    1.745329252   -1.047197551  -30.246581664   60.945547230   -5.405216216
    1.919862177   -1.047197551  -20.622645918   48.139668353   -3.931823087
    2.094395102   -1.047197551  -13.713950903   30.578870355   -2.878212965
    2.268928028   -1.047197551  -10.001067079   12.011281849   -2.495675168
    2.443460953   -1.047197551   -9.454267732   -5.464904008   -2.840862548
    2.617993878   -1.047197551  -11.771647796  -20.612781775   -3.791193289
    2.792526803   -1.047197551  -16.435034249  -32.149116931   -5.071336602
    2.967059728   -1.047197551  -22.670618940  -38.408398092   -6.301911203

   -3.141592654   -0.872664626  -30.288528238  -38.420342144   -2.630017772
   -2.967059728   -0.872664626  -36.419537843  -30.891172523   -2.995712435
   -2.792526803   -0.872664626  -40.797723264  -18.811750319   -3.386817966
   -2.617993878   -0.872664626  -42.935736347   -5.908317426   -4.052300307
   -2.443460953   -0.872664626  -43.040235910    3.933371388   -5.314485349
   -2.268928028   -0.872664626  -41.890129330    8.236785626   -7.460110691
   -2.094395102   -0.872664626  -40.502991978    6.824748768  -10.657122194
   -1.919862177   -0.872664626  -39.730507927    1.642928763  -14.901334273
   -1.745329252   -0.872664626  -39.974033364   -4.300537918  -19.957957832
   -1.570796327   -0.872664626  -41.111447214   -8.197569519  -25.299593590
   -1.396263402   -0.872664626  -42.613567738   -8.319444937  -30.103096825
   -1.221730476   -0.872664626  -43.776658446   -4.390926272  -33.384177632
   -1.047197551   -0.872664626  -43.972425082    2.459746493  -34.278940727
   -0.872664626   -0.872664626  -42.863126305   10.148235042  -32.375231258
   -0.698131701   -0.872664626  -40.517453025   16.236837932  -27.915007475
   -0.523598776   -0.872664626  -37.409385522   18.547727718  -21.747008402
   -0.349065850   -0.872664626  -34.332323563   15.740610903  -15.054956012
   -0.174532925   -0.872664626  -32.232005130    7.387463323   -8.988713904
    0.000000000   -0.872664626  -32.040944779   -5.932375495   -4.341263074
    0.174532925   -0.872664626  -34.473800608  -22.193980792   -1.426561688
    0.349065850   -0.872664626  -39.727353778  -37.443808223   -0.103180469
    0.523598776   -0.872664626  -47.151586722  -46.078769127    0.063716941
    0.698131701   -0.872664626  -55.103858837  -42.779491318   -0.368609632
    0.872664626   -0.872664626  -61.256043988  -25.581641522   -0.899598786
    1.047197551   -0.872664626  -63.405694512    2.060117599   -1.219137534
    1.221730476   -0.872664626  -60.398067511   31.923565386   -1.224125127
    1.396263402   -0.872664626  -52.665445051   54.875008726   -0.988304621
    1.570796327   -0.872664626  -41.995769059   65.026482470   -0.655378112
    1.745329252   -0.872664626  -30.749715738   61.830998086   -0.361089154
    1.919862177   -0.872664626  -20.984513992   48.833976959   -0.194179093
    2.094395102   -0.872664626  -13.985280789   30.898731577   -0.189921827
    2.268928028   -0.872664626  -10.255474911   11.882305434   -0.354981666
    2.443460953   -0.872664626   -9.769271984   -6.015240746   -0.675816264
    2.617993878   -0.872664626  -12.211262723  -21.462153579   -1.123298613
    2.792526803   -0.872664626  -17.034311660  -33.088035985   -1.649526905
    2.967059728   -0.872664626  -23.423742786  -39.185072272   -2.178120530

   -3.141592654   -0.698131701  -30.336041159  -38.883991614    1.919662682
   -2.967059728   -0.698131701  -36.572588682  -31.649876062    1.020303651
   -2.792526803   -0.698131701  -41.117384735  -19.982022512   -0.538623071
   -2.617993878   -0.698131701  -43.505829582   -7.630776829   -2.754488913
   -2.443460953   -0.698131701  -43.968735219    1.530994951   -5.573445328
   -2.268928028   -0.698131701  -43.303441640    5.076090407   -8.920767759
   -2.094395102   -0.698131701  -42.534654839    2.907268644  -12.718009253
   -1.919862177   -0.698131701  -42.503778849   -2.901350581  -16.861087399
   -1.745329252   -0.698131701  -43.571995467   -9.125943686  -21.132626219
   -1.570796327   -0.698131701  -45.532024784  -12.670427650  -25.093050119
   -1.396263402   -0.698131701  -47.721729154  -11.572015244  -28.055996903
   -1.221730476   -0.698131701  -49.280923190   -5.547369031  -29.233559337
   -1.047197551   -0.698131701  -49.452411406    3.941261585  -28.034354623
   -0.872664626   -0.698131701  -47.853634080   14.206483403  -24.369721841
   -0.698131701   -0.698131701  -44.622540013   22.158101558  -18.786536757
   -0.523598776   -0.698131701  -40.400836020   25.181137892  -12.334882753
   -0.349065850   -0.698131701  -36.193337316   21.872230293   -6.220608881
   -0.174532925   -0.698131701  -33.135232386   12.120520944   -1.434247757
    0.000000000   -0.698131701  -32.271462670   -2.977173175    1.545225368
    0.174532925   -0.698131701  -34.335862871  -20.864369690    2.811410693
    0.349065850   -0.698131701  -39.463020148  -37.224180861    2.922644112
    0.523598776   -0.698131701  -46.898073723  -46.321830522    2.629392683
    0.698131701   -0.698131701  -54.892459357  -42.953879893    2.576376471
    0.872664626   -0.698131701  -61.047955191  -25.441567585    3.062867651
    1.047197551   -0.698131701  -63.146814705    2.463806912    3.958733248
    1.221730476   -0.698131701  -60.061774047   32.352787175    4.853968689
    1.396263402   -0.698131701  -52.269738197   55.092651530    5.317459036
    1.570796327   -0.698131701  -41.589352342   64.928708250    5.141655892
    1.745329252   -0.698131701  -30.384473521   61.474636246    4.419990058
    1.919862177   -0.698131701  -20.693880569   48.364398696    3.443206608
    2.094395102   -0.698131701  -13.775615200   30.460220536    2.547587390
    2.268928028   -0.698131701  -10.112778057   11.562087875    1.967044220
    2.443460953   -0.698131701   -9.671190278   -6.208428600    1.780991337
    2.617993878   -0.698131701  -12.139600282  -21.586535690    1.912060821
    2.792526803   -0.698131701  -16.984859645  -33.233760606    2.152761026
    2.967059728   -0.698131701  -23.408900958  -39.444839698    2.238431801

   -3.141592654   -0.523598776  -29.697180845  -39.665466988    5.048933110
   -2.967059728   -0.523598776  -36.151707074  -33.365280829    3.437787166
   -2.792526803   -0.523598776  -41.073833302  -22.562036889    0.704254391
   -2.617993878   -0.523598776  -43.973252750  -10.862975480   -2.862122109
   -2.443460953   -0.523598776  -45.038474286   -2.098281815   -6.843045347
   -2.268928028   -0.523598776  -45.025576283    1.257327939  -10.858738093
   -2.094395102   -0.523598776  -44.929273119   -0.962290953  -14.661756523
   -1.919862177   -0.523598776  -45.568844822   -6.685777640  -18.114718389
   -1.745329252   -0.523598776  -47.272280224  -12.558076197  -21.060072183
   -1.570796327   -0.523598776  -49.766000684  -15.253160272  -23.180057250
   -1.396263402   -0.523598776  -52.284275386  -12.640077533  -23.977741155
   -1.221730476   -0.523598776  -53.852880291   -4.509686716  -22.940316182
   -1.047197551   -0.523598776  -53.641487299    7.282266633  -19.825203339
   -0.872664626   -0.523598776  -51.282692874   19.460689553  -14.890425007
   -0.698131701   -0.523598776  -47.032037535   28.397387513   -8.920149150
   -0.523598776   -0.523598776  -41.721024566   31.229992928   -3.013254373
   -0.349065850   -0.523598776  -36.553145100   26.680624230    1.785730682
   -0.174532925   -0.523598776  -32.811147519   15.096924871    4.794056582
    0.000000000   -0.523598776  -31.591524004   -1.831506882    5.901403006
    0.174532925   -0.523598776  -33.579080554  -21.006026778    5.561347014
    0.349065850   -0.523598776  -38.782635523  -37.811706593    4.632141451
    0.523598776   -0.523598776  -46.297965938  -46.546442246    4.049918049
    0.698131701   -0.523598776  -54.262949674  -42.364817274    4.455416384
    0.872664626   -0.523598776  -60.246569733  -24.127728698    5.923813775
    1.047197551   -0.523598776  -62.089149222    3.967120207    7.933206871
    1.221730476   -0.523598776  -58.774058455   33.378095876    9.646763634
    1.396263402   -0.523598776  -50.879304971   55.204014520   10.355340940
    1.570796327   -0.523598776  -40.263338511   64.117569280    9.816894477
    1.745329252   -0.523598776  -29.255932960   60.102301011    8.320849388
    1.919862177   -0.523598776  -19.816953944   46.941837360    6.464105058
    2.094395102   -0.523598776  -13.118761700   29.418414660    4.873973885
    2.268928028   -0.523598776   -9.586441083   11.126329847    3.968452034
    2.443460953   -0.523598776   -9.167821496   -6.055821251    3.869228139
    2.617993878   -0.523598776  -11.574047991  -21.083781769    4.400268110
    2.792526803   -0.523598776  -16.328398523  -32.766409547    5.133668729
    2.967059728   -0.523598776  -22.705448705  -39.435493597    5.518687254

   -3.141592654   -0.349065850  -28.705338203  -40.925598110    5.897363350
   -2.967059728   -0.349065850  -35.498363714  -35.962678466    3.665912928
   -2.792526803   -0.349065850  -40.973373789  -26.226434457    0.158922096
   -2.617993878   -0.349065850  -44.568659773  -15.075860115   -4.113816123
   -2.443460953   -0.349065850  -46.376631361   -6.315606889   -8.499242811
   -2.268928028   -0.349065850  -47.070607849   -2.579365401  -12.458702937
   -2.094395102   -0.349065850  -47.595822255   -4.230814367  -15.693916639
   -1.919862177   -0.349065850  -48.749519176   -9.292133956  -18.099036379
   -1.745329252   -0.349065850  -50.838791499  -14.330302900  -19.591398729
   -1.570796327   -0.349065850  -53.544873989  -15.844319872  -19.964774527
   -1.396263402   -0.349065850  -56.031459961  -11.616835949  -18.899325933
   -1.221730476   -0.349065850  -57.258661248   -1.600764990  -16.146065605
   -1.047197551   -0.349065850  -56.382774819   11.925922993  -11.781710456
   -0.872664626   -0.349065850  -53.107078807   25.180592588   -6.341342170
   -0.698131701   -0.349065850  -47.836379914   34.179450317   -0.731752120
   -0.523598776   -0.349065850  -41.587758648   36.035138111    4.037359944
   -0.349065850   -0.349065850  -35.723904018   29.761972362    7.196446062
   -0.174532925   -0.349065850  -31.615013937   16.229218962    8.426343082
    0.000000000   -0.349065850  -30.346144035   -2.303851784    7.957612476
    0.174532925   -0.349065850  -32.498955484  -22.267123872    6.499082879
    0.349065850   -0.349065850  -37.917444468  -38.847411148    5.057201052
    0.523598776   -0.349065850  -45.529204669  -46.517803749    4.600472847
    0.698131701   -0.349065850  -53.368423560  -40.965919960    5.662795355
    0.872664626   -0.349065850  -59.012161622  -21.756449388    8.076627478
    1.047197551   -0.349065850  -60.420753354    6.388945770   11.003653542
    1.221730476   -0.349065850  -56.751303819   34.875448827   13.313260441
    1.396263402   -0.349065850  -48.720567746   55.226070752   14.145390246
    1.570796327   -0.349065850  -38.227691841   62.757926976   13.284251214
    1.745329252   -0.349065850  -27.536778069   57.961130949   11.186134518
    1.919862177   -0.349065850  -18.483314043   44.795011248    8.662578269
    2.094395102   -0.349065850  -12.112747393   27.893542890    6.521116079
    2.268928028   -0.349065850   -8.767214303   10.533175640    5.279820455
    2.443460953   -0.349065850   -8.372167952   -5.767817801    5.067952118
    2.617993878   -0.349065850  -10.676425120  -20.292020002    5.635643123
    2.792526803   -0.349065850  -15.291221416  -32.070534022    6.420658384
    2.967059728   -0.349065850  -21.603200516  -39.481662643    6.715811094

   -3.141592654   -0.174532925  -27.763602655  -42.615982072    4.583033135
   -2.967059728   -0.174532925  -34.976159911  -39.039763537    2.076252177
   -2.792526803   -0.174532925  -41.082243370  -30.280832248   -1.528470744
   -2.617993878   -0.174532925  -45.422175244  -19.433707354   -5.645291896
   -2.443460953   -0.174532925  -47.968511188  -10.326585837   -9.589699904
   -2.268928028   -0.174532925  -49.300343603   -5.833703431  -12.852062382
   -2.094395102   -0.174532925  -50.315187531   -6.579342757  -15.201890908
   -1.919862177   -0.174532925  -51.797316987  -10.700884578  -16.599029332
   -1.745329252   -0.174532925  -54.043903269  -14.694262847  -17.003159559
   -1.570796327   -0.174532925  -56.705288873  -14.920569518  -16.250521949
   -1.396263402   -0.174532925  -58.899138286   -9.153916832  -14.114670711
   -1.221730476   -0.174532925  -59.558832298    2.412858057  -10.518491059
   -1.047197551   -0.174532925  -57.874639821   17.073742477   -5.754750845
   -0.872664626   -0.174532925  -53.659399241   30.643580514   -0.526389984
   -0.698131701   -0.174532925  -47.479350531   38.971474591    4.235070847
   -0.523598776   -0.174532925  -40.514543271   39.340690360    7.675146061
   -0.349065850   -0.174532925  -34.236393741   31.175561958    9.311304815
   -0.174532925   -0.174532925  -30.041213339   15.866213135    9.151327479
    0.000000000   -0.174532925  -28.949490273   -3.841498120    7.690093255
    0.174532925   -0.174532925  -31.404701818  -24.021133118    5.787662978
    0.349065850   -0.174532925  -37.071538977  -39.777732536    4.477562348
    0.523598776   -0.174532925  -44.715045542  -45.878882825    4.639664053
    0.698131701   -0.174532925  -52.292107822  -38.658497234    6.616064430
    0.872664626   -0.174532925  -57.431750845  -18.457339534    9.977481859
    1.047197551   -0.174532925  -58.263458832    9.483234895   13.633609735
    1.221730476   -0.174532925  -54.157962027   36.624946536   16.285042356
    1.396263402   -0.174532925  -45.985811484   55.070690006   17.046971566
    1.570796327   -0.174532925  -35.676135012   60.915840753   15.801234080
    1.745329252   -0.174532925  -25.399624414   55.211544369   13.159921420
    1.919862177   -0.174532925  -16.836861455   42.072876192   10.075938508
    2.094395102   -0.174532925  -10.884044448   25.921415967    7.437734174
    2.268928028   -0.174532925   -7.790219001    9.641471709    5.782246030
    2.443460953   -0.174532925   -7.460218196   -5.666998577    5.211692222
    2.617993878   -0.174532925   -9.690673337  -19.650249524    5.433369363
    2.792526803   -0.174532925  -14.195077073  -31.573088575    5.854662803
    2.967059728   -0.174532925  -20.485825845  -39.839016176    5.766642184

   -3.141592654    0.000000000  -27.178769951  -44.495656245    2.005975107
   -2.967059728    0.000000000  -34.819702814  -42.018854829   -0.325529671
   -2.792526803    0.000000000  -41.512113461  -33.921560382   -3.343198847
   -2.617993878    0.000000000  -46.499515585  -23.103810451   -6.547298635
   -2.443460953    0.000000000  -49.647375989  -13.477311583   -9.423470173
   -2.268928028    0.000000000  -51.460865675   -8.177787833  -11.656152574
   -2.094395102    0.000000000  -52.809396543   -8.061573419  -13.162575699
   -1.919862177    0.000000000  -54.475433770  -11.319986484  -13.957428019
   -1.745329252    0.000000000  -56.747369806  -14.332543482  -13.966220658
   -1.570796327    0.000000000  -59.242706674  -13.336402483  -12.957627076
   -1.396263402    0.000000000  -61.038895348   -6.167596756  -10.677480775
   -1.221730476    0.000000000  -61.061985707    6.666511827   -7.100233803
   -1.047197551    0.000000000  -58.563851599   22.022523644   -2.623217481
   -0.872664626    0.000000000  -53.488021661   35.398584438    1.969246658
   -0.698131701    0.000000000  -46.562030983   42.625102636    5.762454041
   -0.523598776    0.000000000  -39.101984825   41.295734322    8.045135405
   -0.349065850    0.000000000  -32.642724455   31.316927705    8.559548994
   -0.174532925    0.000000000  -28.556818224   14.573204811    7.554472435
    0.000000000    0.000000000  -27.761431575   -5.794832407    5.706518580
    0.174532925    0.000000000  -30.542082274  -25.624914405    3.957631756
    0.349065850    0.000000000  -36.385843759  -40.061182195    3.303738627
    0.523598776    0.000000000  -43.917197539  -44.274693518    4.469836214
    0.698131701    0.000000000  -51.054075877  -35.323299031    7.555805601
    0.872664626    0.000000000  -55.524289292  -14.328762510   11.858733744
    1.047197551    0.000000000  -55.666271129   13.022544149   16.080766824
    1.221730476    0.000000000  -51.085207550   38.389627276   18.846908111
    1.396263402    0.000000000  -42.800898676   54.588308400   19.343826516
    1.570796327    0.000000000  -32.749939073   58.562069878   17.611761848
    1.745329252    0.000000000  -22.982441081   51.909762519   14.420661116
    1.919862177    0.000000000  -15.003799021   38.838672063   10.819539529
    2.094395102    0.000000000   -9.553322562   23.489447735    7.709315498
    2.268928028    0.000000000   -6.789259837    8.307505020    5.586027049
    2.443460953    0.000000000   -6.602945893   -6.031230886    4.498844751
    2.617993878    0.000000000   -8.843840603  -19.506238383    4.138346235
    2.792526803    0.000000000  -13.324962325  -31.564956635    3.967444248
    2.967059728    0.000000000  -19.673023122  -40.589355944    3.400603932

   -3.141592654    0.174532925  -27.062305779  -46.241980025   -0.587259408
   -2.967059728    0.174532925  -35.065559123  -44.375488659   -2.364437732
   -2.792526803    0.174532925  -42.197977675  -36.533918745   -4.349704505
   -2.617993878    0.174532925  -47.632595514  -25.549201751   -6.247083272
   -2.443460953    0.174532925  -51.170153479  -15.467788790   -7.840375202
   -2.268928028    0.174532925  -53.284795054   -9.641414231   -9.094926216
   -2.094395102    0.174532925  -54.846104691   -9.043497333  -10.092867049
   -1.919862177    0.174532925  -56.640454436  -11.787509724  -10.855209913
   -1.745329252    0.174532925  -58.933529460  -14.052086946  -11.184289216
   -1.570796327    0.174532925  -61.288626365  -11.951823482  -10.678441934
   -1.396263402    0.174532925  -62.728623535   -3.457681111   -8.955881377
   -1.221730476    0.174532925  -62.172729509   10.523081089   -5.954686386
   -1.047197551    0.174532925  -58.945893263   26.377716065   -2.107921012
   -0.872664626    0.174532925  -53.132639127   39.334733950    1.756253550
   -0.698131701    0.174532925  -45.618974740   45.304318324    4.734205961
   -0.523598776    0.174532925  -37.836185398   42.279954210    6.209436050
   -0.349065850    0.174532925  -31.350220227   30.694361329    6.072224334
   -0.174532925    0.174532925  -27.475341874   12.904479946    4.730725568
    0.000000000    0.174532925  -26.999420844   -7.624965784    2.981944608
    0.174532925    0.174532925  -30.039302780  -26.601157463    1.812118422
    0.349065850    0.174532925  -35.913765984  -39.326553824    2.150169517
    0.523598776    0.174532925  -43.136813233  -41.483856006    4.532919948
    0.698131701    0.174532925  -49.632236527  -30.916455137    8.790342601
    0.872664626    0.174532925  -53.274695319   -9.490013446   13.944147806
    1.047197551    0.174532925  -52.644619788   16.790254199   18.526675889
    1.221730476    0.174532925  -47.588250086   39.943794845   21.163568760
    1.396263402    0.174532925  -39.255466924   53.618995129   21.189313842
    1.570796327    0.174532925  -29.558233642   55.633090119   18.852745572
    1.745329252    0.174532925  -20.397900530   48.072006953   15.088491827
    1.919862177    0.174532925  -13.090404751   35.139568738   11.013470729
    2.094395102    0.174532925   -8.219985404   20.620572364    7.497241877
    2.268928028    0.174532925   -5.864771392    6.492468428    4.956841484
    2.443460953    0.174532925   -5.913364003   -6.963025954    3.372630593
    2.617993878    0.174532925   -8.269556216  -19.982216102    2.432611078
    2.792526803    0.174532925  -12.831669842  -32.103862256    1.699629372
    2.967059728    0.174532925  -19.312997087  -41.630152772    0.770345495

   -3.141592654    0.349065850  -27.325303029  -47.584232809   -2.228278142
   -2.967059728    0.349065850  -35.575445306  -45.823799773   -3.271164875
   -2.792526803    0.349065850  -42.955200652  -37.885733460   -4.136241829
   -2.617993878    0.349065850  -48.606759298  -26.670851864   -4.764194272
   -2.443460953    0.349065850  -52.321012925  -16.389907103   -5.251105917
   -2.268928028    0.349065850  -54.590234111  -10.519231786   -5.828519839
   -2.094395102    0.349065850  -56.310178729   -9.986425267   -6.703308137
   -1.919862177    0.349065850  -58.267637755  -12.665853395   -7.852209411
   -1.745329252    0.349065850  -60.679292737  -14.443336291   -8.910383399
   -1.570796327    0.349065850  -63.020421000  -11.316787188   -9.274704506
   -1.396263402    0.349065850  -64.233569250   -1.471843357   -8.410840895
   -1.221730476    0.349065850  -63.221490298   13.691058321   -6.193172852
   -1.047197551    0.349065850  -59.385497631   30.042204153   -3.060449038
   -0.872664626    0.349065850  -52.957025735   42.558439811    0.137086811
   -0.698131701    0.349065850  -44.979184495   47.293792062    2.505829918
   -0.523598776    0.349065850  -36.984972555   42.700280542    3.495585118
   -0.349065850    0.349065850  -30.550212043   29.766281609    3.098489947
   -0.174532925    0.349065850  -26.908114815   11.309327887    1.828394022
    0.000000000    0.349065850  -26.700345355   -8.933334730    0.556443160
    0.174532925    0.349065850  -29.870398661  -26.632710836    0.275351530
    0.349065850    0.349065850  -35.583289427  -37.369323134    1.810292910
    0.523598776    0.349065850  -42.278314767  -37.445235012    5.473552173
    0.698131701    0.349065850  -47.934139910  -25.533759490   10.803588674
    0.872664626    0.349065850  -50.619342414   -4.169463885   16.561728002
    1.047197551    0.349065850  -49.181487498   20.494470410   21.167286678
    1.221730476    0.349065850  -43.700325180   41.015869752   23.335912277
    1.396263402    0.349065850  -35.423193941   51.978787969   22.630043615
    1.570796327    0.349065850  -26.196966566   52.057917178   19.552708436
    1.745329252    0.349065850  -17.745258427   43.725721808   15.203554234
    1.919862177    0.349065850  -11.185201242   31.064086774   10.736623876
    2.094395102    0.349065850   -6.954648607   17.425842918    6.952864793
    2.268928028    0.349065850   -5.067803064    4.307419014    4.163744735
    2.443460953    0.349065850   -5.423384784   -8.353078122    2.272171346
    2.617993878    0.349065850   -7.979724800  -20.954240606    0.964949351
    2.792526803    0.349065850  -12.702477646  -33.027090261   -0.094848915
    2.967059728    0.349065850  -19.359886882  -42.742154536   -1.139789321

   -3.141592654    0.523598776  -27.764217281  -48.391800441   -2.604582884
   -2.967059728    0.523598776  -36.134585207  -46.369952763   -2.968313498
   -2.792526803    0.523598776  -43.582725560  -38.126258925   -2.948239501
   -2.617993878    0.523598776  -49.257661294  -26.733376235   -2.666365008
   -2.443460953    0.523598776  -52.988031903  -16.569390758   -2.436037705
   -2.268928028    0.523598776  -55.322829113  -11.135063509   -2.653648925
   -2.094395102    0.523598776  -57.199766779  -11.162182336   -3.580907178
   -1.919862177    0.523598776  -59.396401732  -14.156107089   -5.137752497
   -1.745329252    0.523598776  -62.053851321  -15.650722132   -6.839258351
   -1.570796327    0.523598776  -64.529579232  -11.546696947   -7.961088037
   -1.396263402    0.523598776  -65.664017821   -0.310491740   -7.886243903
   -1.221730476    0.523598776  -64.333921034   16.099285317   -6.449497334
   -1.047197551    0.523598776  -60.015720494   33.009717147   -4.066773175
   -0.872664626    0.523598776  -53.087251634   45.161057735   -1.550986575
   -0.698131701    0.523598776  -44.743127336   48.795081204    0.270421259
   -0.523598776    0.523598776  -36.604934949   42.854675526    0.942076481
   -0.349065850    0.523598776  -30.241452551   28.890499461    0.554674177
   -0.174532925    0.523598776  -26.789488066   10.159318821   -0.306348868
    0.000000000    0.523598776  -26.736111548   -9.384945477   -0.752204444
    0.174532925    0.523598776  -29.855918880  -25.475290003    0.144201179
    0.349065850    0.523598776  -35.184226836  -34.089742138    3.028192986
    0.523598776    0.523598776  -41.129721194  -32.241852767    7.927919017
    0.698131701    0.523598776  -45.778596118  -19.439917265   14.072872136
    0.872664626    0.523598776  -47.435517945    1.239543309   20.009408353
    1.047197551    0.523598776  -45.227118164   23.710427171   24.142073783
    1.221730476    0.523598776  -39.440949774   41.251033726   25.395983886
    1.396263402    0.523598776  -31.374076663   49.451102386   23.652379469
    1.570796327    0.523598776  -22.760474472   47.772541962   19.703245799
    1.745329252    0.523598776  -15.118508103   38.931484065   14.792692916
    1.919862177    0.523598776   -9.363925235   26.753969403   10.063103230
    2.094395102    0.523598776   -5.803868913   14.093715078    6.203263642
    2.268928028    0.523598776   -4.409096894    1.973777574    3.396563817
    2.443460953    0.523598776   -5.102367391   -9.948579809    1.465194595
    2.617993878    0.523598776   -7.897177957  -22.144157839    0.089715990
    2.792526803    0.523598776  -12.811211495  -34.056917996   -0.994822354
    2.967059728    0.523598776  -19.642415110  -43.694444350   -1.907609381

   -3.141592654    0.698131701  -28.184612109  -48.712621724   -2.172225113
   -2.967059728    0.698131701  -36.574807738  -46.265206298   -2.086769377
   -2.792526803    0.698131701  -43.970710326  -37.658114219   -1.579608434
   -2.617993878    0.698131701  -49.550862022  -26.175867691   -0.847305017
   -2.443460953    0.698131701  -53.206536469  -16.344797223   -0.267951507
   -2.268928028    0.698131701  -55.560172651  -11.622512660   -0.264751010
   -2.094395102    0.698131701  -57.595096892  -12.470175341   -1.091463453
   -1.919862177    0.698131701  -60.072710741  -15.982857974   -2.655520772
   -1.745329252    0.698131701  -63.048495473  -17.346042476   -4.488909910
   -1.570796327    0.698131701  -65.755045673  -12.388561304   -5.918050448
   -1.396263402    0.698131701  -66.927326729    0.129222603   -6.375435024
   -1.221730476    0.698131701  -65.412617110   17.707183495   -5.694383422
   -1.047197551    0.698131701  -60.753734588   35.170777455   -4.206992709
   -0.872664626    0.698131701  -53.458666477   47.060947695   -2.567933103
   -0.698131701    0.698131701  -44.852094454   49.831343104   -1.416065009
   -0.523598776    0.698131701  -36.621347074   42.905083026   -1.033615349
   -0.349065850    0.698131701  -30.309552968   28.353399296   -1.213755171
   -0.174532925    0.698131701  -26.947986897    9.809669102   -1.340756743
    0.000000000    0.698131701  -26.873270076   -8.641760756   -0.597108378
    0.174532925    0.698131701  -29.712102986  -22.906994618    1.762284943
    0.349065850    0.698131701  -34.410777517  -29.467765965    6.092404515
    0.523598776    0.698131701  -39.402741304  -26.095359094   12.072600821
    0.698131701    0.698131701  -42.935321764  -13.065824265   18.634098118
    0.872664626    0.698131701  -43.579489102    6.196962648   24.200883707
    1.047197551    0.698131701  -40.731850454   25.921994799   27.302357862
    1.221730476    0.698131701  -34.839810970   40.270240380   27.202687387
    1.396263402    0.698131701  -27.187628238   45.847057386   24.174841947
    1.570796327    0.698131701  -19.345274488   42.764507373   19.299607659
    1.745329252    0.698131701  -12.604703702   33.799774516   13.913266236
    1.919862177    0.698131701   -7.687846079   22.386728621    9.080712299
    2.094395102    0.698131701   -4.794709916   10.835557446    5.332685075
    2.268928028    0.698131701   -3.876502594   -0.269602711    2.707625697
    2.443460953    0.698131701   -4.893945729  -11.481397711    0.949558148
    2.617993878    0.698131701   -7.917117831  -23.270127513   -0.269780036
    2.792526803    0.698131701  -13.006094272  -34.947283005   -1.174822330
    2.967059728    0.698131701  -19.974471006  -44.352810073   -1.833503867

   -3.141592654    0.872664626  -28.523475381  -48.731979188   -1.832992080
   -2.967059728    0.872664626  -36.879767778  -45.853744740   -1.583975682
   -2.792526803    0.872664626  -44.171927090  -36.910796133   -0.960404347
   -2.617993878    0.872664626  -49.611785198  -25.375116896   -0.131884700
   -2.443460953    0.872664626  -53.151799981  -15.887441631    0.598082873
   -2.268928028    0.872664626  -55.481659281  -11.848712164    0.897070463
   -2.094395102    0.872664626  -57.625450694  -13.480304415    0.553329695
   -1.919862177    0.872664626  -60.332873582  -17.538625886   -0.406941883
   -1.745329252    0.872664626  -63.591498743  -18.931751933   -1.701142915
   -1.570796327    0.872664626  -66.534881872  -13.430486213   -2.897083202
   -1.396263402    0.872664626  -67.813281088   -0.017065774   -3.610927559
   -1.221730476    0.872664626  -66.246748656   18.399420577   -3.699909092
   -1.047197551    0.872664626  -61.422672589   36.276668654   -3.328985721
   -0.872664626    0.872664626  -53.938693856   48.024951916   -2.847759753
   -0.698131701    0.872664626  -45.203819956   50.303946298   -2.560769800
   -0.523598776    0.872664626  -36.932862516   42.941447812   -2.486806559
   -0.349065850    0.872664626  -30.621789405   28.415265126   -2.291608637
   -0.174532925    0.872664626  -27.196179298   10.608753347   -1.391540493
    0.000000000    0.872664626  -26.864659717   -6.391066942    0.841634577
    0.174532925    0.872664626  -29.149841170  -18.779924914    4.832651998
    0.349065850    0.872664626  -32.969507193  -23.609644567   10.537956447
    0.523598776    0.872664626  -36.846050062  -19.375246954   17.260203608
    0.698131701    0.872664626  -39.234777239   -6.957773192   23.704198086
    0.872664626    0.872664626  -38.981959557   10.128032168   28.321897441
    1.047197551    0.872664626  -35.718222417   26.671633747   29.930143802
    1.221730476    0.872664626  -29.982102444   37.820364730   28.232271743
    1.396263402    0.872664626  -22.974603297   41.121087747   23.902840032
    1.570796327    0.872664626  -16.056055912   37.136055367   18.244479704
    1.745329252    0.872664626  -10.283614076   28.501518830   12.591277975
    1.919862177    0.872664626   -6.205577523   18.141743956    7.854307399
    2.094395102    0.872664626   -3.945853820    7.813505212    4.369871850
    2.268928028    0.872664626   -3.461884657   -2.275457787    2.029096785
    2.443460953    0.872664626   -4.764961968  -12.810025042    0.511770070
    2.617993878    0.872664626   -7.982556558  -24.203832354   -0.508492594
    2.792526803    0.872664626  -13.211362337  -35.619198276   -1.226261791
    2.967059728    0.872664626  -20.274934298  -44.745533150   -1.689005966

   -3.141592654    1.047197551  -28.880932166  -48.683925748   -2.490527428
   -2.967059728    1.047197551  -37.195637897  -45.424385696   -2.290149063
   -2.792526803    1.047197551  -44.384146194  -36.173691196   -1.742606938
   -2.617993878    1.047197551  -49.681862259  -24.523209220   -0.947176992
   -2.443460953    1.047197551  -53.082300049  -15.184667887   -0.067565331
   -2.268928028    1.047197551  -55.320666751  -11.535077753    0.710287800
   -2.094395102    1.047197551  -57.453725706  -13.676788314    1.223064882
   -1.919862177    1.047197551  -60.237347009  -18.191468249    1.367037419
   -1.745329252    1.047197551  -63.635110047  -19.828395995    1.123253888
   -1.570796327    1.047197551  -66.735894494  -14.292303664    0.560303940
   -1.396263402    1.047197551  -68.145293842   -0.634884703   -0.200565561
   -1.221730476    1.047197551  -66.661063974   18.059721378   -1.046681093
   -1.047197551    1.047197551  -61.879874649   36.093098370   -1.913467916
   -0.872664626    1.047197551  -54.425795465   47.839617383   -2.744726231
   -0.698131701    1.047197551  -45.724110255   50.126753592   -3.413095108
   -0.523598776    1.047197551  -37.465661557   43.044387364   -3.620769372
   -0.349065850    1.047197551  -31.077666834   29.288500870   -2.917987553
   -0.174532925    1.047197551  -27.391863998   12.801421550   -0.824752394
    0.000000000    1.047197551  -26.532001237   -2.487243413    2.986621424
    0.174532925    1.047197551  -27.982821875  -13.163152909    8.510544107
    0.349065850    1.047197551  -30.709034780  -16.844920551   15.248754095
    0.523598776    1.047197551  -33.385154516  -12.614806874   22.168780776
    0.698131701    1.047197551  -34.702833644   -1.702736012   27.886310127
    0.872664626    1.047197551  -33.762984666   12.569127717   31.065400569
    1.047197551    1.047197551  -30.367005737   25.738376202   30.955730423
    1.221730476    1.047197551  -25.063930545   33.940445427   27.734894385
    1.396263402    1.047197551  -18.906789874   35.494551258   22.404849376
    1.570796327    1.047197551  -13.018537290   31.174528466   16.354025092
    1.745329252    1.047197551   -8.232523086   23.291959982   10.787546364
    1.919862177    1.047197551   -4.956756586   14.191461131    6.387724624
    2.094395102    1.047197551   -3.274801498    5.110383175    3.277407015
    2.268928028    1.047197551   -3.174940703   -4.033358352    1.215462314
    2.443460953    1.047197551   -4.728123291  -13.974763488   -0.155751443
    2.617993878    1.047197551   -8.116682037  -25.023873631   -1.131565041
    2.792526803    1.047197551  -13.467237644  -36.190595775   -1.852981162
    2.967059728    1.047197551  -20.608808790  -45.042698648   -2.327454656

   -3.141592654    1.221730476  -29.479716053  -48.743591147   -4.666340600
   -2.967059728    1.221730476  -37.770703388  -45.094621504   -4.601392563
   -2.792526803    1.221730476  -44.871060432  -35.504951661   -4.123571105
   -2.617993878    1.221730476  -50.028922281  -23.605560930   -3.289711636
   -2.443460953    1.221730476  -53.255181300  -14.124441952   -2.146855415
   -2.268928028    1.221730476  -55.304994678  -10.457093485   -0.745966159
   -2.094395102    1.221730476  -57.259725870  -12.740612717    0.791571354
   -1.919862177    1.221730476  -59.905804332  -17.582784620    2.221786641
   -1.745329252    1.221730476  -63.238158771  -19.709038195    3.210764537
   -1.570796327    1.221730476  -66.366986919  -14.736137294    3.453485698
   -1.396263402    1.221730476  -67.900451499   -1.597696264    2.805622103
   -1.221730476    1.221730476  -66.619223718   16.721233389    1.352680681
   -1.047197551    1.221730476  -62.088056228   34.606534517   -0.606571730
   -0.872664626    1.221730476  -54.885004773   46.501554658   -2.607415337
   -0.698131701    1.221730476  -46.374870756   49.343390704   -4.092411613
   -0.523598776    1.221730476  -38.169660972   43.302327302   -4.465890126
   -0.349065850    1.221730476  -31.610757464   31.059813643   -3.204877066
   -0.174532925    1.221730476  -27.459494933   16.389776088    0.007513321
    0.000000000    1.221730476  -25.813357969    2.898361099    5.138635054
    0.174532925    1.221730476  -26.198252549   -6.451686776   11.724634949
    0.349065850    1.221730476  -27.703485469   -9.760438220   18.849566960
    0.523598776    1.221730476  -29.204759286   -6.467119028   25.265696012
    0.698131701    1.221730476  -29.630524631    2.165707802   29.674635288
    0.872664626    1.221730476  -28.283950557   13.269843367   31.120774176
    1.047197551    1.221730476  -25.053189448   23.215674044   29.370495088
    1.221730476    1.221730476  -20.417819325   29.004044590   25.031036934
    1.396263402    1.221730476  -15.237647525   29.471689339   19.287689458
    1.570796327    1.221730476  -10.398433858   25.358327146   13.438535155
    1.745329252    1.221730476   -6.544060455   18.519017196    8.425512451
    1.919862177    1.221730476   -3.987815783   10.716605846    4.640071519
    2.094395102    1.221730476   -2.810456468    2.750666232    1.990564626
    2.268928028    1.221730476   -3.051756841   -5.644574878    0.132811472
    2.443460953    1.221730476   -4.845706465  -15.167250589   -1.291175109
    2.617993878    1.221730476   -8.420385072  -25.974514605   -2.501553177
    2.792526803    1.221730476  -13.918746560  -36.916604664   -3.533094336
    2.967059728    1.221730476  -21.163552293  -45.471780044   -4.293050536

   -3.141592654    1.396263402  -30.587092933  -49.000212672   -8.244996167
   -2.967059728    1.396263402  -38.876455167  -44.827732289   -8.283421326
   -2.792526803    1.396263402  -45.889743126  -34.785805361   -7.737992497
   -2.617993878    1.396263402  -50.886691482  -22.483357826   -6.698948001
   -2.443460953    1.396263402  -53.882054505  -12.598554725   -5.180544465
   -2.268928028    1.396263402  -55.631881337   -8.559428027   -3.154147526
   -2.094395102    1.396263402  -57.235241946  -10.661116296   -0.702118992
   -1.919862177    1.396263402  -59.529866465  -15.714412440    1.843714036
   -1.745329252    1.396263402  -62.590434672  -18.543174488    3.924351638
   -1.570796327    1.396263402  -65.606725064  -14.658425839    4.954543215
   -1.396263402    1.396263402  -67.231321246   -2.710413853    4.583176924
   -1.221730476    1.396263402  -66.232479142   14.657494785    2.866917256
   -1.047197551    1.396263402  -62.106690392   32.127375701    0.275367250
   -0.872664626    1.396263402  -55.322307263   44.304105362   -2.422229574
   -0.698131701    1.396263402  -47.116771924   48.170550737   -4.349125160
   -0.523598776    1.396263402  -38.978635581   43.796741811   -4.707933043
   -0.349065850    1.396263402  -32.156253284   33.623105031   -2.969286470
   -0.174532925    1.396263402  -27.372018478   21.043174684    0.993163179
    0.000000000    1.396263402  -24.759492429    9.208566315    6.807766189
    0.174532925    1.396263402  -23.960409189    0.624930754   13.631903790
    0.349065850    1.396263402  -24.251115146   -3.136598118   20.267159274
    0.523598776    1.396263402  -24.731527214   -1.593864033   25.422948282
    0.698131701    1.396263402  -24.537001501    4.273675565   28.051740856
    0.872664626    1.396263402  -23.096198969   12.243826713   27.683202463
    1.047197551    1.396263402  -20.292315012   19.486911285   24.603344650
    1.221730476    1.396263402  -16.468847320   23.636923507   19.745276978
    1.396263402    1.396263402  -12.274997179   23.739579924   14.310392780
    1.570796327    1.396263402   -8.390340484   20.276595803    9.337463933
    1.745329252    1.396263402   -5.325816484   14.582151522    5.390293124
    1.919862177    1.396263402   -3.355126340    7.906111440    2.523401103
    2.094395102    1.396263402   -2.593127391    0.735322833    0.437989972
    2.268928028    1.396263402   -3.146154539   -7.258513729   -1.279802311
    2.443460953    1.396263402   -5.207695439  -16.644357954   -2.947445830
    2.617993878    1.396263402   -9.034068875  -27.367058053   -4.660425494
    2.792526803    1.396263402  -14.760451169  -38.095744584   -6.284474446
    2.967059728    1.396263402  -22.179440442  -46.249398751   -7.554702099

   -3.141592654    1.570796327  -32.407511062  -49.461521503  -12.711889772
   -2.967059728    1.570796327  -40.707707371  -44.511205799  -12.791239937
   -2.792526803    1.570796327  -47.608883403  -33.843236170  -12.034736017
   -2.617993878    1.570796327  -52.395153386  -21.017159003  -10.641769168
   -2.443460953    1.570796327  -55.088109325  -10.588688018   -8.692338204
   -2.268928028    1.570796327  -56.437155515   -5.983068762   -6.152769679
   -2.094395102    1.570796327  -57.552595983   -7.703381847   -3.072287167
   -1.919862177    1.570796327  -59.331885509  -12.873532350    0.209258511
   -1.745329252    1.570796327  -61.956727438  -16.508147951    3.049471225
   -1.570796327    1.570796327  -64.732969941  -14.017829518    4.731233102
   -1.396263402    1.570796327  -66.385935048   -3.672793002    4.791549394
   -1.221730476    1.570796327  -65.676647113   12.381460371    3.259970785
   -1.047197551    1.570796327  -62.011729615   29.262410809    0.682279018
   -0.872664626    1.570796327  -55.710510094   41.796460537   -2.031898753
   -0.698131701    1.570796327  -47.842564108   46.954796485   -3.870787158
   -0.523598776    1.570796327  -39.750602038   44.566166881   -3.992122805
   -0.349065850    1.570796327  -32.596151448   36.663133191   -1.948944864
   -0.174532925    1.570796327  -27.096027511   26.117696917    2.196298700
    0.000000000    1.570796327  -23.471483485   15.568213481    7.829994910
    0.174532925    1.570796327  -21.532218918    7.116353589   13.904036828
    0.349065850    1.570796327  -20.773775068    2.186059366   19.143113234
    0.523598776    1.570796327  -20.511784044    1.442574494   22.396237178
    0.698131701    1.570796327  -20.034181285    4.442027811   22.977204991
    0.872664626    1.570796327  -18.807989150    9.705747647   20.913598171
    1.047197551    1.570796327  -16.626418139   15.075883040   16.934270977
    1.221730476    1.570796327  -13.651210609   18.524524247   12.167496971
    1.396263402    1.570796327  -10.331010545   18.986317096    7.690226173
    1.570796327    1.570796327   -7.195441580   16.498208988    4.167375175
    1.745329252    1.570796327   -4.695164063   11.868002193    1.717683783
    1.919862177    1.570796327   -3.125414954    5.955758400    0.036993813
    2.094395102    1.570796327   -2.670449281   -0.907106848   -1.370097862
    2.268928028    1.570796327   -3.512834056   -8.978694542   -2.959859517
    2.443460953    1.570796327   -5.895467293  -18.601521143   -4.976770187
    2.617993878    1.570796327  -10.077635764  -29.438953206   -7.354920503
    2.792526803    1.570796327  -16.152803854  -39.945470724   -9.745346084
    2.967059728    1.570796327  -23.848316058  -47.509127560  -11.659145073

   -3.141592654    1.745329252  -35.024603718  -50.121687898  -17.245302758
   -2.967059728    1.745329252  -43.340742577  -44.068492386  -17.365695952
   -2.792526803    1.745329252  -50.087335956  -32.563926008  -16.363785329
   -2.617993878    1.745329252  -54.595593876  -19.134496259  -14.578462802
   -2.443460953    1.745329252  -56.912260258   -8.153801067  -12.226015232
   -2.268928028    1.745329252  -57.785693759   -2.969274346   -9.340801028
   -2.094395102    1.745329252  -58.333066402   -4.259358331   -5.959424090
   -1.919862177    1.745329252  -59.506612131   -9.484878197   -2.363314327
   -1.745329252    1.745329252  -61.597023573  -13.899402989    0.860644309
   -1.570796327    1.745329252  -64.035401917  -12.840745536    3.018821888
   -1.396263402    1.745329252  -65.630007578   -4.182167841    3.642259746
   -1.221730476    1.745329252  -65.138506654   10.479324780    2.743883670
   -1.047197551    1.745329252  -61.872653769   26.739669114    0.852062968
   -0.872664626    1.745329252  -55.993724190   39.651949160   -1.159043764
   -0.698131701    1.745329252  -48.398105732   46.118309739   -2.350569414
   -0.523598776    1.745329252  -40.290532709   45.641312588   -2.013252521
   -0.349065850    1.745329252  -32.768287095   39.775286535    0.127557695
   -0.174532925    1.745329252  -26.573596240   30.844627446    3.848757989
    0.000000000    1.745329252  -22.045506595   21.014807200    8.439345727
    0.174532925    1.745329252  -19.178753973   12.087106974   12.863167545
    0.349065850    1.745329252  -17.682043404    5.503568682   15.987202450
    0.523598776    1.745329252  -17.048688240    2.297588104   16.946397174
    0.698131701    1.745329252  -16.651863090    2.704277232   15.451013473
    0.872664626    1.745329252  -15.915280341    5.990880214   11.953663214
    1.047197551    1.745329252  -14.475695930   10.493160617    7.495338224
    1.221730476    1.745329252  -12.290269479   14.224237519    3.273216169
    1.396263402    1.745329252   -9.637056042   15.719214512    0.155694019
    1.570796327    1.745329252   -6.965283088   14.425804677   -1.601484437
    1.745329252    1.745329252   -4.744142892   10.655790238   -2.325467880
    1.919862177    1.745329252   -3.352428433    5.027515051   -2.665100706
    2.094395102    1.745329252   -3.076758133   -2.112267087   -3.294660611
    2.268928028    1.745329252   -4.181687191  -10.814872246   -4.695466996
    2.443460953    1.745329252   -6.945332215  -21.099970340   -7.026668471
    2.617993878    1.745329252  -11.600800549  -32.279242846  -10.057092989
    2.792526803    1.745329252  -18.161443988  -42.555092211  -13.222251882
    2.967059728    1.745329252  -26.249039501  -49.307689934  -15.804998289

   -3.141592654    1.919862177  -38.367425592  -51.022335156  -20.814359203
   -2.967059728    1.919862177  -46.712842134  -43.546090896  -21.051982750
   -2.792526803    1.919862177  -53.268903391  -30.975770405  -19.903476652
   -2.617993878    1.919862177  -57.436385693  -16.868490320  -17.816785624
   -2.443460953    1.919862177  -59.313790086   -5.398390484  -15.168100941
   -2.268928028    1.919862177  -59.665902093    0.246389355  -12.119342502
   -2.094395102    1.919862177  -59.617970470   -0.691811360   -8.734145363
   -1.919862177    1.919862177  -60.163813947   -5.948869389   -5.205278681
   -1.745329252    1.919862177  -61.683916521  -11.010943370   -1.959873929
   -1.570796327    1.919862177  -63.718490043  -11.179908904    0.466825224
   -1.396263402    1.919862177  -65.150682029   -3.984022326    1.703063108
   -1.221730476    1.919862177  -64.735790672    9.478753143    1.767534242
   -1.047197551    1.919862177  -61.700284000   25.228623205    1.097770628
   -0.872664626    1.919862177  -56.067236422   38.489548535    0.379007523
   -0.698131701    1.919862177  -48.589334698   46.035610852    0.290131187
   -0.523598776    1.919862177  -40.370680782   47.020756128    1.252348290
   -0.349065850    1.919862177  -32.480615506   42.559380532    3.303203258
   -0.174532925    1.919862177  -25.710766991   34.526777655    6.108743563
    0.000000000    1.919862177  -20.521464222   24.748617193    9.013261105
    0.174532925    1.919862177  -17.072258896   14.855256222   11.192454764
    0.349065850    1.919862177  -15.243968986    6.418313998   11.830521640
    0.523598776    1.919862177  -14.649699846    0.916506216   10.429127126
    0.698131701    1.919862177  -14.680924514   -0.713349076    7.061412858
    0.872664626    1.919862177  -14.654576963    1.470014295    2.478292030
    1.047197551    1.919862177  -14.009678902    6.115424768   -2.118713109
    1.221730476    1.919862177  -12.496214872   11.031114920   -5.568434027
    1.396263402    1.919862177  -10.260911079   14.131465856   -7.237047027
    1.570796327    1.919862177   -7.741257543   14.175750388   -7.236807773
    1.745329252    1.919862177   -5.497774983   11.023466765   -6.273344624
    1.919862177    1.919862177   -4.048559391    5.192249074   -5.281804273
    2.094395102    1.919862177   -3.811179755   -2.796837884   -5.080881233
    2.268928028    1.919862177   -5.135586436  -12.664309947   -6.165292754
    2.443460953    1.919862177   -8.320921254  -24.026023963   -8.619667333
    2.617993878    1.919862177  -13.547989342  -35.787000188  -12.085054780
    2.792526803    1.919862177  -20.716475067  -45.866327890  -15.837393305
    2.967059728    1.919862177  -29.306587735  -51.644508053  -18.985724741

   -3.141592654    2.094395102  -42.171879487  -52.208448972  -22.374118357
   -2.967059728    2.094395102  -50.577034459  -43.082759271  -22.840592314
   -2.792526803    2.094395102  -56.933438747  -29.237129874  -21.740832852
   -2.617993878    2.094395102  -60.723724083  -14.362534849  -19.547874941
   -2.443460953    2.094395102  -62.124248013   -2.478395161  -16.768681334
   -2.268928028    2.094395102  -61.941724436    3.440312993  -13.723518329
   -2.094395102    2.094395102  -61.318242622    2.686434758  -10.548066219
   -1.919862177    2.094395102  -61.273680019   -2.617166184   -7.350228244
   -1.745329252    2.094395102  -62.244674403   -8.124602640   -4.339928138
   -1.570796327    2.094395102  -63.844098772   -9.133856662   -1.803062903
   -1.396263402    2.094395102  -65.006068844   -2.933364228    0.056537488
   -1.221730476    2.094395102  -64.481449132    9.741650022    1.269753918
   -1.047197551    2.094395102  -61.433160120   25.197120319    2.115510350
   -0.872664626    2.094395102  -55.789993176   38.724576075    2.971872249
   -0.698131701    2.094395102  -48.218240754   46.922053298    4.135492067
   -0.523598776    2.094395102  -39.779562547   48.638643247    5.667286351
   -0.349065850    2.094395102  -31.557373289   44.684007421    7.376511125
   -0.174532925    2.094395102  -24.405293405   36.678718790    8.903299828
    0.000000000    2.094395102  -18.883324659   26.296220795    9.780209119
    0.174532925    2.094395102  -15.266304965   15.120141487    9.524628870
    0.349065850    2.094395102  -13.542995010    4.894762838    7.720870769
    0.523598776    2.094395102  -13.381155700   -2.479472332    4.234491727
    0.698131701    2.094395102  -14.134042374   -5.441257976   -0.586644988
    0.872664626    2.094395102  -14.972353765   -3.494921219   -5.841384444
    1.047197551    2.094395102  -15.122253236    2.167006422  -10.314124704
    1.221730476    2.094395102  -14.140241956    8.980620501  -12.959975846
    1.396263402    2.094395102  -12.081914856   14.107633699  -13.363797102
    1.570796327    2.094395102   -9.429666941   15.571895180  -11.909670375
    1.745329252    2.094395102   -6.891414512   12.828395296   -9.557884637
    1.919862177    2.094395102   -5.166091020    6.406342463   -7.425837653
    2.094395102    2.094395102   -4.822513468   -2.875252702   -6.416341651
    2.268928028    2.094395102   -6.297089017  -14.315198720   -7.022412018
    2.443460953    2.094395102   -9.899180521  -27.079098845   -9.281807470
    2.617993878    2.094395102  -15.740968613  -39.644909513  -12.781071908
    2.792526803    2.094395102  -23.589364636  -49.634869163  -16.743404982
    2.967059728    2.094395102  -32.761481149  -54.415970378  -20.212195326

   -3.141592654    2.268928028  -46.007477728  -53.669876434  -21.072409412
   -2.967059728    2.268928028  -54.516958011  -42.835803574  -21.801243023
   -2.792526803    2.268928028  -60.699341946  -27.572157708  -20.937740203
   -2.617993878    2.268928028  -64.114606222  -11.826013824  -18.878308806
   -2.443460953    2.268928028  -65.033984709    0.431303957  -16.187777293
   -2.268928028    2.268928028  -64.333026166    6.442657717  -13.326536702
   -2.094395102    2.268928028  -63.185284221    5.681954226  -10.517948920
   -1.919862177    2.268928028  -62.622780540    0.307352946   -7.794099176
   -1.745329252    2.268928028  -63.098129997   -5.395799620   -5.128323638
   -1.570796327    2.268928028  -64.249430982   -6.750200936   -2.524662157
   -1.396263402    2.268928028  -65.030593996   -0.953153989   -0.011764187
   -1.221730476    2.268928028  -64.188792294   11.421213858    2.409700640
   -1.047197551    2.268928028  -60.858127245   26.778930839    4.776485894
   -0.872664626    2.268928028  -54.934338368   40.374883331    7.080852903
   -0.698131701    2.268928028  -47.068053438   48.631731792    9.210050136
   -0.523598776    2.268928028  -38.338993593   50.209455416   10.914348104
   -0.349065850    2.268928028  -29.876550603   45.809596961   11.882207954
   -0.174532925    2.268928028  -22.590886833   37.022110210   11.845929469
    0.000000000    2.268928028  -17.100329593   25.542858021   10.613796932
    0.174532925    2.268928028  -13.731178639   12.990468751    8.075235823
    0.349065850    2.268928028  -12.510758217    1.259879816    4.192979492
    0.523598776    2.268928028  -13.103348063   -7.417175924   -0.873358266
    0.698131701    2.268928028  -14.785323103  -10.989811073   -6.606739233
    0.872664626    2.268928028  -16.566706500   -8.546600330  -12.084230160
    1.047197551    2.268928028  -17.469252703   -1.237538223  -16.195074818
    1.221730476    2.268928028  -16.882027100    7.918811521  -18.075192879
    1.396263402    2.268928028  -14.805505012   15.296848725  -17.505981278
    1.570796327    2.268928028  -11.804958755   18.198504476  -15.038075849
    1.745329252    2.268928028   -8.767485973   15.727758108  -11.741937887
    1.919862177    2.268928028   -6.593267645    8.499644941   -8.783994840
    2.094395102    2.268928028   -6.009779621   -2.297518641   -7.063615322
    2.268928028    2.268928028   -7.537189097  -15.501155515   -7.040737853
    2.443460953    2.268928028  -11.489265606  -29.830953096   -8.730691604
    2.617993878    2.268928028  -17.907325694  -43.366918153  -11.747321291
    2.792526803    2.268928028  -26.427378441  -53.448360232  -15.387969791
    2.967059728    2.268928028  -36.203855495  -57.392783303  -18.768716132

   -3.141592654    2.443460953  -49.336909843  -55.243039527  -16.589435641
   -2.967059728    2.443460953  -57.986692702  -42.861190733  -17.439738118
   -2.792526803    2.443460953  -64.044187858  -26.177722137  -16.880869958
   -2.617993878    2.443460953  -67.125976033   -9.498119075  -15.153603409
   -2.443460953    2.443460953  -67.599964320    3.119234653  -12.782271181
   -2.268928028    2.443460953  -66.429112010    9.095857915  -10.290607793
   -2.094395102    2.443460953  -64.831103489    8.191689639   -7.950706340
   -1.919862177    2.443460953  -63.836422448    2.775934891   -5.711815390
   -1.745329252    2.443460953  -63.873089827   -2.816003075   -3.325744520
   -1.570796327    2.443460953  -64.557612312   -3.978087872   -0.554347802
   -1.396263402    2.443460953  -64.838530288    1.994532115    2.674477230
   -1.221730476    2.443460953  -63.473130269   14.452499538    6.226584028
   -1.047197551    2.443460953  -59.617097237   29.725991161    9.805517600
   -0.872664626    2.443460953  -53.203279058   42.992816802   12.997157868
   -0.698131701    2.443460953  -44.932414924   50.592920492   15.361958941
   -0.523598776    2.443460953  -35.943118452   51.180054516   16.509196401
   -0.349065850    2.443460953  -27.416180440   45.550314633   16.194185991
   -0.174532925    2.443460953  -20.290872175   35.434713937   14.368838373
    0.000000000    2.443460953  -15.192381417   22.646241717   11.143783818
    0.174532925    2.443460953  -12.437990456    8.856562584    6.715014450
    0.349065850    2.443460953  -12.035978661   -3.947810197    1.315864616
    0.523598776    2.443460953  -13.605159984  -13.308435221   -4.710087546
    0.698131701    2.443460953  -16.324415678  -16.828680231  -10.774503069
    0.872664626    2.443460953  -19.047835618  -13.322098924  -16.022037837
    1.047197551    2.443460953  -20.618767578   -3.988465332  -19.527751653
    1.221730476    2.443460953  -20.295058818    7.677115901  -20.659831315
    1.396263402    2.443460953  -18.055210388   17.310982816  -19.386740740
    1.570796327    2.443460953  -14.568684598   21.573292636  -16.343389557
    1.745329252    2.443460953  -10.909097808   19.292012592  -12.579379983
    1.919862177    2.443460953   -8.174395848   11.216314055   -9.174007747
    2.094395102    2.443460953   -7.241287494   -1.076132362   -6.920787803
    2.268928028    2.443460953   -8.703815362  -15.978576393   -6.196390448
    2.443460953    2.443460953  -12.876984428  -31.825613506   -6.997957190
    2.617993878    2.443460953  -19.741640763  -46.383730521   -9.025351451
    2.792526803    2.443460953  -28.825638545  -56.760509392  -11.756283432
    2.967059728    2.443460953  -39.145323645  -60.182525632  -14.512341944

   -3.141592654    2.617993878  -51.630864471  -56.584103446   -9.323477507
   -2.967059728    2.617993878  -60.416419125  -43.040663062   -9.969306692
   -2.792526803    2.617993878  -66.396262086  -25.140392583   -9.612820963
   -2.617993878    2.617993878  -69.213217738   -7.585055963   -8.314251555
   -2.443460953    2.617993878  -69.316016843    5.368938826   -6.461352089
   -2.268928028    2.617993878  -67.755711626   11.262562237   -4.518547037
   -2.094395102    2.617993878  -65.794991293   10.200408332   -2.712095369
   -1.919862177    2.617993878  -64.446197031    4.886397304   -0.880223556
   -1.745329252    2.617993878  -64.077976112   -0.230541042    1.398826097
   -1.570796327    2.617993878  -64.251849612   -0.702194186    4.495675282
   -1.396263402    2.617993878  -63.905105639    5.865638031    8.443127616
   -1.221730476    2.617993878  -61.839371352   18.525785873   12.850039107
   -1.047197551    2.617993878  -57.295586503   33.428343239   17.033703404
   -0.872664626    2.617993878  -50.310309342   45.745293514   20.237141148
   -0.698131701    2.617993878  -41.677018238   51.930875164   21.869879875
   -0.523598776    2.617993878  -32.597921613   50.851932008   21.630335104
   -0.349065850    2.617993878  -24.276108891   43.548161435   19.533609504
   -0.174532925    2.617993878  -17.633430455   31.948480950   15.833578084
    0.000000000    2.617993878  -13.252171270   17.962971461   10.897668339
    0.174532925    2.617993878  -11.397938715    3.273227409    5.098029984
    0.349065850    2.617993878  -12.025310294  -10.102809614   -1.206050732
    0.523598776    2.617993878  -14.685175978  -19.553654024   -7.593015650
    0.698131701    2.617993878  -18.452572267  -22.452367373  -13.465691132
    0.872664626    2.617993878  -22.041482627  -17.470850440  -18.074350767
    1.047197551    2.617993878  -24.153209261   -5.947062263  -20.718859158
    1.221730476    2.617993878  -23.958502612    8.153433679  -21.039387877
    1.396263402    2.617993878  -21.447400415   19.835451220  -19.205805399
    1.570796327    2.617993878  -17.404344577   25.259727755  -15.900822304
    1.745329252    2.617993878  -13.077424052   23.088316416  -12.065423842
    1.919862177    2.617993878   -9.736925355   14.246642463   -8.580444301
    2.094395102    2.617993878   -8.381503851    0.683973649   -6.034534872
    2.268928028    2.617993878   -9.659138833  -15.614579052   -4.657842674
    2.443460953    2.617993878  -13.881283444  -32.706946405   -4.406537167
    2.617993878    2.617993878  -20.985368587  -48.177187169   -5.082032967
    2.792526803    2.617993878  -30.428203778  -58.993174307   -6.396465994
    2.967059728    2.617993878  -41.132782416  -62.269937431   -7.968964142

   -3.141592654    2.792526803  -52.487188539  -57.236744386   -0.343149097
   -2.967059728    2.792526803  -61.338317637  -43.091484986   -0.395389668
   -2.792526803    2.792526803  -67.257845088  -24.400349447   -0.028857809
   -2.617993878    2.792526803  -69.885157183   -6.206703230    0.848601959
   -2.443460953    2.792526803  -69.719356382    6.998012740    2.056184358
   -2.268928028    2.792526803  -67.877668843   12.827624224    3.319469582
   -2.094395102    2.792526803  -65.649941171   11.735105076    4.570154565
   -1.919862177    2.792526803  -64.008621934    6.789305365    6.105082892
   -1.745329252    2.792526803  -63.239464691    2.528841240    8.435892071
   -1.570796327    2.792526803  -62.838840648    3.112358460   11.912594444
   -1.396263402    2.792526803  -61.752934947   10.424739442   16.379732931
   -1.221730476    2.792526803  -58.880129835   23.071519554   21.116314814
   -1.047197551    2.792526803  -53.611984939   37.033598613   25.096278597
   -0.872664626    2.792526803  -46.136245303   47.659576189   27.376201791
   -0.698131701    2.792526803  -37.346780284   51.776780380   27.430307467
   -0.523598776    2.792526803  -28.475648541   48.661592896   25.241229834
   -0.349065850    2.792526803  -20.691893564   39.647482743   21.188906521
   -0.174532925    2.792526803  -14.846738505   26.789600638   15.816379652
    0.000000000    2.792526803  -11.443573195   11.978780352    9.637559381
    0.174532925    2.792526803  -10.678600292   -3.165945381    3.052705624
    0.349065850    2.792526803  -12.442499375  -16.622272395   -3.581456741
    0.523598776    2.792526803  -16.211421392  -25.644742148   -9.835842739
    0.698131701    2.792526803  -20.957333053  -27.448241954  -15.124957430
    0.872664626    2.792526803  -25.272441177  -20.688369532  -18.798398630
    1.047197551    2.792526803  -27.755584322   -6.943501281  -20.379533120
    1.221730476    2.792526803  -27.539717871    9.352843604  -19.796823470
    1.396263402    2.792526803  -24.663566419   22.704362320  -17.442908116
    1.570796327    2.792526803  -20.034668135   28.960552913  -14.048729475
    1.745329252    2.792526803  -15.052828069   26.768169441  -10.409856883
    1.919862177    2.792526803  -11.119591299   17.284761314   -7.142534827
    2.094395102    2.792526803   -9.313020536    2.796449231   -4.559084269
    2.268928028    2.792526803  -10.304267793  -14.429701051   -2.687239344
    2.443460953    2.792526803  -14.390927034  -32.311931155   -1.406263898
    2.617993878    2.792526803  -21.483200378  -48.409200251   -0.597436202
    2.792526803    2.792526803  -31.008217775  -59.674710845   -0.204174945
    2.967059728    2.792526803  -41.851233646  -63.133096421   -0.174844534

   -3.141592654    2.967059728  -51.727620005  -56.820340555    8.949267706
   -2.967059728    2.967059728  -60.513129003  -42.713239358    9.775332586
   -2.792526803    2.967059728  -66.351208860  -23.824337490   10.363233673
   -2.617993878    2.967059728  -68.856007732   -5.394616132   10.900715046
   -2.443460953    2.967059728  -68.537714909    7.903920080   11.442588872
   -2.268928028    2.967059728  -66.537754499   13.739128863   11.994898160
   -2.094395102    2.967059728  -64.138065117   12.857029310   12.722592072
   -1.919862177    2.967059728  -62.247928389    8.610912110   14.046073659
   -1.745329252    2.967059728  -61.063900905    5.513320778   16.456642589
   -1.570796327    2.967059728  -60.034191853    7.286511238   20.135931774
   -1.396263402    2.967059728  -58.155838696   15.179852023   24.651061997
   -1.221730476    2.967059728  -54.480198933   27.326335629   28.987255473
   -1.047197551    2.967059728  -48.597084741   39.665401365   31.933408340
   -0.872664626    2.967059728  -40.859538975   47.957212790   32.575318860
   -0.698131701    2.967059728  -32.233660023   49.633721395   30.633122842
   -0.523598776    2.967059728  -23.922805483   44.486517662   26.452616522
   -0.349065850    2.967059728  -16.999301893   34.081805078   20.743236253
   -0.174532925    2.967059728  -12.201993378   20.441283290   14.223527796
    0.000000000    2.967059728   -9.941925302    5.285822429    7.414954026
    0.174532925    2.967059728  -10.351803286   -9.884653521    0.631440126
    0.349065850    2.967059728  -13.266128535  -23.020166656   -5.845228448
    0.523598776    2.967059728  -18.087694859  -31.210392225  -11.603019684
    0.698131701    2.967059728  -23.686996447  -31.547836319  -16.061814117
    0.872664626    2.967059728  -28.549627290  -22.788494648  -18.646145611
    1.047197551    2.967059728  -31.208903806   -6.867261405  -19.076876883
    1.221730476    2.967059728  -30.809562882   11.300355711  -17.556305355
    1.396263402    2.967059728  -27.478610824   25.843527166  -14.701727234
    1.570796327    2.967059728  -22.255984448   32.506388652  -11.300164382
    1.745329252    2.967059728  -16.667403491   30.097875332   -8.000597174
    1.919862177    2.967059728  -12.197325353   20.081890905   -5.137650587
    2.094395102    2.967059728   -9.951950821    5.045176669   -2.721042563
    2.268928028    2.967059728  -10.587485477  -12.571209860   -0.550947951
    2.443460953    2.967059728  -14.371760921  -30.689297890    1.594765529
    2.617993878    2.967059728  -21.198674310  -47.000349910    3.789187283
    2.792526803    2.967059728  -30.502757252  -58.580386003    5.899307180
    2.967059728    2.967059728  -41.187351331  -62.427194232    7.674899844
