#! FIELDS phi psi file.free der_phi der_psi
#! SET min_phi -pi
#! SET max_phi pi
#! SET nbins_phi  36
#! SET periodic_phi true
#! SET min_psi -pi
#! SET max_psi pi
#! SET nbins_psi  36
#! SET periodic_psi true
   -3.141592654   -3.141592654  -36.244807241  -48.666258150   16.741187941
   -2.967059728   -3.141592654  -44.009969775  -39.141426382   19.055101455
   -2.792526803   -3.141592654  -49.582366496  -24.125174085   20.580901347
   -2.617993878   -3.141592654  -52.362781899   -7.927873331   21.445197109
   -2.443460953   -3.141592654  -52.533879786    5.170027760   21.951605426
   -2.268928028   -3.141592654  -50.887616430   12.697796454   22.506608775
   -2.094395102   -3.141592654  -48.422769215   14.780428891   23.549930616
   -1.919862177   -3.141592654  -45.913858399   13.703836240   25.428503432
   -1.745329252   -3.141592654  -43.637326842   12.637130543   28.190879790
   -1.570796327   -3.141592654  -41.351196600   14.110872229   31.401420659
   -1.396263402   -3.141592654  -38.516488755   18.867072121   34.151457337
   -1.221730476   -3.141592654  -34.648325111   25.577875891   35.359281110
   -1.047197551   -3.141592654  -29.623496705   31.608471092   34.253306347
   -0.872664626   -3.141592654  -23.791543483   34.461467902   30.741957317
   -0.698131701   -3.141592654  -17.838637942   32.959834237   25.443478465
   -0.523598776   -3.141592654  -12.506550162   27.540218725   19.350702167
   -0.349065850   -3.141592654   -8.357806015   19.683634055   13.380216547
   -0.174532925   -3.141592654   -5.678394108   10.916286078    8.027748681
    0.000000000   -3.141592654   -4.532187143    2.258269433    3.331280576
    0.174532925   -3.141592654   -4.842997123   -5.676514288   -0.940489376
    0.349065850   -3.141592654   -6.418819351  -12.091670176   -4.976847893
    0.523598776   -3.141592654   -8.891022529  -15.690426961   -8.702970882
    0.698131701   -3.141592654  -11.646882513  -15.179281008  -11.722016578
    0.872664626   -3.141592654  -13.912779976  -10.124092959  -13.492558535
    1.047197551   -3.141592654  -14.978770750   -1.751566668  -13.635465085
    1.221730476   -3.141592654  -14.484148388    7.267011289  -12.195074163
    1.396263402   -3.141592654  -12.580004162   13.989794720   -9.655808372
    1.570796327   -3.141592654   -9.850929953   16.532959186   -6.726363908
    1.745329252   -3.141592654   -7.073182792   14.616853104   -4.000919974
    1.919862177   -3.141592654   -4.962606924    9.069226376   -1.734853954
    2.094395102   -3.141592654   -4.062832892    0.875345105    0.183613121
    2.268928028   -3.141592654   -4.778619488   -9.387168393    2.096678653
    2.443460953   -3.141592654   -7.438185750  -21.297255292    4.363443572
    2.617993878   -3.141592654  -12.249755053  -33.768483137    7.165148835
    2.792526803   -3.141592654  -19.126032189  -44.486741639   10.407296881
    2.967059728   -3.141592654  -27.488815891  -50.325513315   13.745071159

   -3.141592654   -2.967059728  -32.870344099  -45.329258926   21.473913629
   -2.967059728   -2.967059728  -40.134431199  -36.777374350   24.832085484
   -2.792526803   -2.967059728  -45.386771809  -22.805467174   26.933060364
   -2.617993878   -2.967059728  -48.011641507   -7.400891181   27.839199640
   -2.443460953   -2.967059728  -48.126462376    5.378205982   27.985628940
   -2.268928028   -2.967059728  -46.430880601   13.146963193   28.009234353
   -2.094395102   -2.967059728  -43.829894818   15.955904751   28.529154673
   -1.919862177   -2.967059728  -41.034006510   15.818488939   29.920127771
   -1.745329252   -2.967059728  -38.320733019   15.440543273   32.118714757
   -1.570796327   -2.967059728  -35.537753263   16.837110345   34.543763458
   -1.396263402   -2.967059728  -32.311556497   20.443993203   36.230480376
   -1.221730476   -2.967059728  -28.340409091   25.066132006   36.188734007
   -1.047197551   -2.967059728  -23.619818893   28.645160222   33.848584723
   -0.872664626   -2.967059728  -18.496606471   29.433718970   29.333718920
   -0.698131701   -2.967059728  -13.535607354   26.799675395   23.398350147
   -0.523598776   -2.967059728   -9.301767555   21.274404892   17.047638689
   -0.349065850   -2.967059728   -6.202663437   14.000721719   11.114579942
   -0.174532925   -2.967059728   -4.447518275    6.006958468    5.969271921
    0.000000000   -2.967059728   -4.103246856   -2.070973012    1.539274924
    0.174532925   -2.967059728   -5.140377964   -9.705146125   -2.470036159
    0.349065850   -2.967059728   -7.401814846  -15.901799490   -6.258962740
    0.523598776   -2.967059728  -10.503691648  -19.016871981   -9.722599922
    0.698131701   -2.967059728  -13.761231480  -17.495275947  -12.433678819
    0.872664626   -2.967059728  -16.305676446  -10.924085590  -13.848517776
    1.047197551   -2.967059728  -17.364116318   -0.871235928  -13.627944603
    1.221730476   -2.967059728  -16.589614850    9.506948246  -11.882975649
    1.396263402   -2.967059728  -14.223603416   16.914970233   -9.156868792
    1.570796327   -2.967059728  -10.976709145   19.440705923   -6.176847744
    1.745329252   -2.967059728   -7.726804971   17.082403708   -3.508842406
    1.919862177   -2.967059728   -5.228595962   11.073234355   -1.344671789
    2.094395102   -2.967059728   -3.998452067    2.725645605    0.509225526
    2.268928028   -2.967059728   -4.372693684   -7.251875324    2.485469948
    2.443460953   -2.967059728   -6.607586161  -18.527532600    5.041284950
    2.617993878   -2.967059728  -10.871618364  -30.279140268    8.447018982
    2.792526803   -2.967059728  -17.091342832  -40.526358422   12.641614573
    2.967059728   -2.967059728  -24.756653652  -46.397285405   17.200181263

   -3.141592654   -2.792526803  -28.901174245  -41.042191752   23.560976404
   -2.967059728   -2.792526803  -35.520913551  -33.756490406   27.492584290
   -2.792526803   -2.792526803  -40.375873096  -21.266479668   29.884539217
   -2.617993878   -2.792526803  -42.844236919   -7.063051389   30.750134070
   -2.443460953   -2.792526803  -42.959884970    5.154182099   30.603290856
   -2.268928028   -2.792526803  -41.298275602   13.096810130   30.211737049
   -2.094395102   -2.792526803  -38.648352862   16.629623396   30.266319455
   -1.919862177   -2.792526803  -35.658007802   17.353428482   31.098009819
   -1.745329252   -2.792526803  -32.625894898   17.452422487   32.530228762
   -1.570796327   -2.792526803  -29.508307578   18.497137555   33.914916195
   -1.396263402   -2.792526803  -26.095225514   20.771099228   34.365081341
   -1.221730476   -2.792526803  -22.239520990   23.343657207   33.116983665
   -1.047197551   -2.792526803  -18.012606013   24.758483774   29.876180306
   -0.872664626   -2.792526803  -13.722276316   23.923400649   24.956436226
   -0.698131701   -2.792526803   -9.798026530   20.598052582   19.133835263
   -0.523598776   -2.792526803   -6.639421224   15.287408287   13.276246069
   -0.349065850   -2.792526803   -4.525373044    8.750805030    8.009716565
   -0.174532925   -2.792526803   -3.615820805    1.548579802    3.525031436
    0.000000000   -2.792526803   -3.998934025   -6.001726187   -0.342718681
    0.174532925   -2.792526803   -5.698117095  -13.392251083   -3.894270762
    0.349065850   -2.792526803   -8.588165362  -19.390370054   -7.286177962
    0.523598776   -2.792526803  -12.262645298  -22.005569404  -10.362675392
    0.698131701   -2.792526803  -15.960568575  -19.449211104  -12.681848304
    0.872664626   -2.792526803  -18.720259593  -11.370112944  -13.729100771
    1.047197551   -2.792526803  -19.714196621    0.296529834  -13.221375002
    1.221730476   -2.792526803  -18.619220844   11.916790051  -11.317559628
    1.396263402   -2.792526803  -15.773249707   19.877575026   -8.572361566
    1.570796327   -2.792526803  -12.011889230   22.278734806   -5.682237991
    1.745329252   -2.792526803   -8.307638265   19.422884772   -3.160827859
    1.919862177   -2.792526803   -5.444140025   12.956124697   -1.148987287
    2.094395102   -2.792526803   -3.899998168    4.518982078    0.586319727
    2.268928028   -2.792526803   -3.932278505   -5.042772675    2.511484291
    2.443460953   -2.792526803   -5.712627080  -15.476313148    5.129374338
    2.617993878   -2.792526803   -9.356671524  -26.234451524    8.768093982
    2.792526803   -2.792526803  -14.798007535  -35.733679142   13.406396077
    2.967059728   -2.792526803  -21.603564031  -41.468394975   18.593498155

   -3.141592654   -2.617993878  -24.775680638  -36.376604179   23.351816952
   -2.967059728   -2.617993878  -30.695691055  -30.499365216   27.349202484
   -2.792526803   -2.617993878  -35.131065060  -19.714893287   29.705082862
   -2.617993878   -2.617993878  -37.459821509   -6.921351889   30.415152960
   -2.443460953   -2.617993878  -37.622972868    4.606227506   30.022607358
   -2.268928028   -2.617993878  -36.058054265   12.655915119   29.323644876
   -2.094395102   -2.617993878  -33.434469531   16.819048892   28.981136587
   -1.919862177   -2.617993878  -30.349471473   18.210497482   29.237896018
   -1.745329252   -2.617993878  -27.140124564   18.514508324   29.836469257
   -1.570796327   -2.617993878  -23.875103483   18.984551929   30.151305068
   -1.396263402   -2.617993878  -20.484967039   19.912008624   29.471897444
   -1.221730476   -2.617993878  -16.931580447   20.713540647   27.317789238
   -1.047197551   -2.617993878  -13.314283824   20.477373889   23.656832986
   -0.872664626   -2.617993878   -9.874995271   18.594653542   18.915594475
   -0.698131701   -2.617993878   -6.913831356   15.027030321   13.784404059
   -0.523598776   -2.617993878   -4.697869430   10.147510405    8.902831262
   -0.349065850   -2.617993878   -3.418583194    4.343799390    4.643934752
   -0.174532925   -2.617993878   -3.217883877   -2.197251956    1.028276921
    0.000000000   -2.617993878   -4.217453180   -9.368734866   -2.154880031
    0.174532925   -2.617993878   -6.489680600  -16.611659049   -5.158653678
    0.349065850   -2.617993878   -9.930241376  -22.441187934   -8.062555396
    0.523598776   -2.617993878  -14.101163783  -24.559283679  -10.663227567
    0.698131701   -2.617993878  -18.165200711  -20.996605992  -12.533829446
    0.872664626   -2.617993878  -21.075860208  -11.499290544  -13.221066331
    1.047197551   -2.617993878  -21.961986633    1.635211040  -12.507880455
    1.221730476   -2.617993878  -20.530761298   14.336935336  -10.578391639
    1.396263402   -2.617993878  -17.214698730   22.725442264   -7.955272634
    1.570796327   -2.617993878  -12.965198004   24.940099426   -5.263862959
    1.745329252   -2.617993878   -8.838443242   21.582689746   -2.948141594
    1.919862177   -2.617993878   -5.639025590   14.686634987   -1.109861157
    2.094395102   -2.617993878   -3.804018282    6.200053115    0.488408754
    2.268928028   -2.617993878   -3.509711005   -2.894568161    2.298827425
    2.443460953   -2.617993878   -4.839722546  -12.406079251    4.819380664
    2.617993878   -2.617993878   -7.850350631  -22.049113572    8.394556161
    2.792526803   -2.617993878  -12.476257655  -30.657812636   13.029926133
    2.967059728   -2.617993878  -18.362656590  -36.153400230   18.283359432

   -3.141592654   -2.443460953  -20.858529706  -31.877617889   21.235904273
   -2.967059728   -2.443460953  -26.108387646  -27.417607071   24.846595803
   -2.792526803   -2.443460953  -30.156373826  -18.356825604   26.887168691
   -2.617993878   -2.443460953  -32.380512326   -6.985630997   27.366696800
   -2.443460953   -2.443460953  -32.628043041    3.839004842   26.808212181
   -2.268928028   -2.443460953  -31.201985085   11.939229343   25.941727679
   -2.094395102   -2.443460953  -28.664334585   16.583605536   25.323317744
   -1.919862177   -2.443460953  -25.579000536   18.400492479   25.090864087
   -1.745329252   -2.443460953  -22.331630319   18.658029748   24.953368665
   -1.570796327   -2.443460953  -19.092772254   18.436452881   24.379393809
   -1.396263402   -2.443460953  -15.898157284   18.159885715   22.878104517
   -1.221730476   -2.443460953  -12.769679488   17.611560673   20.235424066
   -1.047197551   -2.443460953   -9.794291892   16.309558480   16.611357370
   -0.872664626   -2.443460953   -7.135964771   13.933990033   12.458577341
   -0.698131701   -2.443460953   -4.986818976   10.477119903    8.316772487
   -0.523598776   -2.443460953   -3.523884973    6.115378302    4.579974239
   -0.349065850   -2.443460953   -2.894250290    0.923361560    1.391419547
   -0.174532925   -2.443460953   -3.247819791   -5.161502227   -1.351904772
    0.000000000   -2.443460953   -4.743783014  -12.129690494   -3.863384737
    0.174532925   -2.443460953   -7.492605259  -19.317779110   -6.325660973
    0.349065850   -2.443460953  -11.397094333  -25.006152372   -8.744865785
    0.523598776   -2.443460953  -15.981233766  -26.651196306  -10.893742454
    0.698131701   -2.443460953  -20.336320092  -22.159199706  -12.382514158
    0.872664626   -2.443460953  -23.342494951  -11.390491339  -12.820162310
    1.047197551   -2.443460953  -24.094965359    3.028753102  -12.029792092
    1.221730476   -2.443460953  -22.332505764   16.652284733  -10.180149279
    1.396263402   -2.443460953  -18.573626459   25.379233919   -7.729167171
    1.570796327   -2.443460953  -13.871769577   27.396416907   -5.222419740
    1.745329252   -2.443460953   -9.355426351   23.574607805   -3.051003087
    1.919862177   -2.443460953   -5.845630397   16.289988729   -1.309518172
    2.094395102   -2.443460953   -3.740236366    7.767037260    0.207042693
    2.268928028   -2.443460953   -3.140585176   -0.880243202    1.899897900
    2.443460953   -2.443460953   -4.046638562   -9.504836419    4.224636387
    2.617993878   -2.443460953   -6.455750416  -18.057083803    7.507461224
    2.792526803   -2.443460953  -10.300373335  -25.775334083   11.766229207
    2.967059728   -2.443460953  -15.300128257  -31.015710464   16.595072871

   -3.141592654   -2.268928028  -17.458361555  -28.013559548   17.451850886
   -2.967059728   -2.268928028  -22.139046421  -24.844930079   20.304832512
   -2.792526803   -2.268928028  -25.872963963  -17.325004142   21.833810650
   -2.617993878   -2.268928028  -28.033505665   -7.201363006   22.087016433
   -2.443460953   -2.268928028  -28.381984531    3.014438007   21.518247827
   -2.268928028   -2.268928028  -27.106143168   11.125309035   20.704329777
   -2.094395102   -2.268928028  -24.685131302   16.074163459   20.027005721
   -1.919862177   -2.268928028  -21.668672382   18.068543038   19.507779934
   -1.745329252   -2.268928028  -18.493335273   18.082346362   18.858244018
   -1.570796327   -2.268928028  -15.411095594   17.151528377   17.681926566
   -1.396263402   -2.268928028  -12.524000488   15.903360724   15.709665810
   -1.221730476   -2.268928028   -9.871771709   14.451687219   12.944275738
   -1.047197551   -2.268928028   -7.502413908   12.608838534    9.662042769
   -0.872664626   -2.268928028   -5.503163824   10.173150489    6.282823472
   -0.698131701   -2.268928028   -3.986278661    7.047174947    3.182414698
   -0.523598776   -2.268928028   -3.078898532    3.189637911    0.545650942
   -0.349065850   -2.268928028   -2.918961094   -1.558867496   -1.656962256
   -0.174532925   -2.268928028   -3.681411503   -7.396194502   -3.603571054
    0.000000000   -2.268928028   -5.561612779  -14.323329731   -5.496390312
    0.174532925   -2.268928028   -8.697000045  -21.549803290   -7.468716954
    0.349065850   -2.268928028  -12.987928548  -27.156729907   -9.495559961
    0.523598776   -2.268928028  -17.919229528  -28.409493835  -11.361497468
    0.698131701   -2.268928028  -22.517538580  -23.117071942  -12.712898079
    0.872664626   -2.268928028  -25.597017106  -11.235302185  -13.172923201
    1.047197551   -2.268928028  -26.220149917    4.333097890  -12.526642211
    1.221730476   -2.268928028  -24.148904523   18.812449015  -10.856993476
    1.396263402   -2.268928028  -19.974174879   27.891352797   -8.531088703
    1.570796327   -2.268928028  -14.839522776   29.774384368   -6.042622968
    1.745329252   -2.268928028   -9.941410861   25.551153699   -3.792748425
    1.919862177   -2.268928028   -6.121386724   17.897269163   -1.935555316
    2.094395102   -2.268928028   -3.747905179    9.291902096   -0.348938183
    2.268928028   -2.268928028   -2.858986918    0.982520163    1.286184224
    2.443460953   -2.268928028   -3.380500526   -6.909043977    3.360202234
    2.617993878   -2.268928028   -5.255935892  -14.535130926    6.162121855
    2.792526803   -2.268928028   -8.413881137  -21.497283600    9.718838315
    2.967059728   -2.268928028  -12.639313198  -26.546138401   13.693298745

   -3.141592654   -2.094395102  -14.845002198  -25.167321508   12.259635102
   -2.967059728   -2.094395102  -19.113631333  -23.027351548   14.091348799
   -2.792526803   -2.094395102  -22.633083459  -16.670667313   15.010663957
   -2.617993878   -2.094395102  -24.763540276   -7.439772500   15.122828104
   -2.443460953   -2.094395102  -25.196456365    2.368119252   14.767009157
   -2.268928028   -2.094395102  -24.037912728   10.474428330   14.289531570
   -2.094395102   -2.094395102  -21.720199524   15.532682391   13.834574788
   -1.919862177   -2.094395102  -18.800831859   17.447299000   13.286128103
   -1.745329252   -2.094395102  -15.765329639   17.044279245   12.371716665
   -1.570796327   -2.094395102  -12.921826136   15.425917427   10.845711586
   -1.396263402   -2.094395102  -10.400869759   13.449679349    8.649622801
   -1.221730476   -2.094395102   -8.225961841   11.491768748    5.962576251
   -1.047197551   -2.094395102   -6.390376769    9.527312056    3.131697839
   -0.872664626   -2.094395102   -4.912524728    7.341163682    0.526107981
   -0.698131701   -2.094395102   -3.851720853    4.675164864   -1.617299536
   -0.523598776   -2.094395102   -3.316938124    1.275695523   -3.265687984
   -0.349065850   -2.094395102   -3.462159837   -3.177993480   -4.565480367
   -0.174532925   -2.094395102   -4.497980965   -8.940818264   -5.745109694
    0.000000000   -2.094395102   -6.655589206  -15.978484969   -7.019094722
    0.174532925   -2.094395102  -10.095469287  -23.379973553   -8.529908622
    0.349065850   -2.094395102  -14.715630939  -29.060323006  -10.287827359
    0.523598776   -2.094395102  -19.966942677  -30.110722638  -12.125368840
    0.698131701   -2.094395102  -24.815757726  -24.213112739  -13.701340755
    0.872664626   -2.094395102  -28.005628998  -11.352849763  -14.569576820
    1.047197551   -2.094395102  -28.550082520    5.351162259  -14.365472718
    1.221730476   -2.094395102  -26.211585668   20.800317708  -12.996677168
    1.396263402   -2.094395102  -21.635429026   30.415872721  -10.714427567
    1.570796327   -2.094395102  -16.050228068   32.333989899   -8.006120310
    1.745329252   -2.094395102  -10.729813810   27.792737222   -5.370916920
    1.919862177   -2.094395102   -6.554266875   19.739041380   -3.110726109
    2.094395102   -2.094395102   -3.882421243   10.912787037   -1.247892855
    2.268928028   -2.094395102   -2.705920176    2.717821138    0.424637309
    2.443460953   -2.094395102   -2.889094525   -4.722326965    2.219593020
    2.617993878   -2.094395102   -4.328558338  -11.721077848    4.385207621
    2.792526803   -2.094395102   -6.946764395  -18.179649368    6.967606105
    2.967059728   -2.094395102  -10.578777743  -23.162103765    9.737127641

   -3.141592654   -1.919862177  -13.222890802  -23.588618143    6.209819885
   -2.967059728   -1.919862177  -17.270473146  -22.093551617    6.898407056
   -2.792526803   -1.919862177  -20.683759848  -16.362708159    7.195683332
   -2.617993878   -1.919862177  -22.799059729   -7.526131297    7.270027269
   -2.443460953   -1.919862177  -23.261028526    2.159041985    7.315297723
   -2.268928028   -1.919862177  -22.139314856   10.262663106    7.397537097
   -2.094395102   -1.919862177  -19.865196270   15.210528183    7.378949939
   -1.919862177   -1.919862177  -17.030140317   16.756223889    6.982473687
   -1.745329252   -1.919862177  -14.166016888   15.741527826    5.947078384
   -1.570796327   -1.919862177  -11.610463539   13.437280765    4.179336963
   -1.396263402   -1.919862177   -9.486310774   10.936680209    1.826170607
   -1.221730476   -1.919862177   -7.771461198    8.799596318   -0.767798061
   -1.047197551   -1.919862177   -6.393002398    7.047014720   -3.188120021
   -0.872664626   -1.919862177   -5.308382235    5.352329828   -5.100271536
   -0.698131701   -1.919862177   -4.544891857    3.256378118   -6.367849517
   -0.523598776   -1.919862177   -4.215569256    0.304695453   -7.065401254
   -0.349065850   -1.919862177   -4.507848912   -3.936818058   -7.428779009
   -0.174532925   -1.919862177   -5.676944235   -9.746741485   -7.745331580
    0.000000000   -1.919862177   -7.995951883  -17.050036034   -8.289920573
    0.174532925   -1.919862177  -11.656067518  -24.840188322   -9.282477562
    0.349065850   -1.919862177  -16.564791598  -30.880772002  -10.829355775
    0.523598776   -1.919862177  -22.149807809  -32.054431241  -12.834272256
    0.698131701   -1.919862177  -27.316761204  -25.824662671  -14.937803864
    0.872664626   -1.919862177  -30.719502314  -12.096210568  -16.548590986
    1.047197551   -1.919862177  -31.287689943    5.858301865  -17.059436148
    1.221730476   -1.919862177  -28.746697252   22.578903162  -16.129249448
    1.396263402   -1.919862177  -23.773750797   33.094840294  -13.869579401
    1.570796327   -1.919862177  -17.684422326   35.329771720  -10.791883611
    1.745329252   -1.919862177  -11.853351834   30.578528614   -7.558549851
    1.919862177   -1.919862177   -7.231608149   22.046150106   -4.688580147
    2.094395102   -1.919862177   -4.198388482   12.769812887   -2.398896173
    2.268928028   -1.919862177   -2.720782535    4.358388514   -0.618454307
    2.443460953   -1.919862177   -2.615807106   -3.022669215    0.881081754
    2.617993878   -1.919862177   -3.739999689   -9.798075394    2.311561280
    2.792526803   -1.919862177   -6.005037832  -16.087383973    3.752800428
    2.967059728   -1.919862177   -9.274368517  -21.158671955    5.113653643

   -3.141592654   -1.745329252  -12.664159168  -23.327917329    0.266020886
   -2.967059728   -1.745329252  -16.685764410  -22.037763941   -0.093669956
   -2.792526803   -1.745329252  -20.094870355  -16.335604548   -0.320265646
   -2.617993878   -1.745329252  -22.194305892   -7.350552495   -0.205953240
   -2.443460953   -1.745329252  -22.608797344    2.515017703    0.281888498
   -2.268928028   -1.745329252  -21.421475754   10.610327747    0.926897595
   -2.094395102   -1.745329252  -19.112167700   15.204233383    1.317795373
   -1.919862177   -1.745329252  -16.334385642   16.061700796    1.026828005
   -1.745329252   -1.745329252  -13.664355033   14.208670640   -0.190523714
   -1.570796327   -1.745329252  -11.442806464   11.186461304   -2.276309596
   -1.396263402   -1.745329252   -9.749141511    8.328746457   -4.880134442
   -1.221730476   -1.745329252   -8.486347379    6.306435937   -7.486468124
   -1.047197551   -1.745329252   -7.502071873    5.083271888   -9.595371612
   -0.872664626   -1.745329252   -6.696404329    4.138361654  -10.879590131
   -0.698131701   -1.745329252   -6.079267127    2.774776547  -11.273648188
   -0.523598776   -1.745329252   -5.784632974    0.336311360  -10.944113104
   -0.349065850   -1.745329252   -6.049045164   -3.705913901  -10.222642468
   -0.174532925   -1.745329252   -7.185206058   -9.652971024   -9.487908591
    0.000000000   -1.745329252   -9.522954748  -17.403568035   -9.121680737
    0.174532925   -1.745329252  -13.302125485  -25.878673963   -9.464631057
    0.349065850   -1.745329252  -18.459313674  -32.678658291  -10.743077226
    0.523598776   -1.745329252  -24.411735174  -34.404286101  -12.930438169
    0.698131701   -1.745329252  -29.999093242  -28.175379042  -15.628740672
    0.872664626   -1.745329252  -33.757064619  -13.688497547  -18.077194653
    1.047197551   -1.745329252  -34.486064356    5.688707685  -19.406989848
    1.221730476   -1.745329252  -31.828641680   24.072712830  -19.014171747
    1.396263402   -1.745329252  -26.468444869   35.944943612  -16.860660179
    1.570796327   -1.745329252  -19.812287098   38.843381770  -13.475680864
    1.745329252   -1.745329252  -13.365225482   34.014332736   -9.684342034
    1.919862177   -1.745329252   -8.188872119   24.910782747   -6.228723491
    2.094395102   -1.745329252   -4.718237006   14.917859190   -3.528599648
    2.268928028   -1.745329252   -2.920437453    5.912579656   -1.654740977
    2.443460953   -1.745329252   -2.580092530   -1.846752500   -0.464259973
    2.617993878   -1.745329252   -3.519483805   -8.839343224    0.224462080
    2.792526803   -1.745329252   -5.632675865  -15.312765611    0.534871639
    2.967059728   -1.745329252   -8.786042961  -20.621091281    0.525112112

   -3.141592654   -1.570796327  -13.052841239  -24.164952449   -4.471139506
   -2.967059728   -1.570796327  -17.207267785  -22.674249104   -5.572079406
   -2.792526803   -1.570796327  -20.688704560  -16.490470169   -6.140821715
   -2.617993878   -1.570796327  -22.764079573   -6.927227744   -5.986055841
   -2.443460953   -1.570796327  -23.066300683    3.320844075   -5.233782079
   -2.268928028   -1.570796327  -21.736964452   11.342322545   -4.324867534
   -2.094395102   -1.570796327  -19.346053888   15.324537460   -3.862511680
   -1.919862177   -1.570796327  -16.630514930   15.188975456   -4.359025470
   -1.745329252   -1.570796327  -14.205971720   12.291227997   -6.013095130
   -1.570796327   -1.570796327  -12.390115030    8.532704828   -8.617617629
   -1.396263402   -1.570796327  -11.184304373    5.495875098  -11.630591861
   -1.221730476   -1.570796327  -10.386619046    3.904427385  -14.366124703
   -1.047197551   -1.570796327   -9.748716197    3.574446357  -16.222930620
   -0.872664626   -1.570796327   -9.112590940    3.708972310  -16.861896800
   -0.698131701   -1.570796327   -8.482076384    3.320925913  -16.281290700
   -0.523598776   -1.570796327   -8.029247025    1.530221769  -14.758364952
   -0.349065850   -1.570796327   -8.059261123   -2.289504579  -12.756467313
   -0.174532925   -1.570796327   -8.961826644   -8.466533046  -10.786066882
    0.000000000   -1.570796327  -11.144482497  -16.877915332   -9.355738323
    0.174532925   -1.570796327  -14.916820717  -26.372607440   -8.916984419
    0.349065850   -1.570796327  -20.263343610  -34.355622618   -9.781044771
    0.523598776   -1.570796327  -26.600510905  -37.068775263  -11.957098153
    0.698131701   -1.570796327  -32.695010526  -31.180738702  -15.007332846
    0.872664626   -1.570796327  -36.938029017  -16.076490697  -18.050241393
    1.047197551   -1.570796327  -37.960820626    4.831185861  -20.037517465
    1.221730476   -1.570796327  -35.282142079   25.187824215  -20.173272091
    1.396263402   -1.570796327  -29.567084260   38.802578749  -18.289367052
    1.570796327   -1.570796327  -22.313429329   42.678386676  -14.890196359
    1.745329252   -1.570796327  -15.179059063   37.912798696  -10.883118887
    1.919862177   -1.570796327   -9.369377718   28.183754412   -7.154359715
    2.094395102   -1.570796327   -5.406934956   17.259332651   -4.273736988
    2.268928028   -1.570796327   -3.282107226    7.337879030   -2.431029263
    2.443460953   -1.570796327   -2.761616716   -1.178888215   -1.562727860
    2.617993878   -1.570796327   -3.638464813   -8.765916481   -1.515158352
    2.792526803   -1.570796327   -5.781507970  -15.710314272   -2.124335043
    2.967059728   -1.570796327   -9.035202162  -21.348554558   -3.201877674

   -3.141592654   -1.396263402  -14.097123341  -25.659418803   -7.172371177
   -2.967059728   -1.396263402  -18.475726836  -23.689198226   -8.576683036
   -2.792526803   -1.396263402  -22.069724895  -16.737319172   -9.272309029
   -2.617993878   -1.396263402  -24.119551455   -6.421115507   -9.157482428
   -2.443460953   -1.396263402  -24.292551869    4.207896470   -8.495494150
   -2.268928028   -1.396263402  -22.819242870   11.994039438   -7.845254884
   -2.094395102   -1.396263402  -20.381433274   15.122493645   -7.860660934
   -1.919862177   -1.396263402  -17.804564548   13.775232177   -9.024358522
   -1.745329252   -1.396263402  -15.731150722    9.729453370  -11.437698708
   -1.570796327   -1.396263402  -14.430123750    5.302614199  -14.750992289
   -1.396263402   -1.396263402  -13.793781155    2.331527016  -18.262897150
   -1.221730476   -1.396263402  -13.487415686    1.550316729  -21.143440409
   -1.047197551   -1.396263402  -13.149472817    2.549077600  -22.700291814
   -0.872664626   -1.396263402  -12.561983617    4.167070371  -22.589001735
   -0.698131701   -1.396263402  -11.735229448    5.051832660  -20.891080859
   -0.523598776   -1.396263402  -10.902105966    4.057968977  -18.034581320
   -0.349065850   -1.396263402  -10.463210372    0.455284137  -14.656728623
   -0.174532925   -1.396263402  -10.910696074   -6.091344891  -11.422537418
    0.000000000   -1.396263402  -12.750482065  -15.402599071   -8.942832915
    0.174532925   -1.396263402  -16.375948873  -26.219045706   -7.710435209
    0.349065850   -1.396263402  -21.827048554  -35.711946788   -8.031047966
    0.523598776   -1.396263402  -28.520621412  -39.724567032   -9.888001407
    0.698131701   -1.396263402  -35.144477042  -34.438379659  -12.818111379
    0.872664626   -1.396263402  -39.933015107  -18.890626459  -15.926390327
    1.047197551   -1.396263402  -41.330594156    3.491834684  -18.150503847
    1.221730476   -1.396263402  -38.710798510   25.883329004  -18.651376660
    1.396263402   -1.396263402  -32.702102817   41.387049935  -17.190195149
    1.570796327   -1.396263402  -24.884081538   46.403695375  -14.191359602
    1.745329252   -1.396263402  -17.070433807   41.815683039  -10.509038135
    1.919862177   -1.396263402  -10.623281259   31.483003124   -7.025585640
    2.094395102   -1.396263402   -6.170012925   19.547807771   -4.352085184
    2.268928028   -1.396263402   -3.740777594    8.544644738   -2.744631061
    2.443460953   -1.396263402   -3.097062620   -0.948853124   -2.204441699
    2.617993878   -1.396263402   -4.007643591   -9.352282512   -2.609178837
    2.792526803   -1.396263402   -6.310454584  -16.917435549   -3.772812029
    2.967059728   -1.396263402   -9.809034925  -22.892724983   -5.423771129

   -3.141592654   -1.221730476  -15.415141136  -27.303150822   -7.622449714
   -2.967059728   -1.221730476  -20.035053519  -24.760990351   -8.945555676
   -2.792526803   -1.221730476  -23.750059410  -17.044806937   -9.635663753
   -2.617993878   -1.221730476  -25.794630623   -6.107207604   -9.727882534
   -2.443460953   -1.221730476  -25.890727498    4.678257863   -9.573682342
   -2.268928028   -1.221730476  -24.367373824   11.990797824   -9.723417876
   -2.094395102   -1.221730476  -22.013553094   14.090851281  -10.730809139
   -1.919862177   -1.221730476  -19.727537964   11.467889980  -12.933503310
   -1.745329252   -1.221730476  -18.157408348    6.340153369  -16.289355160
   -1.570796327   -1.221730476  -17.499898003    1.447600099  -20.324992518
   -1.396263402   -1.221730476  -17.514818422   -1.124858202  -24.233026342
   -1.221730476   -1.221730476  -17.714033529   -0.662734752  -27.096481754
   -1.047197551   -1.221730476  -17.610361335    2.132070048  -28.179228638
   -0.872664626   -1.221730476  -16.927796146    5.645101254  -27.170615518
   -0.698131701   -1.221730476  -15.700773419    8.071008130  -24.274138175
   -0.523598776   -1.221730476  -14.252831289    7.953971064  -20.105206050
   -0.349065850   -1.221730476  -13.112478882    4.470478728  -15.491104331
   -0.174532925   -1.221730476  -12.900441839   -2.656551280  -11.231904696
    0.000000000   -1.221730476  -14.233385240  -13.106076044   -7.970239232
    0.174532925   -1.221730476  -17.586565683  -25.438722367   -6.131683508
    0.349065850   -1.221730476  -23.044391473  -36.564325088   -5.900883574
    0.523598776   -1.221730476  -30.013303308  -41.953071717   -7.164307168
    0.698131701   -1.221730476  -37.099496790  -37.364808214   -9.453435537
    0.872664626   -1.221730476  -42.389195626  -21.545477441  -11.985247154
    1.047197551   -1.221730476  -44.154448249    2.064444699  -13.878735713
    1.221730476   -1.221730476  -41.632301829   26.225947260  -14.439336220
    1.396263402   -1.221730476  -35.410126101   43.423301262  -13.451835541
    1.570796327   -1.221730476  -27.131631445   49.508510199  -11.223020749
    1.745329252   -1.221730476  -18.744397723   45.143072692   -8.411726494
    1.919862177   -1.221730476  -11.751499393   34.311486498   -5.723599648
    2.094395102   -1.221730476   -6.880547056   21.463461126   -3.673734395
    2.268928028   -1.221730476   -4.206891341    9.427099325   -2.512073353
    2.443460953   -1.221730476   -3.496309857   -1.045850403   -2.283500552
    2.617993878   -1.221730476   -4.499653516  -10.287081967   -2.908007630
    2.792526803   -1.221730476   -7.022939430  -18.461851348   -4.213477389
    2.967059728   -1.221730476  -10.820049362  -24.701311126   -5.915026925

   -3.141592654   -1.047197551  -16.645149426  -28.717484080   -6.253018802
   -2.967059728   -1.047197551  -21.473939093  -25.713861439   -7.324104141
   -2.792526803   -1.047197551  -25.310116910  -17.496778325   -8.052010893
   -2.617993878   -1.047197551  -27.405680906   -6.302315590   -8.592980898
   -2.443460953   -1.047197551  -27.545748126    4.284554927   -9.301990695
   -2.268928028   -1.047197551  -26.145774797   10.891936928  -10.600861397
   -2.094395102   -1.047197551  -24.074089679   11.915399162  -12.831795805
   -1.919862177   -1.047197551  -22.269837130    8.142169543  -16.120225901
   -1.745329252   -1.047197551  -21.360174152    2.185245590  -20.271462932
   -1.570796327   -1.047197551  -21.451274611   -2.834639164  -24.730889136
   -1.396263402   -1.047197551  -22.158025937   -4.610808401  -28.659818610
   -1.221730476   -1.047197551  -22.830812887   -2.478137843  -31.142313727
   -1.047197551   -1.047197551  -22.856091909    2.513005182  -31.483931395
   -0.872664626   -1.047197551  -21.911294671    8.216168528  -29.474706859
   -0.698131701   -1.047197551  -20.079897594   12.302800153  -25.478200934
   -0.523598776   -1.047197551  -17.809582144   12.987643839  -20.296918166
   -0.349065850   -1.047197551  -15.787229011    9.399054944  -14.904970578
   -0.174532925   -1.047197551  -14.779761491    1.424662855  -10.159382785
    0.000000000   -1.047197551  -15.511435005  -10.353488367   -6.631530130
    0.174532925   -1.047197551  -18.517782158  -24.230662767   -4.570219247
    0.349065850   -1.047197551  -23.897604452  -36.852170453   -3.943865535
    0.523598776   -1.047197551  -31.025009457  -43.407844478   -4.490081783
    0.698131701   -1.047197551  -38.425390448  -39.396686744   -5.755146142
    0.872664626   -1.047197551  -44.065775632  -23.419626005   -7.169850978
    1.047197551   -1.047197551  -46.092550021    1.030445704   -8.196726664
    1.221730476   -1.047197551  -43.646878833   26.403650495   -8.455100942
    1.396263402   -1.047197551  -37.288275830   44.763054474   -7.856672971
    1.570796327   -1.047197551  -28.703239899   51.589898017   -6.586823921
    1.745329252   -1.047197551  -19.929521901   47.393174185   -5.008297178
    1.919862177   -1.047197551  -12.567171570   36.224916680   -3.508318852
    2.094395102   -1.047197551   -7.416048838   22.724792413   -2.382799593
    2.268928028   -1.047197551   -4.589219316    9.911926022   -1.803551647
    2.443460953   -1.047197551   -3.862368892   -1.333344782   -1.835859652
    2.617993878   -1.047197551   -4.977142784  -11.251587222   -2.457242158
    2.792526803   -1.047197551   -7.714113426  -19.901616523   -3.556778756
    2.967059728   -1.047197551  -11.782145393  -26.304596665   -4.916974524

   -3.141592654   -0.872664626  -17.536892889  -29.773798145   -3.894633077
   -2.967059728   -0.872664626  -22.535149999  -26.598295224   -4.799287905
   -2.792526803   -0.872664626  -26.516311195  -18.304817023   -5.778242242
   -2.617993878   -0.872664626  -28.764507953   -7.297937856   -7.026000514
   -2.443460953   -0.872664626  -29.119210227    2.766106149   -8.792316891
   -2.268928028   -0.872664626  -28.051468201    8.565774637  -11.281213081
   -2.094395102   -0.872664626  -26.467245689    8.650966283  -14.579990661
   -1.919862177   -0.872664626  -25.308898950    4.047188844  -18.605444219
   -1.745329252   -0.872664626  -25.158858551   -2.328775247  -23.049018394
   -1.570796327   -0.872664626  -26.024007656   -7.051668011  -27.339623866
   -1.396263402   -0.872664626  -27.376432789   -7.641900081  -30.695392625
   -1.221730476   -0.872664626  -28.414420008   -3.522091015  -32.308979593
   -1.047197551   -0.872664626  -28.414644177    3.864859795  -31.636466175
   -0.872664626   -0.872664626  -27.032245116   11.797631336  -28.644863814
   -0.698131701   -0.872664626  -24.429503209   17.408982078  -23.873120698
   -0.523598776   -0.872664626  -21.206889229   18.621180790  -18.255122694
   -0.349065850   -0.872664626  -18.226555906   14.598790410  -12.801920107
   -0.174532925   -0.872664626  -16.400945701    5.515918195   -8.300349662
    0.000000000   -0.872664626  -16.539750740   -7.671471076   -5.141606046
    0.174532925   -0.872664626  -19.200714142  -22.927509648   -3.324355825
    0.349065850   -0.872664626  -24.454922710  -36.661874571   -2.562502611
    0.523598776   -0.872664626  -31.616710836  -43.922856875   -2.436115102
    0.698131701   -0.872664626  -39.135316518  -40.165909820   -2.529334410
    0.872664626   -0.872664626  -44.901680209  -24.051002708   -2.542670241
    1.047197551   -0.872664626  -47.005356416    0.803422432   -2.367056124
    1.221730476   -0.872664626  -44.556392047   26.658976295   -2.034438704
    1.396263402   -0.872664626  -38.115661586   45.423344969   -1.657269243
    1.570796327   -0.872664626  -29.392831911   52.473801982   -1.322274313
    1.745329252   -0.872664626  -20.459981284   48.297934747   -1.062082691
    1.919862177   -0.872664626  -12.951234857   36.972603814   -0.877251548
    2.094395102   -0.872664626   -7.693290412   23.182112306   -0.774061168
    2.268928028   -0.872664626   -4.818527715    9.992037818   -0.796561387
    2.443460953   -0.872664626   -4.114311430   -1.673195644   -1.010113870
    2.617993878   -0.872664626   -5.324399065  -11.993511323   -1.462451471
    2.792526803   -0.872664626   -8.218797528  -20.936035091   -2.149390141
    2.967059728   -0.872664626  -12.479856843  -27.444176193   -2.994429038

   -3.141592654   -0.698131701  -17.994317523  -30.576479872   -1.414431906
   -2.967059728   -0.698131701  -23.151230976  -27.629318824   -2.370702544
   -2.792526803   -0.698131701  -27.342991296  -19.715698215   -3.841039243
   -2.617993878   -0.698131701  -29.883261281   -9.262131307   -5.952716930
   -2.443460953   -0.698131701  -30.638657375    0.125981829   -8.754861461
   -2.268928028   -0.698131701  -30.093208025    5.226453835  -12.189635237
   -2.094395102   -0.698131701  -29.146638067    4.709768508  -16.104980625
   -1.919862177   -0.698131701  -28.712288048   -0.252512831  -20.263131192
   -1.745329252   -0.698131701  -29.313660334   -6.547753884  -24.309617944
   -1.570796327   -0.698131701  -30.861954966  -10.539215687  -27.731428720
   -1.396263402   -0.698131701  -32.704260661   -9.644609088  -29.892204666
   -1.221730476   -0.698131701  -33.915201906   -3.425610122  -30.198403756
   -1.047197551   -0.698131701  -33.697151265    6.257054325  -28.356684502
   -0.872664626   -0.698131701  -31.719191310   16.121997476  -24.565474438
   -0.698131701   -0.698131701  -28.251539379   22.829650065  -19.515057796
   -0.523598776   -0.698131701  -24.061842163   24.117207456  -14.167459863
   -0.349065850   -0.698131701  -20.181305157   19.298020114   -9.424091669
   -0.174532925   -0.698131701  -17.643386823    8.932656715   -5.863921430
    0.000000000   -0.698131701  -17.303957965   -5.585730620   -3.615121781
    0.174532925   -0.698131701  -19.696975619  -21.874083393   -2.408511273
    0.349065850   -0.698131701  -24.823035208  -36.167426218   -1.732054572
    0.523598776   -0.698131701  -31.912273537  -43.525761830   -1.051382977
    0.698131701   -0.698131701  -39.347206140  -39.582401481   -0.023981555
    0.872664626   -0.698131701  -44.991556064  -23.267744029    1.363320533
    1.047197551   -0.698131701  -46.953932610    1.588486748    2.789874838
    1.221730476   -0.698131701  -44.386937846   27.180695204    3.807398490
    1.396263402   -0.698131701  -37.889843777   45.538320477    4.092084478
    1.570796327   -0.698131701  -29.180456733   52.227550121    3.634167987
    1.745329252   -0.698131701  -20.309036108   47.872563423    2.707836200
    1.919862177   -0.698131701  -12.876475334   36.550696714    1.685263659
    2.094395102   -0.698131701   -7.684741400   22.848405547    0.850091200
    2.268928028   -0.698131701   -4.861550973    9.723260941    0.298392199
    2.443460953   -0.698131701   -4.204727212   -1.960645622   -0.023249964
    2.617993878   -0.698131701   -5.472778818  -12.380505335   -0.235566336
    2.792526803   -0.698131701   -8.446359851  -21.456562699   -0.466328402
    2.967059728   -0.698131701  -12.810233426  -28.097965016   -0.822667040

   -3.141592654   -0.523598776  -18.058929638  -31.319829086    0.541744832
   -2.967059728   -0.523598776  -23.399359571  -29.010003470   -0.619576812
   -2.792526803   -0.523598776  -27.897262660  -21.853458396   -2.649724223
   -2.617993878   -0.523598776  -30.877341571  -12.153821747   -5.542340162
   -2.443460953   -0.523598776  -32.194291804   -3.385809592   -9.112896030
   -2.268928028   -0.523598776  -32.300026517    1.318152217  -13.059310113
   -2.094395102   -0.523598776  -32.050824357    0.673281865  -17.047464009
   -1.919862177   -0.523598776  -32.310119161   -4.107083833  -20.754148952
   -1.745329252   -0.523598776  -33.540112601   -9.819397123  -23.839233095
   -1.570796327   -0.523598776  -35.571572246  -12.712108144  -25.899775070
   -1.396263402   -0.523598776  -37.657650003  -10.184201058  -26.501489344
   -1.221730476   -0.523598776  -38.793097754   -1.993120337  -25.328652067
   -1.047197551   -0.523598776  -38.155133905    9.584793055  -22.389502412
   -0.872664626   -0.523598776  -35.468585964   20.786818886  -18.121070347
   -0.698131701   -0.523598776  -31.133338865   27.944822809  -13.307420004
   -0.523598776   -0.523598776  -26.079226128   28.772648305   -8.828311831
   -0.349065850   -0.523598776  -21.475863148   22.849945070   -5.352805857
   -0.174532925   -0.523598776  -18.432332675   11.176029393   -3.159087337
    0.000000000   -0.523598776  -17.801343238   -4.424765016   -2.083165396
    0.174532925   -0.523598776  -20.048689151  -21.265158486   -1.622373968
    0.349065850   -0.523598776  -25.071039102  -35.493379234   -1.111991160
    0.523598776   -0.523598776  -32.000652187  -42.326589571    0.021857061
    0.698131701   -0.523598776  -39.169816215  -37.763567903    2.005602175
    0.872664626   -0.523598776  -44.464421031  -21.177138718    4.575810241
    1.047197551   -0.523598776  -46.082428960    3.327485388    7.043479590
    1.221730476   -0.523598776  -43.285798430   27.996283030    8.621850388
    1.396263402   -0.523598776  -36.745146847   45.227054497    8.830305526
    1.570796327   -0.523598776  -28.173609200   51.032309265    7.732864501
    1.745329252   -0.523598776  -19.550761664   46.310881513    5.854004215
    1.919862177   -0.523598776  -12.385221536   35.123499247    3.862570737
    2.094395102   -0.523598776   -7.408179185   21.839924434    2.272230920
    2.268928028   -0.523598776   -4.719908727    9.176062354    1.294861999
    2.443460953   -0.523598776   -4.126280060   -2.162862445    0.891285917
    2.617993878   -0.523598776   -5.412494398  -12.418905761    0.879404711
    2.792526803   -0.523598776   -8.392604621  -21.525025570    1.008835651
    2.967059728   -0.523598776  -12.785944671  -28.398555065    0.996346885

   -3.141592654   -0.349065850  -17.855904034  -32.117838859    1.604263901
   -2.967059728   -0.349065850  -23.415910368  -30.747065414    0.268420902
   -2.792526803   -0.349065850  -28.303872872  -24.573078810   -2.116287918
   -2.617993878   -0.349065850  -31.831899244  -15.665598476   -5.419852710
   -2.443460953   -0.349065850  -33.805522565   -7.331968255   -9.279944026
   -2.268928028   -0.349065850  -34.608236238   -2.656355632  -13.233638774
   -2.094395102   -0.349065850  -35.027922362   -2.961392495  -16.846574073
   -1.919862177   -0.349065850  -35.868380718   -7.079633188  -19.766638029
   -1.745329252   -0.349065850  -37.535789534  -11.801230210  -21.692879783
   -1.570796327   -0.349065850  -39.800840092  -13.349143647  -22.336061785
   -1.396263402   -0.349065850  -41.858736218   -9.190951682  -21.460460148
   -1.221730476   -0.349065850  -42.673326592    0.667336382  -19.020085355
   -1.047197551   -0.349065850  -41.448405950   13.561973863  -15.301370652
   -0.872664626   -0.349065850  -38.002813712   25.372099160  -10.933090103
   -0.698131701   -0.349065850  -32.876404996   32.284388215   -6.724003448
   -0.523598776   -0.349065850  -27.139706223   32.164430389   -3.399222940
   -0.349065850   -0.349065850  -22.054717080   24.955485347   -1.347914334
   -0.174532925   -0.349065850  -18.751358415   12.097407994   -0.536417891
    0.000000000   -0.349065850  -18.030100392   -4.215871892   -0.540566998
    0.174532925   -0.349065850  -20.253219748  -21.077702430   -0.689517437
    0.349065850   -0.349065850  -25.194116804  -34.651338955   -0.248389105
    0.523598776   -0.349065850  -31.887175951  -40.437172003    1.320132697
    0.698131701   -0.349065850  -38.638395917  -34.937885066    4.087576534
    0.872664626   -0.349065850  -43.402547546  -18.075254738    7.534905480
    1.047197551   -0.349065850  -44.523886246    5.753169293   10.692186591
    1.221730476   -0.349065850  -41.422737220   28.966636291   12.553229924
    1.396263402   -0.349065850  -34.860435248   44.525988695   12.575077935
    1.570796327   -0.349065850  -26.530947906   49.072468862   10.915505900
    1.745329252   -0.349065850  -18.304582165   43.862586873    8.290403728
    1.919862177   -0.349065850  -11.554299024   32.915955044    5.567108757
    2.094395102   -0.349065850   -6.907918097   20.298352959    3.400095001
    2.268928028   -0.349065850   -4.422064164    8.390236989    2.068578140
    2.443460953   -0.349065850   -3.908801506   -2.332419956    1.539023841
    2.617993878   -0.349065850   -5.189047883  -12.231347096    1.588591952
    2.792526803   -0.349065850   -8.128448558  -21.304763155    1.886030108
    2.967059728   -0.349065850  -12.507209749  -28.510094883    2.030997062

   -3.141592654   -0.174532925  -17.552130617  -32.948578656    1.725797028
   -2.967059728   -0.174532925  -23.346213878  -32.613456393    0.422315276
   -2.792526803   -0.174532925  -28.651233436  -27.457558290   -1.891948889
   -2.617993878   -0.174532925  -32.751261305  -19.267181354   -5.042460230
   -2.443460953   -0.174532925  -35.382250821  -11.179730861   -8.619763233
   -2.268928028   -0.174532925  -36.842362215   -6.266680320  -12.133614810
   -2.094395102   -0.174532925  -37.841625202   -5.934964348  -15.142006396
   -1.919862177   -0.174532925  -39.122339004   -9.103619755  -17.295921092
   -1.745329252   -0.174532925  -41.040205578  -12.603740040  -18.310835070
   -1.570796327   -0.174532925  -43.321525558  -12.702859408  -17.953263736
   -1.396263402   -0.174532925  -45.132708838   -7.016874801  -16.111566183
   -1.221730476   -0.174532925  -45.447588960    4.154840452  -12.927844140
   -1.047197551   -0.174532925  -43.538384805   17.799951880   -8.882698423
   -0.872664626   -0.174532925  -39.345027872   29.568450649   -4.722330609
   -0.698131701   -0.174532925  -33.546909730   35.672363183   -1.231918641
   -0.523598776   -0.174532925  -27.326569067   34.272374778    1.026063698
   -0.349065850   -0.174532925  -21.991798644   25.736679641    1.903708730
   -0.174532925   -0.174532925  -18.643880461   11.915183586    1.679622176
    0.000000000   -0.174532925  -17.991884321   -4.709802912    0.962113296
    0.174532925   -0.174532925  -20.271498350  -21.106510771    0.519624666
    0.349065850   -0.174532925  -25.126507860  -33.552169208    1.094410466
    0.523598776   -0.174532925  -31.504625225  -37.934423435    3.137213213
    0.698131701   -0.174532925  -37.714491591  -31.353521240    6.546308962
    0.872664626   -0.174532925  -41.821801865  -14.321051304   10.576664859
    1.047197551   -0.174532925  -42.358405241    8.509734342   14.062945915
    1.221730476   -0.174532925  -38.930781836   29.858315293   15.896155399
    1.396263402   -0.174532925  -32.393415089   43.389669987   15.565181962
    1.570796327   -0.174532925  -24.402363191   46.472787958   13.349810281
    1.745329252   -0.174532925  -16.689590537   40.739110974   10.111783417
    1.919862177   -0.174532925  -10.465750515   30.125464666    6.830285810
    2.094395102   -0.174532925   -6.238471378   18.333171983    4.215081529
    2.268928028   -0.174532925   -4.013723394    7.355232636    2.558977326
    2.443460953   -0.174532925   -3.610103963   -2.593828234    1.817855467
    2.617993878   -0.174532925   -4.889453406  -12.019115146    1.748957974
    2.792526803   -0.174532925   -7.778127585  -21.007630644    1.997887887
    2.967059728   -0.174532925  -12.130010133  -28.568874885    2.136682747

   -3.141592654    0.000000000  -17.298362344  -33.681434248    1.086811517
   -2.967059728    0.000000000  -23.297448313  -34.242764274    0.082980386
   -2.792526803    0.000000000  -28.965499252  -29.961617030   -1.692877955
   -2.617993878    0.000000000  -33.560041332  -22.365817450   -4.127849506
   -2.443460953    0.000000000  -36.752955960  -14.444872803   -6.921563659
   -2.268928028    0.000000000  -38.765218095   -9.260154959   -9.702186390
   -2.094395102    0.000000000  -40.235477810   -8.282436223  -12.106453328
   -1.919862177    0.000000000  -41.846157520  -10.487372660  -13.797243962
   -1.745329252    0.000000000  -43.900608394  -12.741911585  -14.448181392
   -1.570796327    0.000000000  -46.081963826  -11.399594434  -13.779970973
   -1.396263402    0.000000000  -47.539288707   -4.294310624  -11.684512530
   -1.221730476    0.000000000  -47.278893356    7.934402789   -8.371756981
   -1.047197551    0.000000000  -44.666281744   21.948454067   -4.414293176
   -0.872664626    0.000000000  -39.776998318   33.264727343   -0.611654162
   -0.698131701    0.000000000  -33.424479145   38.241084952    2.283924891
   -0.523598776    0.000000000  -26.878431652   35.422567373    3.825729328
   -0.349065850    0.000000000  -21.457900788   25.629284556    4.016407486
   -0.174532925    0.000000000  -18.201712053   11.084415527    3.275520715
    0.000000000    0.000000000  -17.703171725   -5.508030254    2.307284470
    0.174532925    0.000000000  -20.059783953  -21.067735976    1.918063960
    0.349065850    0.000000000  -24.788040408  -32.068931852    2.819792147
    0.523598776    0.000000000  -30.766188783  -34.869736470    5.356717835
    0.698131701    0.000000000  -36.335389886  -27.229006646    9.261477102
    0.872664626    0.000000000  -39.708062194  -10.239946649   13.606485708
    1.047197551    0.000000000  -39.630695431   11.266855349   17.110152232
    1.221730476    0.000000000  -35.905054180   30.438071994   18.657568129
    1.396263402    0.000000000  -29.466716520   41.739890131   17.839120995
    1.570796327    0.000000000  -21.910824036   43.299832415   15.074051106
    1.745329252    0.000000000  -14.808960885   37.087223623   11.332150999
    1.919862177    0.000000000   -9.196175171   26.896464017    7.636740721
    2.094395102    0.000000000   -5.456483358   16.020178641    4.685159003
    2.268928028    0.000000000   -3.547054888    6.043367724    2.737307249
    2.443460953    0.000000000   -3.296461440   -3.078146746    1.720290744
    2.617993878    0.000000000   -4.609485308  -11.979336124    1.386731603
    2.792526803    0.000000000   -7.472281709  -20.819738947    1.413422316
    2.967059728    0.000000000  -11.809151861  -28.648048656    1.434331744

   -3.141592654    0.174532925  -17.194625715  -34.169296186    0.076694388
   -2.967059728    0.174532925  -23.327180077  -35.298852797   -0.430078334
   -2.792526803    0.174532925  -29.232997214  -31.621902428   -1.349432713
   -2.617993878    0.174532925  -34.161667523  -24.499800560   -2.711906039
   -2.443460953    0.174532925  -37.751422570  -16.813647425   -4.445225182
   -2.268928028    0.174532925  -40.177056734  -11.578943236   -6.403820444
   -2.094395102    0.174532925  -42.025227559  -10.239037836   -8.361332589
   -1.919862177    0.174532925  -43.920118111  -11.724120411   -9.986257055
   -1.745329252    0.174532925  -46.099715795  -12.878427183  -10.848184732
   -1.570796327    0.174532925  -48.186864023  -10.153991050  -10.523244446
   -1.396263402    0.174532925  -49.303431238   -1.666691745   -8.793427752
   -1.221730476    0.174532925  -48.490186323   11.542180152   -5.829746709
   -1.047197551    0.174532925  -45.214576861   25.796803095   -2.217591575
   -0.872664626    0.174532925  -39.693666138   36.526177396    1.224868844
   -0.698131701    0.174532925  -32.870633173   40.298251036    3.759637761
   -0.523598776    0.174532925  -26.087743527   36.083909350    4.992631768
   -0.349065850    0.174532925  -20.657070297   25.160450643    4.989047918
   -0.174532925    0.174532925  -17.538705291   10.097655548    4.219461407
    0.000000000    0.174532925  -17.199983196   -6.218696211    3.413692527
    0.174532925    0.174532925  -19.597712600  -20.711596876    3.371120612
    0.349065850    0.174532925  -24.128771832  -30.115472379    4.746046261
    0.523598776    0.174532925  -29.621401518  -31.320839617    7.765372727
    0.698131701    0.174532925  -34.476781518  -22.778060218   12.011310866
    0.872664626    0.174532925  -37.081666793   -6.118568308   16.422192426
    1.047197551    0.174532925  -36.411038749   13.753973932   19.673652429
    1.221730476    0.174532925  -32.455748262   30.528455218   20.726991696
    1.396263402    0.174532925  -26.210211841   39.530180221   19.324961205
    1.570796327    0.174532925  -19.183555167   39.623870535   16.034272666
    1.745329252    0.174532925  -12.771006007   33.042833221   11.900183353
    1.919862177    0.174532925   -7.828984398   23.368348410    7.937947795
    2.094395102    0.174532925   -4.624618240   13.450815063    4.782234811
    2.268928028    0.174532925   -3.075264213    4.468364700    2.624388956
    2.443460953    0.174532925   -3.025950438   -3.853278172    1.346569169
    2.617993878    0.174532925   -4.424501954  -12.234310638    0.703405375
    2.792526803    0.174532925   -7.308094978  -20.855291648    0.436752563
    2.967059728    0.174532925  -11.654879769  -28.768630649    0.301469046

   -3.141592654    0.349065850  -17.269807778  -34.335196963   -0.907101193
   -2.967059728    0.349065850  -23.443838585  -35.625766915   -0.887223242
   -2.792526803    0.349065850  -29.430030004  -32.235011804   -0.906843179
   -2.617993878    0.349065850  -34.497644298  -25.487696910   -1.157379830
   -2.443460953    0.349065850  -38.295305526  -18.206651565   -1.827063332
   -2.268928028    0.349065850  -40.995115238  -13.304285801   -3.028513012
   -2.094395102    0.349065850  -43.157870537  -12.063645174   -4.691496630
   -1.919862177    0.349065850  -45.350287096  -13.224419017   -6.490866137
   -1.745329252    0.349065850  -47.724347914  -13.516005356   -7.874866514
   -1.570796327    0.349065850  -49.813026633   -9.479961876   -8.240228065
   -1.396263402    0.349065850  -50.686172082    0.428924563   -7.208170747
   -1.221730476    0.349065850  -49.406272639   14.695328331   -4.851509541
   -1.047197551    0.349065850  -45.540228826   29.264225532   -1.717054456
   -0.872664626    0.349065850  -39.447723700   39.478770727    1.385446498
   -0.698131701    0.349065850  -32.200358319   42.140568117    3.724616721
   -0.523598776    0.349065850  -25.207519764   36.659168665    4.923357074
   -0.349065850    0.349065850  -19.768275173   24.764180559    5.061160880
   -0.174532925    0.349065850  -16.760109049    9.355727848    4.608500592
    0.000000000    0.349065850  -16.524170945   -6.522364622    4.275667859
    0.174532925    0.349065850  -18.881243202  -19.836409954    4.815574121
    0.349065850    0.349065850  -23.121600869  -27.632567317    6.788566536
    0.523598776    0.349065850  -28.045817900  -27.375892876   10.279461542
    0.698131701    0.349065850  -32.140843415  -18.209398813   14.722671737
    0.872664626    0.349065850  -33.987321023   -2.224764318   18.964844759
    1.047197551    0.349065850  -32.789984638   15.727600217   21.709494939
    1.221730476    0.349065850  -28.708556713   29.977802418   22.073218154
    1.396263402    0.349065850  -22.765505747   36.730700437   19.999385941
    1.570796327    0.349065850  -16.357555202   35.521968607   16.209740331
    1.745329252    0.349065850  -10.692918895   28.747129578   11.796671343
    1.919862177    0.349065850   -6.454704675   19.697807792    7.723585050
    2.094395102    0.349065850   -3.807643923   10.758260764    4.523343306
    2.268928028    0.349065850   -2.643658287    2.717535124    2.292769463
    2.443460953    0.349065850   -2.833189713   -4.883705416    0.857354111
    2.617993878    0.349065850   -4.366810313  -12.789448131   -0.027983507
    2.792526803    0.349065850   -7.320472009  -21.132068863   -0.550664686
    2.967059728    0.349065850  -11.703326050  -28.919884138   -0.822610408

   -3.141592654    0.523598776  -17.496430601  -34.223127957   -1.638517790
   -2.967059728    0.523598776  -23.631510134  -35.309916099   -1.252860267
   -2.792526803    0.523598776  -29.558222716  -31.912005321   -0.610490793
   -2.617993878    0.523598776  -34.589628068  -25.445359841   -0.006536164
   -2.443460953    0.523598776  -38.425720217  -18.729237899    0.177267764
   -2.268928028    0.523598776  -41.277527262  -14.525904301   -0.377899479
   -2.094395102    0.523598776  -43.706259452  -13.837505605   -1.742818331
   -1.919862177    0.523598776  -46.224258100  -15.079711669   -3.627995656
   -1.745329252    0.523598776  -48.880529477  -14.777270130   -5.423193272
   -1.570796327    0.523598776  -51.091261222   -9.538069320   -6.413580133
   -1.396263402    0.523598776  -51.848406732    1.813881506   -6.099008722
   -1.221730476    0.523598776  -50.217774290   17.239963319   -4.446702257
   -1.047197551    0.523598776  -45.855114819   32.268848745   -1.919313557
   -0.872664626    0.523598776  -39.256834209   42.140877022    0.740047528
   -0.698131701    0.523598776  -31.618921592   43.889372809    2.849768655
   -0.523598776    0.523598776  -24.414183912   37.353918275    4.067572349
   -0.349065850    0.523598776  -18.927000192   24.698567477    4.484424569
   -0.174532925    0.523598776  -15.954297887    9.133732510    4.550528920
    0.000000000    0.523598776  -15.717436127   -6.166568811    4.921837800
    0.174532925    0.523598776  -17.913272403  -18.257755633    6.255734331
    0.349065850    0.523598776  -21.746460779  -24.547541099    8.962274079
    0.523598776    0.523598776  -26.018449850  -23.098433094   12.939009193
    0.698131701    0.523598776  -29.328844155  -13.707822454   17.459933576
    0.872664626    0.523598776  -30.465160788    1.191920514   21.316183209
    1.047197551    0.523598776  -28.850951038   16.955086478   23.310587997
    1.221730476    0.523598776  -24.780768909   28.638470247   22.794490019
    1.396263402    0.523598776  -19.265659989   33.309517590   19.961610114
    1.570796327    0.523598776  -13.562037544   31.065393820   15.696077721
    1.745329252    0.523598776   -8.685096849   24.336928256   11.110151080
    1.919862177    0.523598776   -5.157111457   16.047034628    7.075810288
    2.094395102    0.523598776   -3.060999268    8.101319873    3.993162047
    2.268928028    0.523598776   -2.281337477    0.932600716    1.848390967
    2.443460953    0.523598776   -2.724463452   -6.050166567    0.405297410
    2.617993878    0.523598776   -4.424204858  -13.553129409   -0.587327257
    2.792526803    0.523598776   -7.484316960  -21.595318433   -1.265002265
    2.967059728    0.523598776  -11.923838160  -29.094286654   -1.636784747

   -3.141592654    0.698131701  -17.831263896  -34.000847687   -2.197681782
   -2.967059728    0.698131701  -23.887958736  -34.647476412   -1.743519444
   -2.792526803    0.698131701  -29.673978110  -31.013885788   -0.850286355
   -2.617993878    0.698131701  -34.555372773  -24.696831413    0.190584406
   -2.443460953    0.698131701  -38.306155194  -18.567012335    0.938199081
   -2.268928028    0.698131701  -41.203433168  -15.233195814    0.973783756
   -2.094395102    0.698131701  -43.830897666  -15.365924268    0.114758032
   -1.919862177    0.698131701  -46.657972254  -16.991987539   -1.450849845
   -1.745329252    0.698131701  -49.631673070  -16.378369843   -3.192479200
   -1.570796327    0.698131701  -52.044517586  -10.161880426   -4.438404097
   -1.396263402    0.698131701  -52.798070401    2.492434412   -4.674092749
   -1.221730476    0.698131701  -50.944550893   19.044640119   -3.780732893
   -1.047197551    0.698131701  -46.208699569   34.618338762   -2.074272616
   -0.872664626    0.698131701  -39.203441938   44.340118000   -0.126185017
   -0.698131701    0.698131701  -31.232581621   45.450643028    1.529388477
   -0.523598776    0.698131701  -23.821430892   38.178328710    2.645496125
   -0.349065850    0.698131701  -18.236164325   25.074221753    3.343456339
   -0.174532925    0.698131701  -15.197942376    9.615194090    4.037843212
    0.000000000    0.698131701  -14.821346313   -4.942907746    5.287475525
    0.174532925    0.698131701  -16.701236674  -15.803982484    7.592025151
    0.349065850    0.698131701  -19.988551155  -20.784681523   11.146244297
    0.523598776    0.698131701  -23.522368695  -18.541777402   15.616220748
    0.698131701    0.698131701  -26.043706952   -9.440557542   20.110325843
    0.872664626    0.698131701  -26.553123043    3.909810208   23.406768643
    1.047197551    0.698131701  -24.669524520   17.239105208   24.477073908
    1.221730476    0.698131701  -20.775503974   26.398822760   22.969425782
    1.396263402    0.698131701  -15.823978864   29.261214607   19.356958145
    1.570796327    0.698131701  -10.903194580   26.335730873   14.676585903
    1.745329252    0.698131701   -6.834589616   19.943307381   10.028092334
    1.919862177    0.698131701   -3.998539272   12.563932910    6.159423955
    2.094395102    0.698131701   -2.421047488    5.628075526    3.320676457
    2.268928028    0.698131701   -1.999046246   -0.740556801    1.385167309
    2.443460953    0.698131701   -2.685297169   -7.209954748    0.058972145
    2.617993878    0.698131701   -4.558484886  -14.400328299   -0.920989091
    2.792526803    0.698131701   -7.743671491  -22.173563203   -1.668190303
    2.967059728    0.698131701  -12.256195788  -29.322366894   -2.139834547

   -3.141592654    0.872664626  -18.267928657  -33.905787847   -2.867493027
   -2.967059728    0.872664626  -24.261315859  -34.018411874   -2.647687034
   -2.792526803    0.872664626  -29.898855846  -29.983038759   -1.902587891
   -2.617993878    0.872664626  -34.589460659  -23.611889890   -0.815707427
   -2.443460953    0.872664626  -38.179070341  -17.878988991    0.250659402
   -2.268928028    0.872664626  -41.018309790  -15.296309071    0.889225786
   -2.094395102    0.872664626  -43.730261101  -16.253001661    0.834126442
   -1.919862177    0.872664626  -46.765895527  -18.421107165    0.095334430
   -1.745329252    0.872664626  -49.997975649  -17.808923257   -1.031840558
   -1.570796327    0.872664626  -52.618226966  -11.025541248   -2.090683185
   -1.396263402    0.872664626  -53.445945736    2.532074541   -2.670691746
   -1.221730476    0.872664626  -51.506789958   19.946225244   -2.589226152
   -1.047197551    0.872664626  -46.562753101   36.020602901   -1.946425113
   -0.872664626    0.872664626  -39.302818864   45.775533086   -1.024328123
   -0.698131701    0.872664626  -31.102913321   46.606073276   -0.098198133
   -0.523598776    0.872664626  -23.518156723   39.039435078    0.747231108
   -0.349065850    0.872664626  -17.789814963   25.921006931    1.677109504
   -0.174532925    0.872664626  -14.571692219   10.915118736    3.042978577
    0.000000000    0.872664626  -13.893218137   -2.711114198    5.251935313
    0.174532925    0.872664626  -15.280503634  -12.374650282    8.582057953
    0.349065850    0.872664626  -17.873066315  -16.332030091   12.964095734
    0.523598776    0.872664626  -20.589576144  -13.793758688   17.823393022
    0.698131701    0.872664626  -22.339046900   -5.557833323   22.138184055
    0.872664626    0.872664626  -22.331764462    5.782913490   24.742337112
    1.047197551    0.872664626  -20.346709502   16.498436807   24.840801998
    1.221730476    0.872664626  -16.799912440   23.270083997   22.401779241
    1.396263402    0.872664626  -12.538388343   24.675128234   18.155590047
    1.570796327    0.872664626   -8.459320613   21.461668440   13.240529307
    1.745329252    0.872664626   -5.196629182   15.696731523    8.694415138
    1.919862177    0.872664626   -3.012875215    9.361289737    5.114755989
    2.094395102    0.872664626   -1.903600091    3.433881283    2.601920023
    2.268928028    0.872664626   -1.796728781   -2.213356134    0.931554163
    2.443460953    0.872664626   -2.700275467   -8.275139945   -0.231656823
    2.617993878    0.872664626   -4.739679373  -15.256613153   -1.158730533
    2.792526803    0.872664626   -8.059469526  -22.844970717   -1.961276321
    2.967059728    0.872664626  -12.666138702  -29.690726161   -2.585787150

   -3.141592654    1.047197551  -18.855530909  -34.143230849   -3.955290195
   -2.967059728    1.047197551  -24.845203677  -33.723207861   -4.148492416
   -2.792526803    1.047197551  -30.383718944  -29.160997603   -3.779118810
   -2.617993878    1.047197551  -34.898593370  -22.468921807   -2.875177591
   -2.443460953    1.047197551  -38.285725311  -16.765762634   -1.640125748
   -2.268928028    1.047197551  -40.959917527  -14.569565086   -0.393551280
   -2.094395102    1.047197551  -43.595839330  -16.125225607    0.544428880
   -1.919862177    1.047197551  -46.661634686  -18.871177688    0.965432468
   -1.745329252    1.047197551  -50.006691881  -18.600883873    0.834479830
   -1.570796327    1.047197551  -52.770430362  -11.821501844    0.284697021
   -1.396263402    1.047197551  -53.715652095    2.016462476   -0.454426040
   -1.221730476    1.047197551  -51.831964103   19.826999127   -1.155373942
   -1.047197551    1.047197551  -46.876967486   36.241682490   -1.666415842
   -0.872664626    1.047197551  -39.558193213   46.199323895   -1.914417543
   -0.698131701    1.047197551  -31.271857147   47.169300624   -1.852921306
   -0.523598776    1.047197551  -23.570911648   39.841008553   -1.371229411
   -0.349065850    1.047197551  -17.664115890   27.218901296   -0.264510885
   -0.174532925    1.047197551  -14.151671256   13.044754477    1.724835353
    0.000000000    1.047197551  -13.008547939    0.514766081    4.807765846
    0.174532925    1.047197551  -13.734587149   -8.053235781    9.003830733
    0.349065850    1.047197551  -15.505147881  -11.350116175   13.974895788
    0.523598776    1.047197551  -17.357374326   -9.052075964   18.950740658
    0.698131701    1.047197551  -18.384346212   -2.216662835   22.862891618
    0.872664626    1.047197551  -17.988870421    6.769407463   24.689299026
    1.047197551    1.047197551  -16.065029390   14.833809160   23.913656865
    1.221730476    1.047197551  -13.008279194   19.465336991   20.795798426
    1.396263402    1.047197551   -9.521192527   19.806428381   16.242308913
    1.570796327    1.047197551   -6.299793931   16.670318163   11.399810183
    1.745329252    1.047197551   -3.806590251   11.756277016    7.180988931
    1.919862177    1.047197551   -2.214196503    6.526050684    4.014611827
    2.094395102    1.047197551   -1.512544231    1.552418279    1.867215520
    2.268928028    1.047197551   -1.675247666   -3.480929977    0.445014840
    2.443460953    1.047197551   -2.770667689   -9.252916693   -0.602698050
    2.617993878    1.047197551   -4.971116661  -16.140027501   -1.537256903
    2.792526803    1.047197551   -8.440356047  -23.657052442   -2.463801387
    2.967059728    1.047197551  -13.175522734  -30.310340693   -3.326671127

   -3.141592654    1.221730476  -19.686679050  -34.794995197   -5.698270352
   -2.967059728    1.221730476  -25.747968056  -33.862913271   -6.316261409
   -2.792526803    1.221730476  -31.256883091  -28.674282783   -6.332254260
   -2.617993878    1.221730476  -35.633848634  -21.395362802   -5.647643323
   -2.443460953    1.221730476  -38.795977091  -15.305909744   -4.309365389
   -2.268928028    1.221730476  -41.203943495  -13.035241103   -2.523927899
   -2.094395102    1.221730476  -43.590406406  -14.853532908   -0.629661970
   -1.919862177    1.221730476  -46.477460559  -18.129303125    0.973132236
   -1.745329252    1.221730476  -49.749529405  -18.512474573    1.927730294
   -1.570796327    1.221730476  -52.552301136  -12.335167312    2.036324957
   -1.396263402    1.221730476  -53.626084908    1.097355730    1.329573313
   -1.221730476    1.221730476  -51.918699885   18.768266573    0.055349549
   -1.047197551    1.221730476  -47.140981107   35.306513867   -1.410781113
   -0.872664626    1.221730476  -39.958099124   45.603858599   -2.667842984
   -0.698131701    1.221730476  -31.731028416   47.114931049   -3.369008413
   -0.523598776    1.221730476  -23.977232745   40.537815762   -3.226565122
   -0.349065850    1.221730476  -17.867359693   28.885004129   -2.014021682
   -0.174532925    1.221730476  -13.965964051   15.855016911    0.417276082
    0.000000000    1.221730476  -12.229041074    4.495770352    4.075138755
    0.174532925    1.221730476  -12.174795793   -3.165974703    8.736058575
    0.349065850    1.221730476  -13.057580171   -6.204593499   13.845956991
    0.523598776    1.221730476  -14.059417218   -4.631657728   18.533887879
    0.698131701    1.221730476  -14.456106046    0.422339634   21.794534568
    0.872664626    1.221730476  -13.810443012    6.927199877   22.830014021
    1.047197551    1.221730476  -12.081737208   12.506877995   21.409426214
    1.221730476    1.221730476   -9.600228388   15.365028794   18.006397414
    1.396263402    1.221730476   -6.903597800   15.040535451   13.582754904
    1.570796327    1.221730476   -4.494983769   12.262681914    9.182583093
    1.745329252    1.221730476   -2.692782153    8.301125426    5.533063664
    1.919862177    1.221730476   -1.609828479    4.123686876    2.887755731
    2.094395102    1.221730476   -1.251586176   -0.034946998    1.105057688
    2.268928028    1.221730476   -1.646594327   -4.614797757   -0.146016746
    2.443460953    1.221730476   -2.923708385  -10.242249446   -1.203167113
    2.617993878    1.221730476   -5.298098802  -17.155798178   -2.290519161
    2.792526803    1.221730476   -8.949313586  -24.705978968   -3.476434182
    2.967059728    1.221730476  -13.862830010  -31.264525995   -4.675123649

   -3.141592654    1.396263402  -20.883357000  -35.831778538   -8.143086532
   -2.967059728    1.396263402  -27.081373704  -34.358050956   -9.071464418
   -2.792526803    1.396263402  -32.616208644  -28.453867246   -9.322859213
   -2.617993878    1.396263402  -36.886167523  -20.387761019   -8.759147449
   -2.443460953    1.396263402  -39.807645485  -13.581188335   -7.340857169
   -2.268928028    1.396263402  -41.868411626  -10.835900702   -5.178243648
   -2.094395102    1.396263402  -43.858293388  -12.586360273   -2.580825893
   -1.919862177    1.396263402  -46.379483492  -16.286425085   -0.047490520
   -1.745329252    1.396263402  -49.399510769  -17.525248504    1.849196822
   -1.570796327    1.396263402  -52.122087416  -12.414555904    2.660521963
   -1.396263402    1.396263402  -53.298015721    0.046816137    2.242086050
   -1.221730476    1.396263402  -51.833207135   17.112389679    0.818193860
   -1.047197551    1.396263402  -47.360194122   33.556174760   -1.108918052
   -0.872664626    1.396263402  -40.453661783   44.260005041   -2.927238448
   -0.698131701    1.396263402  -32.394547898   46.590280616   -4.086701030
   -0.523598776    1.396263402  -24.638674159   41.123126930   -4.180857459
   -0.349065850    1.396263402  -18.316494090   30.749023851   -2.979000091
   -0.174532925    1.396263402  -13.975080719   19.019392444   -0.425519595
    0.000000000    1.396263402  -11.583936474    8.777935815    3.326650385
    0.174532925    1.396263402  -10.716605898    1.765497374    7.881644475
    0.349065850    1.396263402  -10.736012840   -1.388923710   12.567967872
    0.523598776    1.396263402  -10.976634078   -0.883494107   16.528899990
    0.698131701    1.396263402  -10.876876069    2.244455918   18.921334692
    0.872664626    1.396263402  -10.115867007    6.405716727   19.215001938
    1.047197551    1.396263402   -8.670734102    9.873433819   17.429500537
    1.221730476    1.396263402   -6.777851161   11.415012923   14.150681592
    1.396263402    1.396263402   -4.811198287   10.790301312   10.274434657
    1.570796327    1.396263402   -3.107662011    8.537258556    6.647925883
    1.745329252    1.396263402   -1.877995710    5.491112369    3.771113261
    1.919862177    1.396263402   -1.205771612    2.191654414    1.725565980
    2.094395102    1.396263402   -1.128710020   -1.383399548    0.285896787
    2.268928028    1.396263402   -1.734428370   -5.735245776   -0.891025918
    2.443460953    1.396263402   -3.207891220  -11.402817267   -2.107653258
    2.617993878    1.396263402   -5.798029751  -18.469394222   -3.522416000
    2.792526803    1.396263402   -9.689961283  -26.120581330   -5.123233980
    2.967059728    1.396263402  -14.847992446  -32.607786195   -6.743812815

   -3.141592654    1.570796327  -22.563863850  -37.174201201  -11.205258985
   -2.967059728    1.570796327  -28.941528155  -35.043642154  -12.321364149
   -2.792526803    1.570796327  -34.527300663  -28.332125670  -12.628665601
   -2.617993878    1.570796327  -38.699095246  -19.376424878  -12.045733942
   -2.443460953    1.570796327  -41.365964139  -11.686495118  -10.544749098
   -2.268928028    1.570796327  -43.029652372   -8.225326417   -8.185855923
   -2.094395102    1.570796327  -44.528443352   -9.653967493   -5.211322477
   -1.919862177    1.570796327  -46.551692218  -13.620095713   -2.103510872
   -1.745329252    1.570796327  -49.175011060  -15.737665295    0.496344218
   -1.570796327    1.570796327  -51.693806426  -11.905258543    2.007737880
   -1.396263402    1.570796327  -52.896457276   -0.736654001    2.154080425
   -1.221730476    1.570796327  -51.655667587   15.412833749    1.085933657
   -1.047197551    1.570796327  -47.514378065   31.562710686   -0.690407795
   -0.872664626    1.570796327  -40.933120424   42.624509656   -2.502931141
   -0.698131701    1.570796327  -33.088409219   45.841067123   -3.727351061
   -0.523598776    1.570796327  -25.360181026   41.590532095   -3.915542943
   -0.349065850    1.570796327  -18.839275688   32.560876596   -2.849622128
   -0.174532925    1.570796327  -14.068538995   22.090215552   -0.532832744
    0.000000000    1.570796327  -11.052774234   12.792454101    2.795085113
    0.174532925    1.570796327   -9.442168446    6.152442011    6.669288581
    0.349065850    1.570796327   -8.718658940    2.603017843   10.416909446
    0.523598776    1.570796327   -8.357442365    1.895453152   13.298207794
    0.698131701    1.570796327   -7.925331043    3.203339239   14.693410977
    0.872664626    1.570796327   -7.170793871    5.392021049   14.336567056
    1.047197551    1.570796327   -6.050333796    7.271778936   12.434630861
    1.221730476    1.570796327   -4.695357076    7.994096565    9.591664879
    1.396263402    1.570796327   -3.335787052    7.379797877    6.551455339
    1.570796327    1.570796327   -2.181889255    5.712715818    3.911191307
    1.745329252    1.570796327   -1.378052527    3.432897283    1.929413464
    1.919862177    1.570796327   -1.007811355    0.742276881    0.525628626
    2.094395102    1.570796327   -1.154261689   -2.554322702   -0.593560872
    2.268928028    1.570796327   -1.965049479   -6.961408172   -1.772183099
    2.443460953    1.570796327   -3.674138527  -12.894348191   -3.268800156
    2.617993878    1.570796327   -6.551079033  -20.249729958   -5.159715601
    2.792526803    1.570796327  -10.769157011  -28.029947943   -7.317031651
    2.967059728    1.570796327  -16.252964379  -34.377179450   -9.444895004

   -3.141592654    1.745329252  -24.809893057  -38.777415853  -14.569086139
   -2.967059728    1.745329252  -31.394396525  -35.789755983  -15.834091771
   -2.792526803    1.745329252  -37.029955034  -28.153375584  -16.096209012
   -2.617993878    1.745329252  -41.089946296  -18.276290307  -15.388069860
   -2.443460953    1.745329252  -43.486065851   -9.692015243  -13.779148587
   -2.268928028    1.745329252  -44.730659490   -5.448767312  -11.343449274
   -2.094395102    1.745329252  -45.697549254   -6.408320515   -8.250791951
   -1.919862177    1.745329252  -47.152004607  -10.454787270   -4.880984367
   -1.745329252    1.745329252  -49.277533554  -13.303461033   -1.812123615
   -1.570796327    1.745329252  -51.473701378  -10.699448969    0.360399613
   -1.396263402    1.745329252  -52.585194396   -0.881866471    1.277689430
   -1.221730476    1.745329252  -51.467830615   14.218726942    0.980656972
   -1.047197551    1.745329252  -47.583755958   29.914839078   -0.123134910
   -0.872664626    1.745329252  -41.280922607   41.183887400   -1.432820332
   -0.698131701    1.745329252  -33.629124118   45.145992337   -2.366458437
   -0.523598776    1.745329252  -25.931789330   41.962424376   -2.507163590
   -0.349065850    1.745329252  -19.244002595   34.095220579   -1.667159531
   -0.174532925    1.745329252  -14.111689990   24.651935166    0.125047198
    0.000000000    1.745329252  -10.583388391   16.027556351    2.618419433
    0.174532925    1.745329252   -8.388895576    9.499092463    5.379771615
    0.349065850    1.745329252   -7.120149835    5.396078627    7.835376082
    0.523598776    1.745329252   -6.366033496    3.519288357    9.430725098
    0.698131701    1.745329252   -5.780516639    3.311138845    9.788295072
    0.872664626    1.745329252   -5.138010482    4.048554681    8.871409235
    1.047197551    1.745329252   -4.347543373    4.936009663    7.008975161
    1.221730476    1.745329252   -3.438408894    5.332214734    4.760446832
    1.396263402    1.745329252   -2.527029986    4.986771970    2.679412126
    1.570796327    1.745329252   -1.742102229    3.900459616    1.103022968
    1.745329252    1.745329252   -1.203272224    2.179229109    0.057344756
    1.919862177    1.745329252   -1.021208314   -0.216997554   -0.686967846
    2.094395102    1.745329252   -1.335513800   -3.577218450   -1.483659277
    2.268928028    1.745329252   -2.353898676   -8.357429374   -2.677484755
    2.443460953    1.745329252   -4.351937283  -14.813180139   -4.488452282
    2.617993878    1.745329252   -7.605487822  -22.611893128   -6.915315574
    2.792526803    1.745329252  -12.254621046  -30.536526911   -9.707396889
    2.967059728    1.745329252  -18.159030942  -36.618507596  -12.415910085

   -3.141592654    1.919862177  -27.623004648  -40.675118871  -17.519821786
   -2.967059728    1.919862177  -34.443157594  -36.577888751  -18.967167766
   -2.792526803    1.919862177  -40.119272316  -27.848214847  -19.181526902
   -2.617993878    1.919862177  -44.040694827  -17.018386709  -18.307577918
   -2.443460953    1.919862177  -46.143561662   -7.606169829  -16.559480715
   -2.268928028    1.919862177  -46.959338191   -2.642256575  -14.092764181
   -2.094395102    1.919862177  -47.387569024   -3.093851041  -11.041341105
   -1.919862177    1.919862177  -48.248341761   -7.053801248   -7.653170655
   -1.745329252    1.919862177  -49.814045562  -10.388058766   -4.357624277
   -1.570796327    1.919862177  -51.582345660   -8.778172204   -1.667463772
   -1.396263402    1.919862177  -52.463534228   -0.167420225    0.037066347
   -1.221730476    1.919862177  -51.316187554   13.900817900    0.687193383
   -1.047197551    1.919862177  -47.544119448   29.033616284    0.538403157
   -0.872664626    1.919862177  -41.402849060   40.301397505    0.037703001
   -0.698131701    1.919862177  -33.870464654   44.725771662   -0.358806271
   -0.523598776    1.919862177  -26.184721758   42.274074398   -0.325571564
   -0.349065850    1.919862177  -19.372095394   35.205119253    0.272482926
   -0.174532925    1.919862177  -13.984317336   26.423341647    1.397763407
    0.000000000    1.919862177  -10.110679816   18.147748088    2.839914122
    0.174532925    1.919862177   -7.548408536   11.505446511    4.267750224
    0.349065850    1.919862177   -5.975959149    6.794778638    5.271737900
    0.523598776    1.919862177   -5.060545956    3.924184421    5.512860963
    0.698131701    1.919862177   -4.501691550    2.611712658    4.846513553
    0.872664626    1.919862177   -4.063553615    2.472448929    3.423199402
    1.047197551    1.919862177   -3.590817935    2.963171505    1.647135462
    1.221730476    1.919862177   -3.021060274    3.495515174    0.007848675
    1.396263402    1.919862177   -2.390541518    3.643376057   -1.129281395
    1.570796327    1.919862177   -1.790270044    3.113198597   -1.667616488
    1.745329252    1.919862177   -1.353854536    1.740399155   -1.790908060
    1.919862177    1.919862177   -1.243776807   -0.667988219   -1.861427439
    2.094395102    1.919862177   -1.666235414   -4.424100705   -2.286886821
    2.268928028    1.919862177   -2.889387389   -9.891789363   -3.414290054
    2.443460953    1.919862177   -5.224787252  -17.137693693   -5.437328940
    2.617993878    1.919862177   -8.943034814  -25.559982668   -8.302126161
    2.792526803    1.919862177  -14.131641505  -33.676319069  -11.665115529
    2.967059728    1.919862177  -20.559601887  -39.384360628  -14.943070641

   -3.141592654    2.094395102  -30.843187093  -42.893167889  -19.060865070
   -2.967059728    2.094395102  -37.935031145  -37.455359302  -20.731357717
   -2.792526803    2.094395102  -43.648692162  -27.434977292  -20.963564106
   -2.617993878    2.094395102  -47.404543650  -15.585412042  -19.954859640
   -2.443460953    2.094395102  -49.188611649   -5.422167986  -18.056629227
   -2.268928028    2.094395102  -49.570297384    0.127205194  -15.552370964
   -2.094395102    2.094395102  -49.473742633    0.120356541  -12.599761149
   -1.919862177    2.094395102  -49.752309606   -3.654202565   -9.338740802
   -1.745329252    2.094395102  -50.737852600   -7.217420921   -6.019874115
   -1.570796327    2.094395102  -52.005537155   -6.277008826   -3.010534313
   -1.396263402    2.094395102  -52.529785270    1.401027845   -0.656854527
   -1.221730476    2.094395102  -51.189357354   14.570685455    0.882606195
   -1.047197551    2.094395102  -47.358065437   29.095895158    1.694861524
   -0.872664626    2.094395102  -41.229689554   40.152895905    2.036324428
   -0.698131701    2.094395102  -33.716675576   44.699854625    2.199364427
   -0.523598776    2.094395102  -26.009846090   42.557158145    2.395151706
   -0.349065850    2.094395102  -19.117052511   35.831685073    2.703706511
   -0.174532925    2.094395102  -13.596371254   27.282368201    3.092943755
    0.000000000    2.094395102   -9.568044781   19.015110063    3.422024280
    0.174532925    2.094395102   -6.875858855   12.068043731    3.490301762
    0.349065850    2.094395102   -5.253889853    6.758656505    3.069219103
    0.523598776    2.094395102   -4.410336603    3.129624398    2.023560050
    0.698131701    2.094395102   -4.051943386    1.150473095    0.408695812
    0.872664626    2.094395102   -3.903364515    0.693260315   -1.479376112
    1.047197551    2.094395102   -3.734280206    1.342539168   -3.188289141
    1.221730476    2.094395102   -3.402919553    2.434679650   -4.296592941
    1.396263402    2.094395102   -2.896337088    3.284538844   -4.600653493
    1.570796327    2.094395102   -2.306985504    3.299528665   -4.207163957
    1.745329252    2.094395102   -1.816394791    2.102625483   -3.475532655
    1.919862177    2.094395102   -1.660096248   -0.572007503   -2.875744071
    2.094395102    2.094395102   -2.119070101   -4.996203324   -2.853285727
    2.268928028    2.094395102   -3.521777141  -11.408620145   -3.749732859
    2.443460953    2.094395102   -6.212058141  -19.675382136   -5.742144051
    2.617993878    2.094395102  -10.449249168  -28.906804587   -8.761889061
    2.792526803    2.094395102  -16.257236834  -37.317318770  -12.435980846
    2.967059728    2.094395102  -23.295938272  -42.628099027  -16.112205447

   -3.141592654    2.268928028  -34.131886679  -45.367577314  -18.156046167
   -2.967059728    2.268928028  -41.530711599  -38.466179994  -19.982286979
   -2.792526803    2.268928028  -47.290269189  -26.986367226  -20.283636427
   -2.617993878    2.268928028  -50.863876226  -14.016823179  -19.225772561
   -2.443460953    2.268928028  -52.306787855   -3.141508167  -17.236005424
   -2.268928028    2.268928028  -52.249181462    2.850541094  -14.720212114
   -2.094395102    2.268928028  -51.647900051    3.166155303  -11.897026428
   -1.919862177    2.268928028  -51.374212320   -0.397888574   -8.837344409
   -1.745329252    2.268928028  -51.788531220   -3.977430737   -5.622333349
   -1.570796327    2.268928028  -52.515628444   -3.378302172   -2.454797499
   -1.396263402    2.268928028  -52.585355746    3.675301659    0.375078076
   -1.221730476    2.268928028  -50.911561578   16.113555317    2.621083137
   -1.047197551    2.268928028  -46.868598357   29.998449542    4.186945179
   -0.872664626    2.268928028  -40.623098694   40.625023468    5.127536152
   -0.698131701    2.268928028  -33.050377999   44.941215425    5.581726889
   -0.523598776    2.268928028  -25.312250509   42.685073602    5.681335774
   -0.349065850    2.268928028  -18.404459396   35.871330883    5.496408117
   -0.174532925    2.268928028  -12.887858845   27.172343072    5.034541297
    0.000000000    2.268928028   -8.900079743   18.635343360    4.238826971
    0.174532925    2.268928028   -6.309166325   11.257290035    3.027305664
    0.349065850    2.268928028   -4.875180815    5.402984252    1.323073406
    0.523598776    2.268928028   -4.315222725    1.258729420   -0.849532845
    0.698131701    2.268928028   -4.312223196   -0.986639335   -3.280719941
    0.872664626    2.268928028   -4.529209785   -1.273883680   -5.565647735
    1.047197551    2.268928028   -4.653956611    0.011439450   -7.220400696
    1.221730476    2.268928028   -4.476476867    2.028995999   -7.884064997
    1.396263402    2.268928028   -3.960330541    3.769439664   -7.487829351
    1.570796327    2.268928028   -3.231449874    4.340098816   -6.303355959
    1.745329252    2.268928028   -2.546413187    3.203822922   -4.824588853
    1.919862177    2.268928028   -2.229421344    0.094144437   -3.590385696
    2.094395102    2.268928028   -2.640152997   -5.163636922   -3.049942565
    2.268928028    2.268928028   -4.164496975  -12.663479010   -3.513806563
    2.443460953    2.268928028   -7.175570040  -22.085679994   -5.137939061
    2.617993878    2.268928028  -11.922003312  -32.272289156   -7.872529699
    2.792526803    2.268928028  -18.365608810  -41.124409625  -11.391710547
    2.967059728    2.268928028  -26.053562587  -46.136692172  -15.074107585

   -3.141592654    2.443460953  -37.000712223  -47.844809255  -14.224965690
   -2.967059728    2.443460953  -44.714614483  -39.547232925  -15.962184739
   -2.792526803    2.443460953  -50.529981934  -26.569078943  -16.293026890
   -2.617993878    2.443460953  -53.921031223  -12.418915237  -15.280972207
   -2.443460953    2.443460953  -55.017322943   -0.844834869  -13.330753175
   -2.268928028    2.443460953  -54.525768860    5.485593532  -10.897888134
   -2.094395102    2.443460953  -53.445584287    6.014016815   -8.240766454
   -1.919862177    2.443460953  -52.655973523    2.667517757   -5.381624819
   -1.745329252    2.443460953  -52.519107062   -0.748852099   -2.268535423
   -1.570796327    2.443460953  -52.683002387   -0.201326266    1.023464336
   -1.396263402    2.443460953  -52.225656474    6.484439265    4.221657213
   -1.221730476    2.443460953  -50.114335972   18.282977618    6.951014889
   -1.047197551    2.443460953  -45.758287188   31.404201369    8.903915270
   -0.872664626    2.443460953  -39.331514220   41.306872612    9.945886106
   -0.698131701    2.443460953  -31.694161330   45.022655879   10.126281854
   -0.523598776    2.443460953  -23.984900970   42.291496556    9.598443067
   -0.349065850    2.443460953  -17.181013934   35.083328110    8.522117550
   -0.174532925    2.443460953  -11.834171572   26.008246525    7.004858414
    0.000000000    2.443460953   -8.084016982   17.067585739    5.079838814
    0.174532925    2.443460953   -5.805508729    9.236191146    2.740491392
    0.349065850    2.443460953   -4.763624816    2.937925125   -0.005118943
    0.523598776    2.443460953   -4.662386535   -1.487912584   -3.042814615
    0.698131701    2.443460953   -5.138997653   -3.654819484   -6.066864875
    0.872664626    2.443460953   -5.779382461   -3.368326210   -8.604012611
    1.047197551    2.443460953   -6.185595508   -1.060533951  -10.159203555
    1.221730476    2.443460953   -6.089858207    2.170832110  -10.432730130
    1.396263402    2.443460953   -5.453895347    4.945423257   -9.471425066
    1.570796327    2.443460953   -4.462538093    6.080081755   -7.674035239
    1.745329252    2.443460953   -3.466621496    4.933449088   -5.619020561
    1.919862177    2.443460953   -2.886538438    1.309490307   -3.860427514
    2.094395102    2.443460953   -3.157111857   -4.817612703   -2.800792184
    2.268928028    2.443460953   -4.712825707  -13.391891862   -2.678423329
    2.443460953    2.443460953   -7.950718166  -23.950914891   -3.606330156
    2.617993878    2.443460953  -13.113576205  -35.133647801   -5.567585751
    2.792526803    2.443460953  -20.115213456  -44.563269770   -8.346379077
    2.967059728    2.443460953  -28.404897142  -49.475651243  -11.459202231

   -3.141592654    2.617993878  -38.928889773  -49.885444516   -7.480551528
   -2.967059728    2.617993878  -46.908532988  -40.485570905   -8.714774909
   -2.792526803    2.617993878  -52.772316390  -26.188782474   -8.904071562
   -2.617993878    2.617993878  -55.994707291  -10.930352543   -7.989057642
   -2.443460953    2.617993878  -56.766410729    1.309291281   -6.250931516
   -2.268928028    2.617993878  -55.869217308    7.937186858   -4.070173844
   -2.094395102    2.617993878  -54.344852622    8.656215877   -1.658061184
   -1.919862177    2.617993878  -53.071191224    5.592785775    1.027696945
   -1.745329252    2.617993878  -52.393358741    2.518984416    4.122250593
   -1.570796327    2.617993878  -51.967577715    3.235842955    7.590845072
   -1.396263402    2.617993878  -50.924636024    9.675688133   11.085310886
   -1.221730476    2.617993878  -48.313655793   20.745387763   14.032656372
   -1.047197551    2.617993878  -43.617715899   32.797828339   15.893857974
   -0.872664626    2.617993878  -37.047562643   41.560808662   16.392376241
   -0.698131701    2.617993878  -29.454734191   44.295930026   15.595351326
   -0.523598776    2.617993878  -21.939344356   40.842496400   13.811058310
   -0.349065850    2.617993878  -15.434413951   33.139560277   11.402097025
   -0.174532925    2.617993878  -10.459792866   23.696964554    8.631535861
    0.000000000    2.617993878   -7.142154916   14.420671809    5.610987394
    0.174532925    2.617993878   -5.355532200    6.246030809    2.347535499
    0.349065850    2.617993878   -4.862034247   -0.340768674   -1.145514497
    0.523598776    2.617993878   -5.343284216   -4.827031324   -4.734266010
    0.698131701    2.617993878   -6.378923265   -6.630591870   -8.070648280
    0.872664626    2.617993878   -7.469134330   -5.456696377  -10.649378144
    1.047197551    2.617993878   -8.130386169   -1.846096302  -11.988733468
    1.221730476    2.617993878   -8.048745280    2.783089116  -11.863570997
    1.396263402    2.617993878   -7.203641682    6.654977302  -10.432085929
    1.570796327    2.617993878   -5.858319245    8.324855467   -8.192086315
    1.745329252    2.617993878   -4.468335787    7.114431268   -5.759024307
    1.919862177    2.617993878   -3.547945733    2.971130895   -3.645925868
    2.094395102    2.617993878   -3.594157143   -3.936093895   -2.154039375
    2.268928028    2.617993878   -5.073298525  -13.408109942   -1.401973592
    2.443460953    2.617993878   -8.395792730  -24.903767815   -1.423066360
    2.617993878    2.617993878  -13.803424628  -36.962301010   -2.217735241
    2.792526803    2.617993878  -21.184051032  -47.016113926   -3.704562301
    2.967059728    2.617993878  -29.920697711  -52.054362609   -5.617335422

   -3.141592654    2.792526803  -39.507915302  -50.950112862    0.990498456
   -2.967059728    2.792526803  -47.625071822  -40.933167347    0.713078664
   -2.792526803    2.792526803  -53.490940685  -25.748601552    0.916310818
   -2.617993878    2.792526803  -56.561122894   -9.661848538    1.747825958
   -2.443460953    2.792526803  -57.059208913    3.123209352    3.119786673
   -2.268928028    2.792526803  -55.817102884   10.049985461    4.857721898
   -2.094395102    2.792526803  -53.900927167   11.050657292    6.911287072
   -1.919862177    2.792526803  -52.173089856    8.433470468    9.420662773
   -1.745329252    2.792526803  -50.952084126    5.895404622   12.546243574
   -1.570796327    2.792526803  -49.904725196    6.908716588   16.184453719
   -1.396263402    2.792526803  -48.236669322   13.045327651   19.812765229
   -1.221730476    2.792526803  -45.117802807   23.086531357   22.619626090
   -1.047197551    2.792526803  -40.143647322   33.591986943   23.867003598
   -0.872664626    2.792526803  -33.579145690   40.721971656   23.228238286
   -0.698131701    2.792526803  -26.253844085   42.143159372   20.904658733
   -0.523598776    2.792526803  -19.192569001   37.880102035   17.459865303
   -0.349065850    2.792526803  -13.242414621   29.807273174   13.516524723
   -0.174532925    2.792526803   -8.862853551   20.233265866    9.497396162
    0.000000000    2.792526803   -6.157028212   10.867699622    5.550937755
    0.174532925    2.792526803   -5.001293361    2.564999440    1.634234545
    0.349065850    2.792526803   -5.159976479   -4.118158969   -2.298405846
    0.523598776    2.792526803   -6.293268187   -8.458977132   -6.138286045
    0.698131701    2.792526803   -7.918892628   -9.663025461   -9.525143314
    0.872664626    2.792526803   -9.447707669   -7.361361453  -11.941553384
    1.047197551    2.792526803  -10.314614282   -2.261930566  -12.936641693
    1.221730476    2.792526803  -10.173925887    3.844555494  -12.374574439
    1.396263402    2.792526803   -9.042550701    8.782591903  -10.528468442
    1.570796327    2.792526803   -7.277946019   10.896653567   -7.979065849
    1.745329252    2.792526803   -5.443775531    9.553618764   -5.346100518
    1.919862177    2.792526803   -4.137165994    4.921219614   -3.061399768
    2.094395102    2.792526803   -3.895868393   -2.595449003   -1.286022730
    2.268928028    2.792526803   -5.193690919  -12.665725525    0.017253873
    2.443460953    2.792526803   -8.437065174  -24.739088582    0.933039898
    2.617993878    2.792526803  -13.866580265  -37.376122469    1.482935221
    2.792526803    2.792526803  -21.366343770  -47.948007394    1.635175352
    2.967059728    2.792526803  -30.294287544  -53.269336490    1.411390094

   -3.141592654    2.967059728  -38.573071655  -50.599765678    9.587464619
   -2.967059728    2.967059728  -46.629622961  -40.548698766   10.588504827
   -2.792526803    2.967059728  -52.407899848  -25.102466000   11.414460756
   -2.617993878    2.967059728  -55.334972386   -8.667208112   12.232464348
   -2.443460953    2.967059728  -55.631286833    4.431514786   13.164328094
   -2.268928028    2.967059728  -54.134689330   11.667630515   14.323389819
   -2.094395102    2.967059728  -51.899623320   13.123210084   15.901492901
   -1.919862177    2.967059728  -49.753922483   11.179316817   18.154867837
   -1.745329252    2.967059728  -47.990093524    9.343209278   21.213056946
   -1.570796327    2.967059728  -46.305595416   10.653753006   24.820484812
   -1.396263402    2.967059728  -44.016272535   16.259308005   28.238959488
   -1.221730476    2.967059728  -40.452309121   24.837985106   30.458724659
   -1.047197551    2.967059728  -35.348213340   33.281359897   30.647799801
   -0.872664626    2.967059728  -29.021743253   38.359361859   28.545591740
   -0.698131701    2.967059728  -22.249544887   38.289064751   24.561465108
   -0.523598776    2.967059728  -15.934323833   33.317395392   19.521270238
   -0.349065850    2.967059728  -10.794222020   25.173605232   14.262451594
   -0.174532925    2.967059728   -7.205332265   15.831904839    9.301060228
    0.000000000    2.967059728   -5.246195646    6.693732963    4.759902789
    0.174532925    2.967059728   -4.808361327   -1.504179234    0.504451044
    0.349065850    2.967059728   -5.671414701   -8.108382218   -3.593380088
    0.523598776    2.967059728   -7.479496698  -12.135104373   -7.455066221
    0.698131701    2.967059728   -9.686687716  -12.551130568  -10.709150949
    0.872664626    2.967059728  -11.612708874   -8.939178419  -12.827896932
    1.047197551    2.967059728  -12.616920855   -2.235697572  -13.396954568
    1.221730476    2.967059728  -12.338171609    5.348837852  -12.375243414
    1.396263402    2.967059728  -10.851080305   11.248191246  -10.150323670
    1.570796327    2.967059728   -8.620964046   13.660461298   -7.375841094
    1.745329252    2.967059728   -6.318885881   12.087713414   -4.661546908
    1.919862177    2.967059728   -4.609143565    6.994533055   -2.345378791
    2.094395102    2.967059728   -4.044528800   -0.940131556   -0.439966395
    2.268928028    2.967059728   -5.077863211  -11.262316725    1.256681377
    2.443460953    2.967059728   -8.088681949  -23.469495853    2.969660747
    2.617993878    2.967059728  -13.308557250  -36.256732374    4.787101102
    2.792526803    2.967059728  -20.633242925  -47.082879712    6.617354108
    2.967059728    2.967059728  -29.436476283  -52.714611586    8.266463369
