#! FIELDS phi psi file.free der_phi der_psi
#! SET min_phi -pi
#! SET max_phi pi
#! SET nbins_phi  36
#! SET periodic_phi true
#! SET min_psi -pi
#! SET max_psi pi
#! SET nbins_psi  36
#! SET periodic_psi true
   -3.141592654   -3.141592654  -67.644084803  -55.756847647   18.963087681
   -2.967059728   -3.141592654  -75.978569243  -38.801230722   19.759217977
   -2.792526803   -3.141592654  -80.979662665  -18.433581421   20.096407886
   -2.617993878   -3.141592654  -82.532525617   -0.145315515   20.207790233
   -2.443460953   -3.141592654  -81.407449947   11.734971787   20.190242199
   -2.268928028   -3.141592654  -78.904366762   15.661250664   20.102183365
   -2.094395102   -3.141592654  -76.311796281   13.266334198   20.198621766
   -1.919862177   -3.141592654  -74.409520414    8.533093902   21.034210285
   -1.745329252   -3.141592654  -73.194643406    6.115144129   23.263884223
   -1.570796327   -3.141592654  -71.932161010    9.439116142   27.195110935
   -1.396263402   -3.141592654  -69.511235075   19.239667125   32.390852710
   -1.221730476   -3.141592654  -64.965947144   33.157903453   37.645933089
   -1.047197551   -3.141592654  -57.942313950   46.794412857   41.403384601
   -0.872664626   -3.141592654  -48.894322473   55.706812533   42.373467860
   -0.698131701   -3.141592654  -38.921365890   57.154791480   40.010410212
   -0.523598776   -3.141592654  -29.391383766   50.738523415   34.584511246
   -0.349065850   -3.141592654  -21.575066677   37.845245911   26.909780487
   -0.174532925   -3.141592654  -16.429900826   20.459895081   17.923391141
    0.000000000   -3.141592654  -14.566117749    0.595956088    8.434484918
    0.174532925   -3.141592654  -16.227171871  -19.490415004   -0.887481087
    0.349065850   -3.141592654  -21.187412928  -36.609589512   -9.322208301
    0.523598776   -3.141592654  -28.577067716  -46.605154420  -15.994442751
    0.698131701   -3.141592654  -36.805131824  -45.761190122  -20.001044284
    0.872664626   -3.141592654  -43.828835422  -32.928471336  -20.776452694
    1.047197551   -3.141592654  -47.758144699  -11.109177712  -18.472806026
    1.221730476   -3.141592654  -47.562216090   13.085282498  -14.029898297
    1.396263402   -3.141592654  -43.493041625   32.145261054   -8.808509654
    1.570796327   -3.141592654  -36.957969568   40.777962996   -4.025609919
    1.745329252   -3.141592654  -29.957102625   37.581440108   -0.297908699
    1.919862177   -3.141592654  -24.415568838   24.591745157    2.438417869
    2.094395102   -3.141592654  -21.731858422    5.482064098    4.673067548
    2.268928028   -3.141592654  -22.643266589  -16.034344042    6.947546526
    2.443460953   -3.141592654  -27.284496719  -36.755861206    9.554743259
    2.617993878   -3.141592654  -35.255537212  -53.692486712   12.423181728
    2.792526803   -3.141592654  -45.629311555  -63.852138282   15.199403963
    2.967059728   -3.141592654  -56.992741761  -64.787955569   17.459855962

   -3.141592654   -2.967059728  -63.708081882  -54.495306669   25.609685220
   -2.967059728   -2.967059728  -71.893941799  -38.318967109   26.506929048
   -2.792526803   -2.967059728  -76.859377191  -18.458997734   26.580642419
   -2.617993878   -2.967059728  -78.442997500   -0.441244265   26.131525208
   -2.443460953   -2.967059728  -77.380764527   11.336302942   25.456929768
   -2.268928028   -2.967059728  -74.940035492   15.401104895   24.868926393
   -2.094395102   -2.967059728  -72.349037792   13.605494419   24.791714643
   -1.919862177   -2.967059728  -70.290545302   10.084832228   25.761855232
   -1.745329252   -2.967059728  -68.665044278    9.300527167   28.210600591
   -1.570796327   -2.967059728  -66.712634662   14.062118224   32.107853931
   -1.396263402   -2.967059728  -63.426246733   24.316075696   36.717158375
   -1.221730476   -2.967059728  -58.064736582   37.178964461   40.705367851
   -1.047197551   -2.967059728  -50.540538685   48.318185261   42.621074191
   -0.872664626   -2.967059728  -41.509004421   53.940273462   41.477176878
   -0.698131701   -2.967059728  -32.131386171   52.179823762   37.113200082
   -0.523598776   -2.967059728  -23.697244907   43.323904422   30.132342758
   -0.349065850   -2.967059728  -17.314716877   29.003265997   21.546128094
   -0.174532925   -2.967059728  -13.771134139   11.086313620   12.336574480
    0.000000000   -2.967059728  -13.539974647   -8.640296836    3.248477687
    0.174532925   -2.967059728  -16.758229312  -27.992180316   -5.166093215
    0.349065850   -2.967059728  -23.087617866  -43.660864142  -12.333215611
    0.523598776   -2.967059728  -31.519596749  -51.355140813  -17.543529143
    0.698131701   -2.967059728  -40.321763086  -47.497233632  -20.095008508
    0.872664626   -2.967059728  -47.369538864  -31.494578024  -19.629857151
    1.047197551   -2.967059728  -50.813489310   -7.141564761  -16.460391796
    1.221730476   -2.967059728  -49.793514895   18.337655859  -11.582661968
    1.396263402   -2.967059728  -44.795521423   37.345300611   -6.284274386
    1.570796327   -2.967059728  -37.426520971   45.051461917   -1.608565315
    1.745329252   -2.967059728  -29.777305666   40.769298452    2.033120802
    1.919862177   -2.967059728  -23.746944719   27.100677091    4.869052396
    2.094395102   -2.967059728  -20.640750280    7.908091409    7.461276130
    2.268928028   -2.967059728  -21.102557461  -13.265883645   10.323899317
    2.443460953   -2.967059728  -25.222940518  -33.580734216   13.661314725
    2.617993878   -2.967059728  -32.623008423  -50.399694288   17.302845847
    2.792526803   -2.967059728  -42.445072350  -60.915000027   20.812516658
    2.967059728   -2.967059728  -53.357103957  -62.614177435   23.692892061

   -3.141592654   -2.792526803  -58.893219132  -52.981927657   28.945021561
   -2.967059728   -2.792526803  -66.913364159  -37.902212177   29.939528137
   -2.792526803   -2.792526803  -71.883572418  -18.870727198   29.818407025
   -2.617993878   -2.792526803  -73.584118713   -1.303049414   28.949045845
   -2.443460953   -2.792526803  -72.681735875   10.435428463   27.824396087
   -2.268928028   -2.792526803  -70.369144339   14.912839511   26.979485035
   -2.094395102   -2.792526803  -67.791175840   14.029652164   26.932053175
   -1.919862177   -2.792526803  -65.546660825   11.845678742   28.092436072
   -1.745329252   -2.792526803  -63.487510512   12.480119681   30.577975539
   -1.570796327   -2.792526803  -60.889712209   18.139551867   34.014065932
   -1.396263402   -2.792526803  -56.892884068   28.158855480   37.478919487
   -1.221730476   -2.792526803  -50.984300041   39.387433684   39.719465255
   -1.047197551   -2.792526803  -43.303873453   47.774230200   39.606491565
   -0.872664626   -2.792526803  -34.642867110   50.252322778   36.577823700
   -0.698131701   -2.792526803  -26.158122023   45.761960892   30.830871499
   -0.523598776   -2.792526803  -19.015840903   35.121310646   23.148366100
   -0.349065850   -2.792526803  -14.144934617   20.049260504   14.544633375
   -0.174532925   -2.792526803  -12.168320241    2.204633729    5.906190180
    0.000000000   -2.792526803  -13.438892198  -16.885098124   -2.130000458
    0.174532925   -2.792526803  -18.006127672  -35.121967288   -9.104789630
    0.349065850   -2.792526803  -25.442963484  -49.113705940  -14.569280457
    0.523598776   -2.792526803  -34.634340553  -54.502125957  -18.017684469
    0.698131701   -2.792526803  -43.749400943  -47.885137931  -19.037515040
    0.872664626   -2.792526803  -50.624875002  -29.184830830  -17.555405107
    1.047197551   -2.792526803  -53.479120987   -2.854141922  -14.035956674
    1.221730476   -2.792526803  -51.622056248   23.445895696   -9.416236518
    1.396263402   -2.792526803  -45.744980492   42.160449787   -4.739439266
    1.570796327   -2.792526803  -37.611052970   48.957105202   -0.732769572
    1.745329252   -2.792526803  -29.360957675   43.804317323    2.449689416
    1.919862177   -2.792526803  -22.842536097   29.757157488    5.160743424
    2.094395102   -2.792526803  -19.263001256   10.755992005    7.951478728
    2.268928028   -2.792526803  -19.184319276   -9.897055425   11.237873844
    2.443460953   -2.792526803  -22.671449213  -29.734965595   15.107671967
    2.617993878   -2.792526803  -29.383122315  -46.443647767   19.304506927
    2.792526803   -2.792526803  -38.542380435  -57.374643516   23.345315967
    2.967059728   -2.792526803  -48.907761884  -59.963089568   26.694707590

   -3.141592654   -2.617993878  -53.795334529  -51.232096330   28.904743302
   -2.967059728   -2.617993878  -61.628137165  -37.486311840   30.057812818
   -2.792526803   -2.617993878  -66.625984695  -19.534986666   29.877498885
   -2.617993878   -2.617993878  -68.501221876   -2.542479497   28.769284694
   -2.443460953   -2.617993878  -67.820079197    9.245252294   27.383348478
   -2.268928028   -2.617993878  -65.666048102   14.376539376   26.425661732
   -2.094395102   -2.617993878  -63.089732215   14.605887355   26.448889916
   -1.919862177   -2.617993878  -60.632876183   13.700084786   27.693240689
   -1.745329252   -2.617993878  -58.154531186   15.345071978   29.966026586
   -1.570796327   -2.617993878  -55.021338009   21.251107778   32.619715154
   -1.396263402   -2.617993878  -50.540650397   30.398371128   34.675805337
   -1.221730476   -2.617993878  -44.400862317   39.643725207   35.100928742
   -1.047197551   -2.617993878  -36.903767709   45.365416814   33.174906882
   -0.872664626   -2.617993878  -28.901673105   45.179464016   28.750166151
   -0.698131701   -2.617993878  -21.492976758   38.648224396   22.277157422
   -0.523598776   -2.617993878  -15.702309849   26.916824006   14.572837016
   -0.349065850   -2.617993878  -12.290465078   11.675149596    6.535559718
   -0.174532925   -2.617993878  -11.737645292   -5.633546451   -1.086178807
    0.000000000   -2.617993878  -14.293233964  -23.698567672   -7.734631907
    0.174532925   -2.617993878  -19.930882345  -40.508410796  -12.991367237
    0.349065850   -2.617993878  -28.154413145  -52.669743567  -16.511624818
    0.523598776   -2.617993878  -37.781018065  -55.886778926  -18.031752404
    0.698131701   -2.617993878  -46.938469377  -46.990734356  -17.499266318
    0.872664626   -2.617993878  -53.479526067  -26.326442821  -15.175110785
    1.047197551   -2.617993878  -55.716040072    1.221845116  -11.660631139
    1.221730476   -2.617993878  -53.110118118   27.804630148   -7.750145949
    1.396263402   -2.617993878  -46.505594264   46.047470964   -4.136077992
    1.570796327   -2.617993878  -37.759061870   52.088808553   -1.156447363
    1.745329252   -2.617993878  -29.014704607   46.407420647    1.298910833
    1.919862177   -2.617993878  -22.051227360   32.343910632    3.659727601
    2.094395102   -2.617993878  -17.985058912   13.803999231    6.406069715
    2.268928028   -2.617993878  -17.316504511   -6.182734238    9.825761149
    2.443460953   -2.617993878  -20.104469834  -25.491232483   13.905408969
    2.617993878   -2.617993878  -26.056658416  -42.074800616   18.349833606
    2.792526803   -2.617993878  -34.480888510  -53.419828886   22.680308927
    2.967059728   -2.617993878  -44.230102455  -56.938776795   26.356494911

   -3.141592654   -2.443460953  -48.975905708  -49.231127225   25.843947017
   -2.967059728   -2.443460953  -56.587601474  -36.952380575   27.227572498
   -2.792526803   -2.443460953  -61.608608709  -20.265565355   27.168373665
   -2.617993878   -2.443460953  -63.681693138   -3.959499541   26.045294864
   -2.443460953   -2.443460953  -63.251715816    7.915197217   24.580984271
   -2.268928028   -2.443460953  -61.269507532   13.831306360   23.573682012
   -2.094395102   -2.443460953  -58.688972561   15.229644809   23.573036699
   -1.919862177   -2.443460953  -56.023441072   15.416439626   24.672367712
   -1.745329252   -2.443460953  -53.186822694   17.611045013   26.455330646
   -1.570796327   -2.443460953  -49.674009181   23.176573823   28.122994987
   -1.396263402   -2.443460953  -44.959874913   30.998211020   28.751088205
   -1.221730476   -2.443460953  -38.889363432   38.165218435   27.582916566
   -1.047197551   -2.443460953  -31.855448809   41.548183838   24.282998246
   -0.872664626   -2.443460953  -24.706532930   39.321686674   19.023843585
   -0.698131701   -2.443460953  -18.449441165   31.450001576   12.384472204
   -0.523598776   -2.443460953  -13.970764607   19.223842306    5.118538391
   -0.349065850   -2.443460953  -11.887961256    4.254544415   -2.030412775
   -0.174532925   -2.443460953  -12.561339824  -12.170483897   -8.430756443
    0.000000000   -2.443460953  -16.146480003  -28.886919673  -13.560435526
    0.174532925   -2.443460953  -22.545267429  -43.991935687  -17.017132016
    0.349065850   -2.443460953  -31.210894384  -54.222967750  -18.572273453
    0.523598776   -2.443460953  -40.938262258  -55.506308753  -18.239794300
    0.698131701   -2.443460953  -49.879110416  -44.952516608  -16.343194827
    0.872664626   -2.443460953  -55.959518758  -23.186730829  -13.447205958
    1.047197551   -2.443460953  -57.603546249    4.756818880  -10.216591313
    1.221730476   -2.443460953  -54.393726742   31.106508462   -7.222061022
    1.396263402   -2.443460953  -47.260620337   48.777878040   -4.762753102
    1.570796327   -2.443460953  -38.086425998   54.296357756   -2.805130286
    1.745329252   -2.443460953  -28.977423548   48.454026165   -1.044065047
    1.919862177   -2.443460953  -21.636494541   34.693002246    0.940772761
    2.094395102   -2.443460953  -17.106970971   16.797619960    3.495001901
    2.268928028   -2.443460953  -15.850984520   -2.456984119    6.766717533
    2.443460953   -2.443460953  -17.935610965  -21.212078789   10.683751292
    2.617993878   -2.443460953  -23.118157893  -37.617075653   14.986466410
    2.792526803   -2.443460953  -30.784157541  -49.281222457   19.277687546
    2.967059728   -2.443460953  -39.877479512  -53.650315203   23.067682298

   -3.141592654   -2.268928028  -44.911146940  -47.016022985   20.343711401
   -2.967059728   -2.268928028  -52.260095689  -36.178309759   21.955085773
   -2.792526803   -2.268928028  -57.268044040  -20.834099364   22.184054278
   -2.617993878   -2.268928028  -59.519763443   -5.315587338   21.302984398
   -2.443460953   -2.268928028  -59.336369549    6.585317049   19.983731924
   -2.268928028   -2.268928028  -57.529178830   13.246627520   19.003900901
   -2.094395102   -2.268928028  -54.959271616   15.701389631   18.867464268
   -1.919862177   -2.268928028  -52.132755646   16.708940418   19.571513959
   -1.745329252   -2.268928028  -49.046806989   19.036337509   20.599553734
   -1.570796327   -2.268928028  -45.339051511   23.842362887   21.138738448
   -1.396263402   -2.268928028  -40.634504794   30.120518121   20.407761203
   -1.221730476   -2.268928028  -34.885436954   35.333247752   17.934297396
   -1.047197551   -2.268928028  -28.514953468   36.834220748   13.697041068
   -0.872664626   -2.268928028  -22.321359008   33.202351956    8.081751215
   -0.698131701   -2.268928028  -17.206334060   24.607128005    1.702299579
   -0.523598776   -2.268928028  -13.933848621   12.359058328   -4.793514400
   -0.349065850   -2.268928028  -13.004784467   -2.004288486  -10.811813246
   -0.174532925   -2.268928028  -14.677443639  -17.273877308  -15.815192100
    0.000000000   -2.268928028  -19.018978488  -32.381749196  -19.319977968
    0.174532925   -2.268928028  -25.864879051  -45.592903266  -20.982047543
    0.349065850   -2.268928028  -34.642281831  -53.923076211  -20.744335138
    0.523598776   -2.268928028  -44.174360744  -53.648215552  -18.917817185
    0.698131701   -2.268928028  -52.698341344  -42.142383165  -16.141008967
    0.872664626   -2.268928028  -58.256419660  -20.114597806  -13.148319542
    1.047197551   -2.268928028  -59.383715919    7.536483640  -10.515645386
    1.221730476   -2.268928028  -55.735891302   33.329311225   -8.492412570
    1.396263402   -2.268928028  -48.261395514   50.497508519   -6.988291476
    1.570796327   -2.268928028  -38.810768449   55.801390389   -5.695846211
    1.745329252   -2.268928028  -29.430073149   50.123421049   -4.259360565
    1.919862177   -2.268928028  -21.759034600   36.844641068   -2.400732928
    2.094395102   -2.268928028  -16.798159639   19.594935327    0.010360312
    2.268928028   -2.268928028  -14.996783695    0.976480531    2.969600116
    2.443460953   -2.268928028  -16.436315611  -17.294872039    6.391421632
    2.617993878   -2.268928028  -20.910419010  -33.475146969   10.130955622
    2.792526803   -2.268928028  -27.860313887  -45.291381378   13.962196575
    2.967059728   -2.268928028  -36.305171033  -50.298730442   17.527946057

   -3.141592654   -2.094395102  -41.964196846  -44.747489161   13.157948244
   -2.967059728   -2.094395102  -49.018518996  -35.114821528   14.891069301
   -2.792526803   -2.094395102  -53.952332636  -21.017893836   15.522278744
   -2.617993878   -2.094395102  -56.317184394   -6.326370049   15.151517243
   -2.443460953   -2.094395102  -56.331253219    5.458796140   14.263795062
   -2.268928028   -2.094395102  -54.681937764   12.643375035   13.475732544
   -2.094395102   -2.094395102  -52.151004306   15.853896706   13.176985272
   -1.919862177   -2.094395102  -49.250508538   17.315982967   13.304437201
   -1.745329252   -2.094395102  -46.067813039   19.406028076   13.357325436
   -1.570796327   -2.094395102  -42.374145387   23.197615331   12.636988384
   -1.396263402   -2.094395102  -37.912977569   27.921692853   10.579139667
   -1.221730476   -2.094395102  -32.694557825   31.471355462    6.992139628
   -1.047197551   -2.094395102  -27.123016320   31.625722879    2.107639646
   -0.872664626   -2.094395102  -21.916170587   27.217049250   -3.544508389
   -0.698131701   -2.094395102  -17.868653003   18.465746918   -9.352238140
   -0.523598776   -2.094395102  -15.640609883    6.619782179  -14.769505354
   -0.349065850   -2.094395102  -15.641402457   -6.840386106  -19.339811687
   -0.174532925   -2.094395102  -18.045059234  -20.737820938  -22.643463213
    0.000000000   -2.094395102  -22.843108671  -34.097498181  -24.318098575
    0.174532925   -2.094395102  -29.824019976  -45.431885994  -24.193822901
    0.349065850   -2.094395102  -38.425815808  -52.143300755  -22.467851986
    0.523598776   -2.094395102  -47.550906737  -50.888765701  -19.731995912
    0.698131701   -2.094395102  -55.565648097  -39.189476195  -16.799906619
    0.872664626   -2.094395102  -60.639733930  -17.595741437  -14.358737061
    1.047197551   -2.094395102  -61.386499082    9.371513849  -12.694543788
    1.221730476   -2.094395102  -57.469901227   34.620272810  -11.637900279
    1.396263402   -2.094395102  -49.791417795   51.608184471  -10.749109494
    1.570796327   -2.094395102  -40.134508240   57.102408755   -9.591737415
    1.745329252   -2.094395102  -30.491819902   51.846325153   -7.938577238
    1.919862177   -2.094395102  -22.477724945   39.044736190   -5.800183377
    2.094395102   -2.094395102  -17.094715260   22.209334119   -3.341845135
    2.268928028   -2.094395102  -14.807153950    3.914990935   -0.734030499
    2.443460953   -2.094395102  -15.710023882  -14.099262124    1.956537219
    2.617993878   -2.094395102  -19.607809135  -30.087030900    4.757273646
    2.792526803   -2.094395102  -25.960712999  -41.880413572    7.686496358
    2.967059728   -2.094395102  -33.832373653  -47.217952720   10.606322184

   -3.141592654   -1.919862177  -40.352383699  -42.679584733    5.205259922
   -2.967059728   -1.919862177  -47.106357613  -33.800060846    6.871184669
   -2.792526803   -1.919862177  -51.892125904  -20.639453120    7.925944247
   -2.617993878   -1.919862177  -54.261085315   -6.692748790    8.271117534
   -2.443460953   -1.919862177  -54.371354653    4.808947976    8.096400171
   -2.268928028   -1.919862177  -52.826803049   12.146767643    7.722784352
   -2.094395102   -1.919862177  -50.357455466   15.631447304    7.338506814
   -1.919862177   -1.919862177  -47.491140232   17.068391126    6.822628973
   -1.745329252   -1.919862177  -44.395132364   18.555923313    5.767802872
   -1.570796327   -1.919862177  -40.945142732   21.182077321    3.687138190
   -1.396263402   -1.919862177  -36.959647124   24.478614102    0.293597869
   -1.221730476   -1.919862177  -32.457651138   26.763017006   -4.319587541
   -1.047197551   -1.919862177  -27.783140521   26.159927568   -9.695589955
   -0.872664626   -1.919862177  -23.550731873   21.627321987  -15.180156013
   -0.698131701   -1.919862177  -20.447870437   13.320838588  -20.151510068
   -0.523598776   -1.919862177  -19.046512629    2.354641970  -24.140316650
   -0.349065850   -1.919862177  -19.688645810   -9.869394070  -26.834909333
   -0.174532925   -1.919862177  -22.490655123  -22.228985589  -28.012123010
    0.000000000   -1.919862177  -27.401453222  -33.888888760  -27.573227382
    0.174532925   -1.919862177  -34.205645458  -43.672808175  -25.668560604
    0.349065850   -1.919862177  -42.402909062  -49.383735731  -22.815387867
    0.523598776   -1.919862177  -51.018934190  -47.955770822  -19.819221703
    0.698131701   -1.919862177  -58.563933676  -36.837034184  -17.481792321
    0.872664626   -1.919862177  -63.306536227  -16.161446712  -16.213649741
    1.047197551   -1.919862177  -63.871759183   10.087306741  -15.839634363
    1.221730476   -1.919862177  -59.853364534   35.169972026  -15.722380896
    1.396263402   -1.919862177  -52.050760978   52.553055494  -15.147024037
    1.570796327   -1.919862177  -42.170635913   58.725353416  -13.692603345
    1.745329252   -1.919862177  -32.188184287   54.077468674  -11.405268564
    1.919862177   -1.919862177  -23.752380885   41.581228617   -8.680878764
    2.094395102   -1.919862177  -17.923542308   24.729567048   -6.018310193
    2.268928028   -1.919862177  -15.210367805    6.258749797   -3.753302275
    2.443460953   -1.919862177  -15.716784675  -11.882563879   -1.921039869
    2.617993878   -1.919862177  -19.226146941  -27.825616715   -0.308087234
    2.792526803   -1.919862177  -25.172016658  -39.475482808    1.372537391
    2.967059728   -1.919862177  -32.618707909  -44.800322322    3.257017508

   -3.141592654   -1.745329252  -40.109611531  -41.078340391   -2.312145203
   -2.967059728   -1.745329252  -46.592472163  -32.356440725   -0.900237030
   -2.792526803   -1.745329252  -51.161951055  -19.641153281    0.503632462
   -2.617993878   -1.745329252  -53.402994168   -6.222449989    1.617314865
   -2.443460953   -1.745329252  -53.470349111    4.857812638    2.286792484
   -2.268928028   -1.745329252  -51.943979656   11.904503811    2.458574268
   -2.094395102   -1.745329252  -49.543417276   15.062048306    2.059723091
   -1.919862177   -1.745329252  -46.823233171   15.904810712    0.904733574
   -1.745329252   -1.745329252  -44.010514788   16.409836582   -1.280575187
   -1.570796327   -1.745329252  -41.043300961   17.770889152   -4.719244736
   -1.396263402   -1.745329252  -37.763629916   19.840825662   -9.392818881
   -1.221730476   -1.745329252  -34.149602968   21.319059489  -14.927390868
   -1.047197551   -1.745329252  -30.446790252   20.593460314  -20.653031498
   -0.872664626   -1.745329252  -27.144487429   16.647249802  -25.786185335
   -0.698131701   -1.745329252  -24.818649292    9.475756949  -29.667206900
   -0.523598776   -1.745329252  -23.964324898   -0.032965244  -31.883774258
   -0.349065850   -1.745329252  -24.883682427  -10.644319063  -32.299554071
   -0.174532925   -1.745329252  -27.678603125  -21.385498287  -30.989295051
    0.000000000   -1.745329252  -32.314011286  -31.632536955  -28.254595360
    0.174532925   -1.745329252  -38.636712972  -40.525478175  -24.667742618
    0.349065850   -1.745329252  -46.265110508  -46.158902652  -21.064064051
    0.523598776   -1.745329252  -54.375778791  -45.514160222  -18.343296501
    0.698131701   -1.745329252  -61.604281773  -35.687948656  -17.112394822
    0.872664626   -1.745329252  -66.254591198  -16.180565081  -17.348495635
    1.047197551   -1.745329252  -66.875724349    9.612201240  -18.357318196
    1.221730476   -1.745329252  -62.912317436   35.150258099  -19.084106916
    1.396263402   -1.745329252  -55.022939180   53.625224824  -18.650448246
    1.570796327   -1.745329252  -44.850195492   60.960940648  -16.755881157
    1.745329252   -1.745329252  -34.405604600   57.029666051  -13.770233931
    1.919862177   -1.745329252  -25.440866842   44.569919536  -10.464209203
    2.094395102   -1.745329252  -19.129855971   27.188841100   -7.626900936
    2.268928028   -1.745329252  -16.052017636    7.971819827   -5.725509646
    2.443460953   -1.745329252  -16.314819824  -10.755063744   -4.767161932
    2.617993878   -1.745329252  -19.650541168  -26.890708870   -4.389015171
    2.792526803   -1.745329252  -25.421881786  -38.360987356   -4.076371277
    2.967059728   -1.745329252  -32.645636652  -43.365236132   -3.425708460

   -3.141592654   -1.570796327  -41.044516304  -40.096936481   -8.058089155
   -2.967059728   -1.570796327  -47.312664624  -30.931555911   -7.026866003
   -2.792526803   -1.570796327  -51.619236275  -18.117209751   -5.457193404
   -2.617993878   -1.570796327  -53.611182620   -4.946868543   -3.769197208
   -2.443460953   -1.570796327  -53.498174926    5.611981878   -2.427759085
   -2.268928028   -1.570796327  -51.901340907   11.928708951   -1.840036775
   -2.094395102   -1.570796327  -49.575181047   14.152138868   -2.324188551
   -1.919862177   -1.570796327  -47.111374572   13.842686484   -4.113593899
   -1.745329252   -1.570796327  -44.772422571   13.025094921   -7.338583782
   -1.570796327   -1.570796327  -42.512298656   13.077189212  -11.962274563
   -1.396263402   -1.570796327  -40.144524525   14.168075673  -17.682936243
   -1.221730476   -1.570796327  -37.559642554   15.325872396  -23.878287144
   -1.047197551   -1.570796327  -34.869120507   15.130985881  -29.686642221
   -0.872664626   -1.570796327  -32.414275083   12.514702906  -34.199628709
   -0.698131701   -1.570796327  -30.651873416    7.219941577  -36.715670408
   -0.523598776   -1.570796327  -30.010585842   -0.216227797  -36.894844739
   -0.349065850   -1.570796327  -30.787561269   -8.872713870  -34.827438292
   -0.174532925   -1.570796327  -33.129735967  -18.056912434  -30.965229154
    0.000000000   -1.570796327  -37.094577074  -27.407115718  -26.067626262
    0.174532925   -1.570796327  -42.665660158  -36.299474198  -21.115521860
    0.349065850   -1.570796327  -49.628112207  -42.905541875  -17.157349704
    0.523598776   -1.570796327  -57.312467138  -43.962637127  -15.028905349
    0.698131701   -1.570796327  -64.433300842  -35.963085752  -15.012664740
    0.872664626   -1.570796327  -69.249908595  -17.657289599  -16.626344271
    1.047197551   -1.570796327  -70.150899040    8.085952713  -18.753993408
    1.221730476   -1.570796327  -66.371855886   34.712914781  -20.090379464
    1.396263402   -1.570796327  -58.414132171   54.876410818  -19.737805684
    1.570796327   -1.570796327  -47.882382037   63.724525684  -17.565457351
    1.745329252   -1.570796327  -36.877068054   60.527932675  -14.204450153
    1.919862177   -1.570796327  -27.308262127   47.834483987  -10.669290107
    2.094395102   -1.570796327  -20.503707702   29.487456757   -7.906842961
    2.268928028   -1.570796327  -17.130701491    9.055135230   -6.442482547
    2.443460953   -1.570796327  -17.296158544  -10.652159343   -6.264930911
    2.617993878   -1.570796327  -20.661277104  -27.225682030   -6.936972049
    2.792526803   -1.570796327  -26.486086854  -38.549780737   -7.816316015
    2.967059728   -1.570796327  -33.698964695  -43.011887933   -8.310099782

   -3.141592654   -1.396263402  -42.741976361  -39.729751307  -10.926238637
   -2.967059728   -1.396263402  -48.865631424  -29.684410423  -10.314749524
   -2.792526803   -1.396263402  -52.902070966  -16.349993415   -8.847762886
   -2.617993878   -1.396263402  -54.579235716   -3.207035009   -7.020790559
   -2.443460953   -1.396263402  -54.207610625    6.746620485   -5.501056745
   -2.268928028   -1.396263402  -52.501657885   11.981041384   -4.924189017
   -2.094395102   -1.396263402  -50.285533664   12.802093629   -5.748778795
   -1.919862177   -1.396263402  -48.191841118   10.942122188   -8.200829488
   -1.745329252   -1.396263402  -46.493442551    8.608479486  -12.272239173
   -1.570796327   -1.396263402  -45.118701490    7.414101332  -17.718525178
   -1.396263402   -1.396263402  -43.808820895    7.827170161  -24.026817350
   -1.221730476   -1.396263402  -42.329034545    9.158876554  -30.395575762
   -1.047197551   -1.396263402  -40.627450591   10.126418295  -35.824222608
   -0.872664626   -1.396263402  -38.878996329    9.541859505  -39.324930011
   -0.698131701   -1.396263402  -37.417554163    6.794555150  -40.204681921
   -0.523598776   -1.396263402  -36.622917427    1.925710749  -38.258718019
   -0.349065850   -1.396263402  -36.831696228   -4.613809356  -33.859434471
   -0.174532925   -1.396263402  -38.304094888  -12.511960570  -27.851085069
    0.000000000   -1.396263402  -41.266025816  -21.649728626  -21.384404725
    0.174532925   -1.396263402  -45.897564634  -31.472791927  -15.695101253
    0.349065850   -1.396263402  -52.171212192  -39.966978162  -11.842821195
    0.523598776   -1.396263402  -59.545414366  -43.366667209  -10.430161150
    0.698131701   -1.396263402  -66.751435331  -37.420607911  -11.362866554
    0.872664626   -1.396263402  -71.931381181  -20.156996768  -13.805088722
    1.047197551   -1.396263402  -73.258473045    5.926726121  -16.447586749
    1.221730476   -1.396263402  -69.736852265   34.058229286  -17.986992125
    1.396263402   -1.396263402  -61.721367892   56.192316567  -17.667670171
    1.570796327   -1.396263402  -50.809202687   66.634467849  -15.533057033
    1.745329252   -1.396263402  -39.223636654   64.079439683  -12.333668947
    1.919862177   -1.396263402  -29.057796737   50.955877113   -9.116712744
    2.094395102   -1.396263402  -21.804604974   31.415414580   -6.796808419
    2.268928028   -1.396263402  -18.220675666    9.548181697   -5.855774298
    2.443460953   -1.396263402  -18.409641234  -11.336918536   -6.268062591
    2.617993878   -1.396263402  -21.956259875  -28.505460292   -7.609044629
    2.792526803   -1.396263402  -28.006841299  -39.747483554   -9.239548352
    2.967059728   -1.396263402  -35.379237187  -43.567780183  -10.509066227

   -3.141592654   -1.221730476  -44.644771448  -39.851215036  -10.390445742
   -2.967059728   -1.221730476  -50.698481692  -28.790818117  -10.214741770
   -2.792526803   -1.221730476  -54.512850082  -14.784227929   -9.208145111
   -2.617993878   -1.221730476  -55.902986230   -1.604545021   -7.856266905
   -2.443460953   -1.221730476  -55.301555449    7.664432079   -6.860840826
   -2.268928028   -1.221730476  -53.539881342   11.626292356   -6.892339161
   -2.094395102   -1.221730476  -51.523070365   10.842812534   -8.396269404
   -1.919862177   -1.221730476  -49.917264304    7.323043295  -11.523162316
   -1.745329252   -1.221730476  -48.983193272    3.520906420  -16.148448882
   -1.570796327   -1.221730476  -48.594282088    1.298377961  -21.901044725
   -1.396263402   -1.221730476  -48.391055129    1.402197094  -28.155281837
   -1.221730476   -1.221730476  -47.990074562    3.394992736  -34.023646506
   -1.047197551   -1.221730476  -47.158992187    6.081966303  -38.455136795
   -0.872664626   -1.221730476  -45.900072434    8.082565525  -40.479168017
   -0.698131701   -1.221730476  -44.434357607    8.321679139  -39.518105307
   -0.523598776   -1.221730476  -43.124382268    6.212473334  -35.596699499
   -0.349065850   -1.221730476  -42.398960095    1.630534263  -29.402087221
   -0.174532925   -1.221730476  -42.695527071   -5.499504037  -22.103439867
    0.000000000   -1.221730476  -44.462379592  -15.182279577  -15.061481036
    0.174532925   -1.221730476  -48.099342861  -26.707021319   -9.512612089
    0.349065850   -1.221730476  -53.746950001  -37.634776652   -6.282790153
    0.523598776   -1.221730476  -60.937693322  -43.552014477   -5.598180160
    0.698131701   -1.221730476  -68.354676361  -39.492032345   -7.008684294
    0.872664626   -1.221730476  -73.976782950  -22.938696804   -9.511884854
    1.047197551   -1.221730476  -75.752722831    3.762214704  -11.888722645
    1.221730476   -1.221730476  -72.479497770   33.472175177  -13.109807344
    1.396263402   -1.221730476  -64.403805457   57.438595568  -12.713701693
    1.570796327   -1.221730476  -53.144320833   69.229164375  -10.900735419
    1.745329252   -1.221730476  -41.053531148   67.101474936   -8.377449090
    1.919862177   -1.221730476  -30.393440235   53.454234192   -5.999619366
    2.094395102   -1.221730476  -22.799133757   32.753173928   -4.453104971
    2.268928028   -1.221730476  -19.099511916    9.543985822   -4.068001768
    2.443460953   -1.221730476  -19.392086026  -12.450452087   -4.797566921
    2.617993878   -1.221730476  -23.194392332  -30.220014960   -6.306795304
    2.792526803   -1.221730476  -29.551376371  -41.438860582   -8.093987236
    2.967059728   -1.221730476  -37.174000103  -44.657116654   -9.611216758

   -3.141592654   -1.047197551  -46.177901222  -40.328200522   -6.792302617
   -2.967059728   -1.047197551  -52.244707954  -28.482246127   -7.145778846
   -2.792526803   -1.047197551  -55.954766123  -13.969697497   -7.034464004
   -2.617993878   -1.047197551  -57.198877984   -0.855455208   -6.818976655
   -2.443460953   -1.047197551  -56.520963585    7.689144130   -7.039991194
   -2.268928028   -1.047197551  -54.857566584   10.412988498   -8.202217993
   -2.094395102   -1.047197551  -53.180167983    8.152059162  -10.602872563
   -1.919862177   -1.047197551  -52.171587988    3.197909083  -14.280734182
   -1.745329252   -1.047197551  -52.063953949   -1.758437596  -19.042483520
   -1.570796327   -1.047197551  -52.661552270   -4.622077429  -24.481720581
   -1.396263402   -1.047197551  -53.493195155   -4.388843240  -29.959487188
   -1.221730476   -1.047197551  -54.020330042   -1.274426748  -34.602624397
   -1.047197551   -1.047197551  -53.830852886    3.554030055  -37.423013512
   -0.872664626   -1.047197551  -52.768339984    8.435076284  -37.596154844
   -0.698131701   -1.047197551  -50.972163935   11.727318221  -34.784040484
   -0.523598776   -1.047197551  -48.835006249   12.142449228  -29.315779346
   -0.349065850   -1.047197551  -46.931648577    8.978827122  -22.165973527
   -0.174532925   -1.047197551  -45.921859431    1.887016591  -14.683562273
    0.000000000   -1.047197551  -46.492597624   -9.056101013   -8.202309697
    0.174532925   -1.047197551  -49.240196730  -22.747578014   -3.698852861
    0.349065850   -1.047197551  -54.413725197  -36.165656603   -1.565798718
    0.523598776   -1.047197551  -61.546231974  -44.252965364   -1.578353167
    0.698131701   -1.047197551  -69.216333703  -41.519020023   -3.004540661
    0.872664626   -1.047197551  -75.227795652  -25.198542779   -4.868866209
    1.047197551   -1.047197551  -77.342747925    2.265338873   -6.284409672
    1.221730476   -1.047197551  -74.218487626   33.295883526   -6.705291162
    1.396263402   -1.047197551  -66.054916514   58.567801967   -6.067860320
    1.570796327   -1.047197551  -54.517524671   71.167401260   -4.703667915
    1.745329252   -1.047197551  -42.068394676   69.146925347   -3.145756100
    1.919862177   -1.047197551  -31.089381934   54.975707163   -1.892226719
    2.094395102   -1.047197551  -23.304299351   33.380303632   -1.257803839
    2.268928028   -1.047197551  -19.580274617    9.208932379   -1.341516673
    2.443460953   -1.047197551  -20.004118136  -13.570457014   -2.066294625
    2.617993878   -1.047197551  -24.046995752  -31.790189719   -3.242541053
    2.792526803   -1.047197551  -30.686740739  -43.035366418   -4.617792751
    2.967059728   -1.047197551  -38.558891107  -45.849094942   -5.897313755

   -3.141592654   -0.872664626  -46.897630045  -41.146249187   -1.321547467
   -2.967059728   -0.872664626  -53.086454967  -29.066326355   -2.411575633
   -2.792526803   -0.872664626  -56.887068714  -14.460925093   -3.625216839
   -2.617993878   -0.872664626  -58.232518061   -1.591282460   -5.065183205
   -2.443460953   -0.872664626  -57.733843632    6.309211311   -6.937210481
   -2.268928028   -0.872664626  -56.390249160    8.096191126   -9.440230412
   -2.094395102   -0.872664626  -55.207260988    4.804822270  -12.665837546
   -1.919862177   -0.872664626  -54.866195288   -1.071504050  -16.566698404
   -1.745329252   -0.872664626  -55.564649575   -6.661559305  -20.952130554
   -1.570796327   -0.872664626  -57.038991815   -9.664419563  -25.460566496
   -1.396263402   -0.872664626  -58.711210508   -8.840093316  -29.516788632
   -1.221730476   -0.872664626  -59.898093842   -4.225950131  -32.349730880
   -1.047197551   -0.872664626  -60.028906710    2.957538933  -33.148708471
   -0.872664626   -0.872664626  -58.825186701   10.676702152  -31.358950518
   -0.698131701   -0.872664626  -56.395142144   16.665170578  -26.971766987
   -0.523598776   -0.872664626  -53.216536139   18.954999101  -20.627260942
   -0.349065850   -0.872664626  -50.052220617   16.379803589  -13.482677899
   -0.174532925   -0.872664626  -47.799212646    8.519631630   -6.874779781
    0.000000000   -0.872664626  -47.358587807   -4.233900347   -1.893364818
    0.174532925   -0.872664626  -49.460842102  -20.197625232    0.918119821
    0.349065850   -0.872664626  -54.378835014  -35.714150061    1.680847108
    0.523598776   -0.872664626  -61.568043246  -45.213277190    1.047986776
    0.698131701   -0.872664626  -69.462530477  -42.976101064   -0.072301633
    0.872664626   -0.872664626  -75.709371767  -26.335098544   -0.874158625
    1.047197551   -0.872664626  -77.955685059    1.929891432   -0.934712180
    1.221730476   -0.872664626  -74.813184047   33.802241236   -0.279714879
    1.396263402   -0.872664626  -66.507590546   59.616769715    0.733687070
    1.570796327   -0.872664626  -54.771109309   72.323759341    1.676149233
    1.745329252   -0.872664626  -42.138043591   70.046984868    2.255812456
    1.919862177   -0.872664626  -31.039973055   55.424973798    2.401413171
    2.094395102   -0.872664626  -23.218645923   33.352834741    2.221114285
    2.268928028   -0.872664626  -19.535974138    8.779741883    1.872269270
    2.443460953   -0.872664626  -20.062695158  -14.299578790    1.460462703
    2.617993878   -0.872664626  -24.252319214  -32.727282452    0.995183134
    2.792526803   -0.872664626  -31.066119316  -44.073379709    0.407165204
    2.967059728   -0.872664626  -39.118536633  -46.846451910   -0.366539771

   -3.141592654   -0.698131701  -46.621619573  -42.442804822    4.311454700
   -2.967059728   -0.698131701  -53.080780227  -30.847811534    2.267301606
   -2.792526803   -0.698131701  -57.228173454  -16.635862944   -0.511519608
   -2.617993878   -0.698131701  -58.984500509   -4.123124312   -3.769859917
   -2.443460953   -0.698131701  -58.959943279    3.402545023   -7.287375602
   -2.268928028   -0.698131701  -58.158176281    4.794138844  -10.921244891
   -2.094395102   -0.698131701  -57.584505217    1.133079924  -14.590302971
   -1.919862177   -0.698131701  -57.909658401   -5.009660538  -18.235222864
   -1.745329252   -0.698131701  -59.303719311  -10.642408469  -21.741918243
   -1.570796327   -0.698131701  -61.448084291  -13.273418935  -24.847526223
   -1.396263402   -0.698131701  -63.673501015  -11.451795596  -27.086159532
   -1.221730476   -0.698131701  -65.175757003   -5.105837804  -27.849804477
   -1.047197551   -0.698131701  -65.264529868    4.391701464  -26.589396703
   -0.872664626   -0.698131701  -63.593841608   14.564275697  -23.093156755
   -0.698131701   -0.698131701  -60.300584013   22.535610284  -17.694164728
   -0.523598776   -0.698131701  -55.996016085   25.785825134  -11.263039216
   -0.349065850   -0.698131701  -51.649171069   22.881607366   -4.976243338
   -0.174532925   -0.698131701  -48.375208858   13.558085403    0.031255066
    0.000000000   -0.698131701  -47.233273718   -1.292882789    3.052367466
    0.174532925   -0.698131701  -49.007024552  -19.313172176    4.016828081
    0.349065850   -0.698131701  -53.906935653  -36.252830300    3.498190592
    0.523598776   -0.698131701  -61.245485448  -46.225388794    2.456366240
    0.698131701   -0.698131701  -69.292295467  -43.593701296    1.847373461
    0.872664626   -0.698131701  -75.575178155  -26.108798236    2.225554657
    1.047197551   -0.698131701  -77.709788513    2.919887730    3.537112163
    1.221730476   -0.698131701  -74.359825614   35.084893681    5.229957293
    1.396263402   -0.698131701  -65.845312999   60.645871376    6.598809069
    1.570796327   -0.698131701  -53.977766433   72.769025372    7.173553626
    1.745329252   -0.698131701  -41.319651174   69.912019503    6.920378876
    1.919862177   -0.698131701  -30.278728661   54.962711093    6.171176851
    2.094395102   -0.698131701  -22.543435209   32.878093338    5.413446936
    2.268928028   -0.698131701  -18.928232116    8.501242004    5.021816523
    2.443460953   -0.698131701  -19.484485070  -14.371777610    5.107147745
    2.617993878   -0.698131701  -23.680973212  -32.776847486    5.484891103
    2.792526803   -0.698131701  -30.520774224  -44.367875334    5.748885736
    2.967059728   -0.698131701  -38.662958249  -47.602808994    5.456144702

   -3.141592654   -0.523598776  -45.475887797  -44.389458728    8.411974965
   -2.967059728   -0.523598776  -52.379572677  -33.942265847    5.375789288
   -2.792526803   -0.523598776  -57.140571906  -20.490907059    1.185984263
   -2.617993878   -0.523598776  -59.602462097   -8.279536317   -3.537784693
   -2.443460953   -0.523598776  -60.301661317   -0.687765789   -8.189706350
   -2.268928028   -0.523598776  -60.192346960    0.969817233  -12.368960281
   -2.094395102   -0.523598776  -60.257741678   -2.364444244  -15.924731134
   -1.919862177   -0.523598776  -61.163444113   -8.158588530  -18.870040110
   -1.745329252   -0.523598776  -63.069706260  -13.328335950  -21.208599140
   -1.570796327   -0.523598776  -65.621407580  -15.183940479  -22.780375239
   -1.396263402   -0.523598776  -68.077639640  -12.093845118  -23.224751065
   -1.221730476   -0.523598776  -69.543495140   -3.969679524  -22.107473017
   -1.047197551   -0.523598776  -69.257787436    7.562335474  -19.163816922
   -0.872664626   -0.523598776  -66.867985096   19.553048084  -14.525013464
   -0.698131701   -0.523598776  -62.594903368   28.610169628   -8.806117951
   -0.523598776   -0.523598776  -57.212647971   31.869394167   -2.981601225
   -0.349065850   -0.523598776  -51.885430079   27.860641760    1.909938585
   -0.174532925   -0.523598776  -47.898855133   16.655698605    5.064225397
    0.000000000   -0.523598776  -46.398617475   -0.267052443    6.194921149
    0.174532925   -0.523598776  -48.144055483  -19.889033697    5.632888199
    0.349065850   -0.523598776  -53.216979831  -37.481493706    4.250298586
    0.523598776   -0.523598776  -60.748115168  -47.046520288    3.141348909
    0.698131701   -0.523598776  -68.845454456  -43.283802059    3.184205375
    0.872664626   -0.523598776  -74.964634577  -24.596114363    4.651301685
    1.047197551   -0.523598776  -76.767547307    5.065259377    7.083984970
    1.221730476   -0.523598776  -73.050703830   36.992343019    9.539496069
    1.396263402   -0.523598776  -64.277935200   61.616982618   11.099523598
    1.570796327   -0.523598776  -52.341126250   72.611944642   11.323603744
    1.745329252   -0.523598776  -39.787229549   68.962330797   10.416165973
    1.919862177   -0.523598776  -28.936822397   53.844886692    9.025362871
    2.094395102   -0.523598776  -21.367706220   32.171611794    7.909474134
    2.268928028   -0.523598776  -17.815798292    8.500103245    7.578055151
    2.443460953   -0.523598776  -18.315120488  -13.763422246    8.113538306
    2.617993878   -0.523598776  -22.382754800  -32.006542007    9.152737290
    2.792526803   -0.523598776  -29.118628237  -44.054446562   10.007702414
    2.967059728   -0.523598776  -37.287507722  -48.291396401    9.931691762

   -3.141592654   -0.349065850  -43.837467967  -47.007411749    9.830340764
   -2.967059728   -0.349065850  -51.339608071  -38.094908850    6.077239721
   -2.792526803   -0.349065850  -56.913452888  -25.516029060    1.084796697
   -2.617993878   -0.349065850  -60.270072360  -13.379883345   -4.276638486
   -2.443460953   -0.349065850  -61.818038584   -5.236323826   -9.185229754
   -2.268928028   -0.349065850  -62.430988003   -2.737721839  -13.152168237
   -2.094395102   -0.349065850  -63.068753598   -5.233182419  -16.080240408
   -1.919862177   -0.349065850  -64.409556948  -10.289597435  -18.105027658
   -1.745329252   -0.349065850  -66.623875135  -14.705791469  -19.331818321
   -1.570796327   -0.349065850  -69.334208270  -15.564517550  -19.650759790
   -1.396263402   -0.349065850  -71.742152761  -11.090782356  -18.750546036
   -1.221730476   -0.349065850  -72.889184845   -1.286919834  -16.325270456
   -1.047197551   -0.349065850  -71.989852117   11.873381728  -12.350426980
   -0.872664626   -0.349065850  -68.740159586   24.975627792   -7.238034510
   -0.698131701   -0.349065850  -63.486144862   34.254150328   -1.793268597
   -0.523598776   -0.349065850  -57.172682462   36.735766445    3.014891264
   -0.349065850   -0.349065850  -51.126087265   31.127513439    6.374043362
   -0.174532925   -0.349065850  -46.740039579   17.947283742    7.847761686
    0.000000000   -0.349065850  -45.176043436   -0.752187146    7.529115825
    0.174532925   -0.349065850  -47.109131000  -21.392366554    6.033724996
    0.349065850   -0.349065850  -52.454965891  -38.917407717    4.370636018
    0.523598776   -0.349065850  -60.153661774  -47.397312663    3.610114582
    0.698131701   -0.349065850  -68.174661608  -42.041495945    4.451612325
    0.872664626   -0.349065850  -73.951526436  -22.028463057    6.879290214
    1.047197551   -0.349065850  -75.254856099    8.027222049   10.123162144
    1.221730476   -0.349065850  -71.068492112   39.238413899   13.002900038
    1.396263402   -0.349065850  -62.024439278   62.412115517   14.528499834
    1.570796327   -0.349065850  -50.083689091   71.924011477   14.353814386
    1.745329252   -0.349065850  -37.738953105   67.387757953   12.885751907
    1.919862177   -0.349065850  -27.177520582   52.259916653   10.984224106
    2.094395102   -0.349065850  -19.830195112   31.310583288    9.555166572
    2.268928028   -0.349065850  -16.338631272    8.680284118    9.156450132
    2.443460953   -0.349065850  -16.726761981  -12.741764882    9.820223711
    2.617993878   -0.349065850  -20.587175397  -30.790760584   11.056941363
    2.792526803   -0.349065850  -27.156222101  -43.506221161   12.016253206
    2.967059728   -0.349065850  -35.344713934  -49.160090345   11.802765008

   -3.141592654   -0.174532925  -42.207572281  -50.074730313    8.389750081
   -2.967059728   -0.174532925  -50.387352140  -42.681672912    4.482973496
   -2.792526803   -0.174532925  -56.837111589  -30.803385766   -0.404667517
   -2.617993878   -0.174532925  -61.108730251  -18.432970225   -5.357356362
   -2.443460953   -0.174532925  -63.465892095   -9.380099673   -9.578310349
   -2.268928028   -0.174532925  -64.703387391   -5.748948779  -12.683249412
   -2.094395102   -0.174532925  -65.775877149   -7.242496494  -14.721171411
   -1.919862177   -0.174532925  -67.395645804  -11.502068018  -15.939661633
   -1.745329252   -0.174532925  -69.755129530  -15.134605909  -16.467236032
   -1.570796327   -0.174532925  -72.454958911  -14.954526818  -16.142910221
   -1.396263402   -0.174532925  -74.640013323   -9.090524848  -14.610367434
   -1.221730476   -0.174532925  -75.303674929    2.249365298  -11.609942715
   -1.047197551   -0.174532925  -73.671301702   16.656390637   -7.277179820
   -0.872664626   -0.174532925  -69.529242642   30.272466397   -2.224398465
   -0.698131701   -0.174532925  -63.374982475   39.104305021    2.625224295
   -0.523598776   -0.174532925  -56.318086194   40.281858865    6.354314987
   -0.349065850   -0.174532925  -49.806441007   32.860857070    8.374959865
   -0.174532925   -0.174532925  -45.280585041   17.856963160    8.574547349
    0.000000000   -0.174532925  -43.858267930   -2.169127160    7.348162068
    0.174532925   -0.174532925  -46.089576185  -23.217460526    5.500466523
    0.349065850   -0.174532925  -51.710238455  -40.065887183    4.074709709
    0.523598776   -0.174532925  -59.483138414  -47.002446747    4.023817730
    0.698131701   -0.174532925  -67.275804786  -39.853971617    5.812636971
    0.872664626   -0.174532925  -72.549700103  -18.609915982    9.139792470
    1.047197551   -0.174532925  -73.231712773   11.504829004   12.994000145
    1.221730476   -0.174532925  -68.523898425   41.564039508   16.068673331
    1.396263402   -0.174532925  -59.229787713   62.905766401   17.398229160
    1.570796327   -0.174532925  -47.359589772   70.716873491   16.765943623
    1.745329252   -0.174532925  -35.320168626   65.259884587   14.739836884
    1.919862177   -0.174532925  -25.136757274   50.223774241   12.303167899
    2.094395102   -0.174532925  -18.076335156   30.157243363   10.414077921
    2.268928028   -0.174532925  -14.683364848    8.706022633    9.622154558
    2.443460953   -0.174532925  -14.980252955  -11.809822027    9.916749095
    2.617993878   -0.174532925  -18.650114225  -29.691222774   10.766076780
    2.792526803   -0.174532925  -25.080815751  -43.178074922   11.310748891
    2.967059728   -0.174532925  -33.339100100  -50.383145012   10.689320509

   -3.141592654    0.000000000  -41.029378846  -53.161003850    4.854941807
   -2.967059728    0.000000000  -49.856153722  -46.894945943    1.446270237
   -2.792526803    0.000000000  -57.083536761  -35.349611089   -2.454054642
   -2.617993878    0.000000000  -62.116151522  -22.486377945   -6.107310468
   -2.443460953    0.000000000  -65.097750507  -12.437341574   -8.966755147
   -2.268928028    0.000000000  -66.776310301   -7.772939389  -10.897112181
   -2.094395102    0.000000000  -68.130242857   -8.496170394  -12.120170935
   -1.919862177    0.000000000  -69.919933489  -12.214081622  -12.924576977
   -1.745329252    0.000000000  -72.353882296  -15.233924888  -13.346415865
   -1.570796327    0.000000000  -74.991767650  -14.067609411  -13.060653824
   -1.396263402    0.000000000  -76.905528815   -6.813157421  -11.576099355
   -1.221730476    0.000000000  -77.041731465    5.990771074   -8.607718624
   -1.047197551    0.000000000  -74.658205061   21.408872750   -4.384676676
   -0.872664626    0.000000000  -69.661211983   35.151674067    0.337200653
   -0.698131701    0.000000000  -62.717114488   43.115188319    4.547899627
   -0.523598776    0.000000000  -55.091556853   42.696685572    7.372032139
   -0.349065850    0.000000000  -48.319370290   33.431522827    8.390661523
   -0.174532925    0.000000000  -43.838158832   16.862931367    7.737128032
    0.000000000    0.000000000  -42.675760096   -4.007982137    6.036678218
    0.174532925    0.000000000  -45.229268800  -24.892718733    4.233365458
    0.349065850    0.000000000  -51.052259273  -40.556662998    3.370520816
    0.523598776    0.000000000  -58.753997382  -45.641532248    4.255784755
    0.698131701    0.000000000  -66.142767922  -36.670611760    7.104050714
    0.872664626    0.000000000  -70.757180715  -14.430376183   11.334638047
    1.047197551    0.000000000  -70.718813710   15.342824964   15.732055387
    1.221730476    0.000000000  -65.464223659   43.831149733   18.921475781
    1.396263402    0.000000000  -55.959928846   63.024924213   20.003499780
    1.570796327    0.000000000  -44.242177116   68.970149731   18.894463878
    1.745329252    0.000000000  -32.607536938   62.547898853   16.283495422
    1.919862177    0.000000000  -22.903431171   47.613319507   13.216798615
    2.094395102    0.000000000  -16.229261439   28.435661921   10.650502368
    2.268928028    0.000000000  -13.035887429    8.137261448    9.106932420
    2.443460953    0.000000000  -13.349028071  -11.515873211    8.565107781
    2.617993878    0.000000000  -16.941513822  -29.239463860    8.542617863
    2.792526803    0.000000000  -23.341422906  -43.414433811    8.311678340
    2.967059728    0.000000000  -31.751464416  -51.957535304    7.195083147

   -3.141592654    0.174532925  -40.549124750  -55.795073063    0.638458064
   -2.967059728    0.174532925  -49.888602059  -50.040939443   -1.775188909
   -2.792526803    0.174532925  -57.667209388  -38.414241068   -4.146328520
   -2.617993878    0.174532925  -63.188507463  -24.956209561   -6.072339507
   -2.443460953    0.174532925  -66.533131288  -14.130450150   -7.387028063
   -2.268928028    0.174532925  -68.451476974   -8.881131226   -8.251886047
   -2.094395102    0.174532925  -69.972756232   -9.355683599   -9.014312070
   -1.919862177    0.174532925  -71.903659949  -12.964659683   -9.898891685
   -1.745329252    0.174532925  -74.442680348  -15.609140786  -10.741423458
   -1.570796327    0.174532925  -77.072492491  -13.494555300  -10.979512884
   -1.396263402    0.174532925  -78.764284524   -4.781131902   -9.951572767
   -1.221730476    0.174532925  -78.410839615    9.528148362   -7.329837498
   -1.047197551    0.174532925  -75.316288713   25.878345496   -3.416498574
   -0.872664626    0.174532925  -69.529485348   39.550191370    0.912532750
   -0.698131701    0.174532925  -61.899920573   46.416501783    4.571161868
   -0.523598776    0.174532925  -53.843765254   44.262927773    6.709480492
   -0.349065850    0.174532925  -46.957870435   33.205612022    7.031757943
   -0.174532925    0.174532925  -42.639705806   15.345315591    5.858295876
    0.000000000    0.174532925  -41.791523409   -5.921157183    3.997665457
    0.174532925    0.174532925  -44.635287731  -26.127487293    2.509602935
    0.349065850    0.174532925  -50.543315221  -40.170446177    2.425401523
    0.523598776    0.174532925  -57.997448918  -43.178772016    4.394419049
    0.698131701    0.174532925  -64.790998958  -32.445467584    8.370623525
    0.872664626    0.174532925  -68.588176736   -9.518121511   13.495530918
    1.047197551    0.174532925  -67.738878404   19.479962884   18.372684861
    1.221730476    0.174532925  -61.922552393   45.987012762   21.601724175
    1.396263402    0.174532925  -52.254721121   62.744389819   22.381162560
    1.570796327    0.174532925  -40.774250077   66.668663724   20.767129444
    1.745329252    0.174532925  -29.648657718   59.203310697   17.546617561
    1.919862177    0.174532925  -20.540000763   44.299536284   13.792288822
    2.094395102    0.174532925  -14.383137443   25.909804835   10.429101162
    2.268928028    0.174532925  -11.540353795    6.642483368    7.948629040
    2.443460953    0.174532925  -12.039487346  -12.228537245    6.350989948
    2.617993878    0.174532925  -15.728208081  -29.739617588    5.267774851
    2.792526803    0.174532925  -22.243464113  -44.333123836    4.186987447
    2.967059728    0.174532925  -30.884078614  -53.717529359    2.689516465

   -3.141592654    0.349065850  -40.758556538  -57.649324556   -2.838893967
   -2.967059728    0.349065850  -50.417194945  -51.784626399   -4.086110811
   -2.792526803    0.349065850  -58.469153384  -39.760165825   -4.881214435
   -2.617993878    0.349065850  -64.180897647  -25.793737555   -5.198249584
   -2.443460953    0.349065850  -67.637959805  -14.631368385   -5.248476754
   -2.268928028    0.349065850  -69.641348603   -9.421891167   -5.433559672
   -2.094395102    0.349065850  -71.285277981  -10.250343457   -6.133465716
   -1.919862177    0.349065850  -73.403447469  -14.167814686   -7.422371223
   -1.745329252    0.349065850  -76.144704651  -16.604099836   -8.896916627
   -1.570796327    0.349065850  -78.873442828  -13.502196908   -9.776594112
   -1.396263402    0.349065850  -80.433564780   -3.200640634   -9.280857554
   -1.221730476    0.349065850  -79.659648528   12.708688159   -7.082060793
   -1.047197551    0.349065850  -75.915277101   29.980207127   -3.560751988
   -0.872664626    0.349065850  -69.410647746   43.477447580    0.317777730
   -0.698131701    0.349065850  -61.188739488   49.128344678    3.433680846
   -0.523598776    0.349065850  -52.810128830   45.201186664    4.991692586
   -0.349065850    0.349065850  -45.912631483   32.468444837    4.823230702
   -0.174532925    0.349065850  -41.823452290   13.612432887    3.412402325
    0.000000000    0.349065850  -41.290482017   -7.611155978    1.713899661
    0.174532925    0.349065850  -44.343589605  -26.662536866    0.859640740
    0.349065850    0.349065850  -50.179393774  -38.713869333    1.819123214
    0.523598776    0.349065850  -57.183557894  -39.514113494    5.032360845
    0.698131701    0.349065850  -63.182623182  -27.187346783   10.156030079
    0.872664626    0.349065850  -66.015009994   -3.977299600   16.052547483
    1.047197551    0.349065850  -64.287459569   23.763948402   21.184807116
    1.221730476    0.349065850  -57.921046612   47.886602860   24.200714351
    1.396263402    0.349065850  -48.157891129   61.965781948   24.466918152
    1.570796327    0.349065850  -37.011969256   63.765915086   22.222783180
    1.745329252    0.349065850  -26.504706388   55.209417378   18.357629849
    1.919862177    0.349065850  -18.110230368   40.264562311   13.948471555
    2.094395102    0.349065850  -12.606511146   22.541079711    9.862234259
    2.268928028    0.349065850  -10.273622538    4.168083605    6.544210771
    2.443460953    0.349065850  -11.137028024  -13.985553523    4.018274513
    2.617993878    0.349065850  -15.097500374  -31.167832640    2.041260698
    2.792526803    0.349065850  -21.861599615  -45.807518469    0.322511427
    2.967059728    0.349065850  -30.779295065  -55.420215106   -1.312720099

   -3.141592654    0.523598776  -41.441641331  -58.643970107   -4.710108332
   -2.967059728    0.523598776  -51.226842937  -52.220536392   -4.967706806
   -2.792526803    0.523598776  -59.306325325  -39.656719522   -4.581271793
   -2.617993878    0.523598776  -64.969590344  -25.398264267   -3.818312828
   -2.443460953    0.523598776  -68.363512971  -14.383740077   -3.141649283
   -2.268928028    0.523598776  -70.370851862   -9.778320634   -3.060388396
   -2.094395102    0.523598776  -72.147817076  -11.418191352   -3.890834182
   -1.919862177    0.523598776  -74.525842065  -15.891879684   -5.536334265
   -1.745329252    0.523598776  -77.566712982  -18.166222190   -7.423322488
   -1.570796327    0.523598776  -80.488411880  -14.011235066   -8.684913476
   -1.396263402    0.523598776  -81.997548170   -2.051940896   -8.555845142
   -1.221730476    0.523598776  -80.876965421   15.459793215   -6.784246651
   -1.047197551    0.523598776  -76.562861997   33.581393176   -3.816499906
   -0.872664626    0.523598776  -69.435898023   46.810681677   -0.620862142
   -0.698131701    0.523598776  -60.729668126   51.213363132    1.762976696
   -0.523598776    0.523598776  -52.132124825   45.608074371    2.691448488
   -0.349065850    0.523598776  -45.295802661   31.457719013    2.175690110
   -0.174532925    0.523598776  -41.449566839   12.013736822    0.857393744
    0.000000000    0.523598776  -41.166056100   -8.675051843   -0.222769181
    0.174532925    0.523598776  -44.278232588  -26.120381332    0.037761925
    0.349065850    0.523598776  -49.827180257  -35.920462641    2.426875512
    0.523598776    0.523598776  -56.147507732  -34.561518579    7.069597063
    0.698131701    0.523598776  -61.155904861  -21.016372321   13.268247079
    0.872664626    0.523598776  -62.912851158    1.899135802   19.623655330
    1.047197551    0.523598776  -60.299872074   27.815767478   24.544419855
    1.221730476    0.523598776  -53.460927961   49.169635487   26.853506427
    1.396263402    0.523598776  -43.725437025   60.432522189   26.204633046
    1.570796327    0.523598776  -33.043881037   60.147601652   23.097118813
    1.745329252    0.523598776  -23.271835323   50.588956291   18.542835911
    1.919862177    0.523598776  -15.696471417   35.638053854   13.601165293
    2.094395102    0.523598776  -10.952175273   18.533503316    9.042665765
    2.268928028    0.523598776   -9.248001377    0.971627697    5.228562957
    2.443460953    0.523598776  -10.605369521  -16.490001494    2.174785491
    2.617993878    0.523598776  -14.959267772  -33.208784179   -0.276260969
    2.792526803    0.523598776  -22.051823687  -47.543300122   -2.254580578
    2.967059728    0.523598776  -31.247681096  -56.849112826   -3.769648136

   -3.141592654    0.698131701  -42.301989461  -58.946512363   -4.959378782
   -2.967059728    0.698131701  -52.074241917  -51.780927840   -4.633424351
   -2.792526803    0.698131701  -60.027571609  -38.706038626   -3.680697633
   -2.617993878    0.698131701  -65.512284282  -24.386915586   -2.500782104
   -2.443460953    0.698131701  -68.764180766  -13.852812122   -1.617491336
   -2.268928028    0.698131701  -70.752867288  -10.141244830   -1.493978938
   -2.094395102    0.698131701  -72.679454529  -12.743042037   -2.324546752
   -1.919862177    0.698131701  -75.347568724  -17.788648109   -3.904884327
   -1.745329252    0.698131701  -78.715596535  -19.874038854   -5.657117870
   -1.570796327    0.698131701  -81.857542422  -14.705373490   -6.835230878
   -1.396263402    0.698131701  -83.359952563   -1.246262332   -6.855071250
   -1.221730476    0.698131701  -81.972942302   17.625758055   -5.599555752
   -1.047197551    0.698131701  -77.212058461   36.369108785   -3.516186720
   -0.872664626    0.698131701  -69.616375678   49.223171705   -1.422214421
   -0.698131701    0.698131701  -60.581467821   52.473238178   -0.102120133
   -0.523598776    0.698131701  -51.884538188   45.508982136    0.088500228
   -0.349065850    0.698131701  -45.155926800   30.446358158   -0.598382872
   -0.174532925    0.698131701  -41.500445447   11.019613357   -1.390730860
    0.000000000    0.698131701  -41.309055041   -8.557596435   -1.269919628
    0.174532925    0.698131701  -44.236332200  -24.008338502    0.674078924
    0.349065850    0.698131701  -49.213895211  -31.501526100    4.877513908
    0.523598776    0.698131701  -54.591019124  -28.325620000   11.029535903
    0.698131701    0.698131701  -58.439881405  -14.233017554   18.047540216
    0.872664626    0.698131701  -59.083448004    7.598461045   24.343228208
    1.047197551    0.698131701  -55.675943577   31.048706185   28.413134027
    1.221730476    0.698131701  -48.540185321   49.318765524   29.412067482
    1.396263402    0.698131701  -39.031697784   57.799665293   27.404038277
    1.570796327    0.698131701  -28.985974199   55.683299626   23.211578502
    1.745329252    0.698131701  -20.070454341   45.416319444   17.973430088
    1.919862177    0.698131701  -13.391026502   30.660460696   12.698170411
    2.094395102    0.698131701   -9.459242722   14.248552048    8.013303399
    2.268928028    0.698131701   -8.431970701   -2.505187339    4.147094246
    2.443460953    0.698131701  -10.332204379  -19.265848665    1.057420540
    2.617993878    0.698131701  -15.119737835  -35.417812971   -1.392363707
    2.792526803    0.698131701  -22.551946185  -49.216780411   -3.260265764
    2.967059728    0.698131701  -31.988117498  -57.895861478   -4.489442164

   -3.141592654    0.872664626  -43.118386194  -58.871239988   -4.390866823
   -2.967059728    0.872664626  -52.814529955  -51.011003301   -3.917434663
   -2.792526803    0.872664626  -60.593844889  -37.546822639   -2.958230041
   -2.617993878    0.872664626  -65.875784837  -23.301619667   -1.881485862
   -2.443460953    0.872664626  -68.979634929  -13.307466317   -1.095275173
   -2.268928028    0.872664626  -70.942644674  -10.414554873   -0.897449439
   -2.094395102    0.872664626  -72.988228913  -13.796301646   -1.353505831
   -1.919862177    0.872664626  -75.883122036  -19.247512801   -2.267144355
   -1.745329252    0.872664626  -79.498886392  -21.149453853   -3.252920952
   -1.570796327    0.872664626  -82.805080213  -15.235020897   -3.889004745
   -1.396263402    0.872664626  -84.312281271   -0.764162973   -3.905031390
   -1.221730476    0.872664626  -82.763346238   18.924619422   -3.332933873
   -1.047197551    0.872664626  -77.744632581   37.900167246   -2.518625925
   -0.872664626    0.872664626  -69.911727831   50.298634531   -1.953053364
   -0.698131701    0.872664626  -60.761559394   52.685373851   -1.987225213
   -0.523598776    0.872664626  -52.099118671   44.969631457   -2.568045251
   -0.349065850    0.872664626  -45.487367962   29.788231649   -3.174728543
   -0.174532925    0.872664626  -41.889789614   11.177724773   -2.974761413
    0.000000000    0.872664626  -41.532275777   -6.682205818   -1.122406312
    0.174532925    0.872664626  -43.941200026  -19.907535322    2.910330614
    0.349065850    0.872664626  -48.014830341  -25.341952747    9.046617993
    0.523598776    0.872664626  -52.200345439  -21.045588447   16.472137617
    0.698131701    0.872664626  -54.789363638   -7.363451197   23.773805796
    0.872664626    0.872664626  -54.387922016   12.458447579   29.330329059
    1.047197551    0.872664626  -50.391687108   32.833790504   31.912318168
    1.221730476    0.872664626  -43.231636153   47.869355976   31.144612550
    1.396263402    0.872664626  -34.211337886   53.827739716   27.559399166
    1.570796327    0.872664626  -24.994836895   50.356859134   22.286131463
    1.745329252    0.872664626  -17.043081018   39.860819154   16.535694957
    1.919862177    0.872664626  -11.294300151   25.637396335   11.207394532
    2.094395102    0.872664626   -8.166271223   10.081944095    6.740460270
    2.268928028    0.872664626   -7.790288859   -5.819157918    3.195551377
    2.443460953    0.872664626  -10.204468090  -21.872819252    0.438411127
    2.617993878    0.872664626  -15.394245297  -37.427756751   -1.692185409
    2.792526803    0.872664626  -23.125978884  -50.621741743   -3.247537026
    2.967059728    0.872664626  -32.748781689  -58.596943210   -4.174562985

   -3.141592654    1.047197551  -43.853714709  -58.726983245   -4.228094227
   -2.967059728    1.047197551  -53.475831074  -50.335983461   -3.883002694
   -2.792526803    1.047197551  -61.109792787  -36.607906991   -3.196171413
   -2.617993878    1.047197551  -66.229229926  -22.428499815   -2.414016684
   -2.443460953    1.047197551  -69.207084203  -12.768204731   -1.738231390
   -2.268928028    1.047197551  -71.114170173  -10.314008324   -1.255380479
   -2.094395102    1.047197551  -73.176260041  -14.059207684   -0.934500160
   -1.919862177    1.047197551  -76.134644189  -19.672135663   -0.693891011
   -1.745329252    1.047197551  -79.821273326  -21.500866047   -0.478874087
   -1.570796327    1.047197551  -83.169613939  -15.350545796   -0.305603367
   -1.396263402    1.047197551  -84.674627124   -0.641398520   -0.264791152
   -1.221730476    1.047197551  -83.095627104   19.096668715   -0.504849388
   -1.047197551    1.047197551  -78.063270501   37.828882748   -1.175396142
   -0.872664626    1.047197551  -70.280813235   49.765937893   -2.319665916
   -0.698131701    1.047197551  -61.260197080   51.776895227   -3.750352230
   -0.523598776    1.047197551  -52.757334529   44.162254377   -4.957727405
   -0.349065850    1.047197551  -46.222645249   29.855951317   -5.182851060
   -0.174532925    1.047197551  -42.476491204   12.932284007   -3.637419813
    0.000000000    1.047197551  -41.623562601   -2.709776633    0.197445087
    0.174532925    1.047197551  -43.142919169  -13.746896193    6.315459702
    0.349065850    1.047197551  -45.997878759  -17.719278998   14.041720571
    0.523598776    1.047197551  -48.819940409  -13.303050478   22.093662783
    0.698131701    1.047197551  -50.165690934   -1.131862458   28.882297745
    0.872664626    1.047197551  -48.911517330   15.817700040   32.972613206
    1.047197551    1.047197551  -44.630089488   32.730048681   33.597253725
    1.221730476    1.047197551  -37.770848322   44.660266168   30.928125576
    1.396263402    1.047197551  -29.505898945   48.597355120   25.924906675
    1.570796327    1.047197551  -21.283030569   44.404172654   19.908262800
    1.745329252    1.047197551  -14.353869347   34.229291817   14.038232791
    1.919862177    1.047197551   -9.515112124   20.889930268    9.018411527
    2.094395102    1.047197551   -7.127114089    6.339422776    5.059062246
    2.268928028    1.047197551   -7.326036628   -8.696471325    2.042786375
    2.443460953    1.047197551  -10.181668630  -24.087704647   -0.256155681
    2.617993878    1.047197551  -15.709988244  -39.097490079   -2.021023648
    2.792526803    1.047197551  -23.686656253  -51.740949692   -3.300923326
    2.967059728    1.047197551  -33.452883409  -59.095570761   -4.051878265

   -3.141592654    1.221730476  -44.679769150  -58.685481477   -5.597069212
   -2.967059728    1.221730476  -54.257468004  -49.895122726   -5.425862297
   -2.792526803    1.221730476  -61.793763876  -35.961512443   -4.961144894
   -2.617993878    1.221730476  -66.794720870  -21.732125932   -4.338490057
   -2.443460953    1.221730476  -69.650887247  -12.065484263   -3.570717132
   -2.268928028    1.221730476  -71.431213061   -9.550721784   -2.561724362
   -2.094395102    1.221730476  -73.350722432  -13.185964012   -1.227804015
   -1.919862177    1.221730476  -76.150344920  -18.747253508    0.350762364
   -1.745329252    1.221730476  -79.684132702  -20.715779349    1.870938829
   -1.570796327    1.221730476  -82.926659229  -14.968273412    2.889742051
   -1.396263402    1.221730476  -84.417589125   -0.897173644    3.000454085
   -1.221730476    1.221730476  -82.948287428   18.082786595    1.996427357
   -1.047197551    1.221730476  -78.154807649   36.131015243   -0.029583877
   -0.872664626    1.221730476  -70.706964503   47.698735068   -2.655043070
   -0.698131701    1.221730476  -62.037339658   49.942469705   -5.169285012
   -0.523598776    1.221730476  -53.776350394   43.370861669   -6.661901868
   -0.349065850    1.221730476  -47.227511144   30.934775092   -6.229941444
   -0.174532925    1.221730476  -43.085675162   16.440509234   -3.243742586
    0.000000000    1.221730476  -41.401470143    3.259210656    2.384234466
    0.174532925    1.221730476  -41.706095619   -5.958697618   10.063199325
    0.349065850    1.221730476  -43.130696929   -9.365937521   18.561817813
    0.523598776    1.221730476  -44.561389238   -5.982316825   26.276898304
    0.698131701    1.221730476  -44.831864189    3.650249204   31.660629665
    0.872664626    1.221730476  -43.036820641   17.147136227   33.680009984
    1.047197551    1.221730476  -38.832719273   30.596195873   32.159259514
    1.221730476    1.221730476  -32.591427909   39.908632613   27.809950837
    1.396263402    1.221730476  -25.289004302   42.551606569   21.894917820
    1.570796327    1.221730476  -18.138906281   38.334250673   15.745815428
    1.745329252    1.221730476  -12.206135168   28.971464166   10.311491935
    1.919862177    1.221730476   -8.188709325   16.742949974    5.999524028
    2.094395102    1.221730476   -6.432687476    3.205152076    2.755510748
    2.268928028    1.221730476   -7.109497101  -11.081490996    0.294061198
    2.443460953    1.221730476  -10.333902851  -25.957891312   -1.666973035
    2.617993878    1.221730476  -16.152209688  -40.548066075   -3.279213519
    2.792526803    1.221730476  -24.344497206  -52.738894579   -4.528475908
    2.967059728    1.221730476  -34.241224500  -59.572063788   -5.319251152

   -3.141592654    1.396263402  -45.918148310  -58.759989531   -8.961912215
   -2.967059728    1.396263402  -55.470518254  -49.559750602   -8.810371228
   -2.792526803    1.396263402  -62.925006420  -35.381235955   -8.281171933
   -2.617993878    1.396263402  -67.807952334  -20.950674896   -7.490196896
   -2.443460953    1.396263402  -70.502488617  -10.963690466   -6.360961025
   -2.268928028    1.396263402  -72.050125203   -7.965155753   -4.690817729
   -2.094395102    1.396263402  -73.648899941  -11.119673741   -2.372869553
   -1.919862177    1.396263402  -76.066146954  -16.509114025    0.380530069
   -1.745329252    1.396263402  -79.234356162  -18.871978057    2.994867616
   -1.570796327    1.396263402  -82.234532561  -14.127450111    4.719337084
   -1.396263402    1.396263402  -83.697184929   -1.455141836    4.941059384
   -1.221730476    1.396263402  -82.450507264   16.116954673    3.454086424
   -1.047197551    1.396263402  -78.094120357   33.188131118    0.577013912
   -0.872664626    1.396263402  -71.189440721   44.569862154   -2.891144345
   -0.698131701    1.396263402  -63.008578126   47.650304528   -5.851793783
   -0.523598776    1.396263402  -54.998864043   42.941046857   -7.149872820
   -0.349065850    1.396263402  -48.303799830   33.128139122   -5.882493375
   -0.174532925    1.396263402  -43.529350234   21.471020667   -1.676000595
    0.000000000    1.396263402  -40.750390989   10.629282078    5.107467487
    0.174532925    1.396263402  -39.647070631    2.558614723   13.375383186
    0.349065850    1.396263402  -39.602136705   -1.327827488   21.513884857
    0.523598776    1.396263402  -39.793396643   -0.061205610   27.825089904
    0.698131701    1.396263402  -39.305335129    6.287679041   31.015757854
    0.872664626    1.396263402  -37.367005909   16.174464725   30.595301910
    1.047197551    1.396263402  -33.611136289   26.600288020   27.008954616
    1.221730476    1.396263402  -28.243982784   34.120033704   21.425590328
    1.396263402    1.396263402  -22.006116578   36.357477610   15.255509578
    1.570796327    1.396263402  -15.890767755   32.796260922    9.663824827
    1.745329252    1.396263402  -10.826528906   24.587209140    5.242858311
    1.919862177    1.396263402   -7.472702939   13.483043658    2.014244524
    2.094395102    1.396263402   -6.210114161    0.745458062   -0.371814181
    2.268928028    1.396263402   -7.273335040  -13.096673017   -2.351363658
    2.443460953    1.396263402  -10.827596160  -27.735724291   -4.212142374
    2.617993878    1.396263402  -16.937127179  -42.084136071   -5.993893287
    2.792526803    1.396263402  -25.367061239  -53.886317016   -7.521946472
    2.967059728    1.396263402  -35.419896580  -60.188678226   -8.553940346

   -3.141592654    1.570796327  -47.899894310  -58.841931148  -13.972768005
   -2.967059728    1.570796327  -57.411794874  -49.056452185  -13.629953747
   -2.792526803    1.570796327  -64.744115805  -34.514663775  -12.712955549
   -2.617993878    1.570796327  -69.449628751  -19.770426705  -11.425090033
   -2.443460953    1.570796327  -71.899300000   -9.295453513   -9.723808085
   -2.268928028    1.570796327  -73.096559178   -5.594246611   -7.391430434
   -2.094395102    1.570796327  -74.220073006   -8.084885964   -4.316369229
   -1.919862177    1.570796327  -76.080616769  -13.277297301   -0.771186440
   -1.745329252    1.570796327  -78.724364909  -16.241309568    2.541855865
   -1.570796327    1.570796327  -81.378101069  -12.906439187    4.733688294
   -1.396263402    1.570796327  -82.787500953   -2.103674134    5.122614289
   -1.221730476    1.570796327  -81.812667441   13.711219099    3.560150956
   -1.047197551    1.570796327  -77.981460934   29.728136525    0.542681518
   -0.872664626    1.570796327  -71.693609281   41.166905594   -2.902129758
   -0.698131701    1.570796327  -64.010635412   45.554133424   -5.499172876
   -0.523598776    1.570796327  -56.172837311   43.208623964   -6.073987208
   -0.349065850    1.570796327  -49.178597733   36.325053621   -3.899627186
   -0.174532925    1.570796327  -43.596120244   27.434181823    1.071480457
    0.000000000    1.570796327  -39.598070687   18.420675432    8.097233142
    0.174532925    1.570796327  -37.085079998   10.629037746   15.784030105
    0.349065850    1.570796327  -35.735847068    5.269488633   22.404760055
    0.523598776    1.570796327  -35.014805201    3.609354917   26.414771447
    0.698131701    1.570796327  -34.198623183    6.342260563   26.925526309
    0.872664626    1.570796327  -32.552447838   12.899106832   24.009935984
    1.047197551    1.570796327  -29.582581212   21.103694428   18.651001446
    1.221730476    1.570796327  -25.260939378   27.879968221   12.340287908
    1.396263402    1.570796327  -20.079258019   30.668841319    6.498045265
    1.570796327    1.570796327  -14.850749499   28.377128818    2.007610978
    1.745329252    1.570796327  -10.437933465   21.501331084   -0.974534952
    1.919862177    1.570796327   -7.533707359   11.326879167   -2.859480971
    2.094395102    1.570796327   -6.606863760   -1.033064292   -4.306469377
    2.268928028    1.570796327   -7.979957128  -14.911993830   -5.884963533
    2.443460953    1.570796327  -11.865715359  -29.703771430   -7.845781532
    2.617993878    1.570796327  -18.320539127  -44.013597797  -10.051056215
    2.792526803    1.570796327  -27.058907410  -55.419307901  -12.084618423
    2.967059728    1.570796327  -37.322151435  -61.027971191  -13.477476398

   -3.141592654    1.745329252  -50.820946274  -58.811035495  -19.506625146
   -2.967059728    1.745329252  -60.245967343  -48.153745475  -18.857423627
   -2.792526803    1.745329252  -67.369997484  -33.084155167  -17.386230846
   -2.617993878    1.745329252  -71.793718130  -17.973599554  -15.440550154
   -2.443460953    1.745329252  -73.890626968   -7.011805206  -13.102400229
   -2.268928028    1.745329252  -74.630894180   -2.617837608  -10.221761071
   -2.094395102    1.745329252  -75.174686951   -4.462951585   -6.704781612
   -1.919862177    1.745329252  -76.380300405   -9.516950447   -2.815978958
   -1.745329252    1.745329252  -78.416862712  -13.201129895    0.758617529
   -1.570796327    1.745329252  -80.665847994  -11.428113174    3.161733878
   -1.396263402    1.745329252  -81.988019855   -2.606736367    3.778086812
   -1.221730476    1.745329252  -81.260692697   11.463973048    2.567828422
   -1.047197551    1.745329252  -77.913845924   26.602329494    0.147655115
   -0.872664626    1.745329252  -72.159957833   38.392533450   -2.390690584
   -0.698131701    1.745329252  -64.839831813   44.361332912   -3.831463422
   -0.523598776    1.745329252  -57.004881552   44.463783400   -3.223807283
   -0.349065850    1.745329252  -49.554454978   40.273057052   -0.185481490
   -0.174532925    1.745329252  -43.079316094   33.560132795    4.975788908
    0.000000000    1.745329252  -37.905130622   25.527558508   11.274544902
    0.174532925    1.745329252  -34.182923546   17.091815500   17.279702193
    0.349065850    1.745329252  -31.880998560    9.490890655   21.446853423
    0.523598776    1.745329252  -30.703981120    4.502208256   22.599228123
    0.698131701    1.745329252  -30.043044675    3.727423422   20.318623984
    0.872664626    1.745329252  -29.107276038    7.581212070   15.155398012
    1.047197551    1.745329252  -27.196478341   14.561781064    8.461861865
    1.221730476    1.745329252  -24.005929008   21.696324909    1.888736914
    1.396263402    1.745329252  -19.786372629   25.947215933   -3.238257488
    1.570796327    1.745329252  -15.224595772   25.438283026   -6.356273667
    1.745329252    1.745329252  -11.193780941   19.950699062   -7.737936821
    1.919862177    1.745329252   -8.495095489   10.382970256   -8.204185680
    2.094395102    1.745329252   -7.737825826   -2.137779875   -8.697929813
    2.268928028    1.745329252   -9.353810485  -16.624624414   -9.896805788
    2.443460953    1.745329252  -13.594666431  -32.010611225  -11.994348732
    2.617993878    1.745329252  -20.475715873  -46.488164040  -14.660685049
    2.792526803    1.745329252  -29.616135023  -57.439610503  -17.224878876
    2.967059728    1.745329252  -40.153938462  -62.093959123  -18.975724272

   -3.141592654    1.919862177  -54.642403874  -58.637439454  -23.985449328
   -2.967059728    1.919862177  -63.928415439  -46.811528060  -23.067472704
   -2.792526803    1.919862177  -70.749333792  -31.032785054  -21.101597608
   -2.617993878    1.919862177  -74.778156464  -15.528024711  -18.558579268
   -2.443460953    1.919862177  -76.416497234   -4.182636623  -15.679063406
   -2.268928028    1.919862177  -76.619122740    0.730134300  -12.445629894
   -2.094395102    1.919862177  -76.534022056   -0.644851822   -8.820199426
   -1.919862177    1.919862177  -77.062063363   -5.681180221   -5.022597752
   -1.745329252    1.919862177  -78.482278357  -10.113752981   -1.609411683
   -1.570796327    1.919862177  -80.312167642   -9.811444402    0.741414734
   -1.396263402    1.919862177  -81.505201946   -2.745629994    1.602273325
   -1.221730476    1.919862177  -80.932916580    9.928499890    1.085091529
   -1.047197551    1.919862177  -77.911370888   24.584980545   -0.133120115
   -0.872664626    1.919862177  -72.468467900   37.037596452   -1.056297984
   -0.698131701    1.919862177  -65.254161844   44.638384271   -0.747894176
   -0.523598776    1.919862177  -57.188975573   46.849115423    1.311512548
   -0.349065850    1.919862177  -49.144651625   44.608530739    5.042844578
   -0.174532925    1.919862177  -41.795216833   39.059671590    9.808256464
    0.000000000    1.919862177  -35.647099482   30.960322330   14.550310366
    0.174532925    1.919862177  -31.085196186   21.047649543   18.058171483
    0.349065850    1.919862177  -28.312597631   10.771024805   19.220687540
    0.523598776    1.919862177  -27.196336283    2.494636789   17.372246456
    0.698131701    1.919862177  -27.159934630   -1.294625750   12.557824156
    0.872664626    1.919862177  -27.285502638    0.695498625    5.659473150
    1.047197551    1.919862177  -26.619806230    7.467743895   -1.808491962
    1.221730476    1.919862177  -24.568909490   15.943580858   -8.212632555
    1.396263402    1.919862177  -21.166542360   22.400912881  -12.408573139
    1.570796327    1.919862177  -17.028211711   24.046888579  -14.141502987
    1.745329252    1.919862177  -13.106491127   19.919764247  -14.033782984
    1.919862177    1.919862177  -10.374691039   10.614134301  -13.215944386
    2.094395102    1.919862177   -9.625658519   -2.580833880  -12.829083178
    2.268928028    1.919862177  -11.415597116  -18.198784999  -13.609051819
    2.443460953    1.919862177  -16.024721840  -34.577092882  -15.689907974
    2.617993878    1.919862177  -23.397099201  -49.411937031  -18.597218349
    2.792526803    1.919862177  -33.017400064  -59.867272354  -21.480025479
    2.967059728    1.919862177  -43.882760597  -63.338352175  -23.453503386

   -3.141592654    2.094395102  -59.041552999  -58.372798665  -25.923239557
   -2.967059728    2.094395102  -68.155197796  -45.178541377  -24.905338168
   -2.792526803    2.094395102  -74.606795354  -28.528991856  -22.695685542
   -2.617993878    2.094395102  -78.156096650  -12.592703814  -19.799182416
   -2.443460953    2.094395102  -79.259235694   -0.993267611  -16.592589488
   -2.268928028    2.094395102  -78.882606570    4.179431361  -13.230873472
   -2.094395102    2.094395102  -78.175809206    2.997000553   -9.777816177
   -1.919862177    2.094395102  -78.073651737   -2.183305115   -6.402967820
   -1.745329252    2.094395102  -78.935367524   -7.310617459   -3.458783774
   -1.570796327    2.094395102  -80.372964062   -8.177752832   -1.335322764
   -1.396263402    2.094395102  -81.391924655   -2.358998393   -0.191315527
   -1.221730476    2.094395102  -80.830411384    9.526238202    0.239930845
   -1.047197551    2.094395102  -77.887198296   24.235598120    0.607258112
   -0.872664626    2.094395102  -72.435929518   37.611623195    1.656586569
   -0.698131701    2.094395102  -64.999855438   46.654875335    3.881269236
   -0.523598776    2.094395102  -56.454958373   50.272546120    7.264811001
   -0.349065850    2.094395102  -47.727918180   48.875046714   11.267639898
   -0.174532925    2.094395102  -39.625605143   43.239921485   15.029998638
    0.000000000    2.094395102  -32.831953634   34.005036366   17.604841113
    0.174532925    2.094395102  -27.909434676   21.990386962   18.192063033
    0.349065850    2.094395102  -25.206022540    8.968839498   16.255752016
    0.523598776    2.094395102  -24.656481894   -2.154852018   11.684640506
    0.698131701    2.094395102  -25.640511559   -8.168276988    4.922615209
    0.872664626    2.094395102  -27.069086143   -7.098604149   -2.975797182
    1.047197551    2.094395102  -27.725536383    0.380186217  -10.536662067
    1.221730476    2.094395102  -26.745179087   10.938660732  -16.318468460
    1.396263402    2.094395102  -23.984111375   20.072833995  -19.445106225
    1.570796327    2.094395102  -20.038103770   24.039660344  -19.941342309
    1.745329252    2.094395102  -15.990117719   21.165196082  -18.658329804
    1.919862177    2.094395102  -13.026173501   11.829502463  -16.873661360
    2.094395102    2.094395102  -12.145221647   -2.402933205  -15.780836236
    2.268928028    2.094395102  -14.031063249  -19.489733360  -16.090406584
    2.443460953    2.094395102  -18.982359757  -37.111651362  -17.880198648
    2.617993878    2.094395102  -26.854389633  -52.445967630  -20.624698113
    2.792526803    2.094395102  -36.977944565  -62.436327955  -23.439010901
    2.967059728    2.094395102  -48.190384067  -64.651203598  -25.403252878

   -3.141592654    2.268928028  -63.481265235  -58.112764243  -24.355127385
   -2.967059728    2.268928028  -72.421896791  -43.514311919  -23.425393592
   -2.792526803    2.268928028  -78.489020298  -25.879111104  -21.287244033
   -2.617993878    2.268928028  -81.525449970   -9.441429367  -18.369723280
   -2.443460953    2.268928028  -82.060789478    2.320841788  -15.125948393
   -2.268928028    2.268928028  -81.103930508    7.492875849  -11.884287139
   -2.094395102    2.268928028  -79.826379413    6.198543272   -8.832049971
   -1.919862177    2.268928028  -79.187892967    0.718687467   -6.083687880
   -1.745329252    2.268928028  -79.587672346   -4.961956185   -3.739023072
   -1.570796327    2.268928028  -80.675928147   -6.532644079   -1.841555552
   -1.396263402    2.268928028  -81.460923438   -1.274632726   -0.269928809
   -1.221730476    2.268928028  -80.725520816   10.529610402    1.323694953
   -1.047197551    2.268928028  -77.567792464   25.781998669    3.417007965
   -0.872664626    2.268928028  -71.763999675   40.148340737    6.357691565
   -0.698131701    2.268928028  -63.796301303   50.167093041   10.119244439
   -0.523598776    2.268928028  -54.588211150   54.235258469   14.193282004
   -0.349065850    2.268928028  -45.190754886   52.439828276   17.730643959
   -0.174532925    2.268928028  -36.566587043   45.509470797   19.842826869
    0.000000000    2.268928028  -29.543000215   34.277661219   19.857896011
    0.174532925    2.268928028  -24.779207960   19.856276569   17.471725993
    0.349065850    2.268928028  -22.664918696    4.374691073   12.732668808
    0.523598776    2.268928028  -23.109133971   -8.846066737    6.032065904
    0.698131701    2.268928028  -25.385919713  -16.103416493   -1.879120516
    0.872664626    2.268928028  -28.217093862  -14.995739039   -9.904992684
    1.047197551    2.268928028  -30.144599535   -6.066833555  -16.774789723
    1.221730476    2.268928028  -30.080807670    7.004670219  -21.398751717
    1.396263402    2.268928028  -27.759542304   18.938650156  -23.268916566
    1.570796327    2.268928028  -23.804327557   25.123911855  -22.679696315
    1.745329252    2.268928028  -19.457678878   23.288840873  -20.591366016
    1.919862177    2.268928028  -16.127767747   13.708051164  -18.242964991
    2.094395102    2.268928028  -15.013252723   -1.708461548  -16.700037387
    2.268928028    2.268928028  -16.911687550  -20.332803342  -16.536859898
    2.443460953    2.268928028  -22.129869548  -39.233194693  -17.766455019
    2.617993878    2.268928028  -30.434204130  -55.131939583  -19.910589259
    2.792526803    2.268928028  -41.010163667  -64.782185865  -22.214148032
    2.967059728    2.268928028  -52.543472968  -65.886587971  -23.885041520

   -3.141592654    2.443460953  -67.322546823  -57.905024928  -19.110756253
   -2.967059728    2.443460953  -76.115471226  -42.053976286  -18.364769738
   -2.792526803    2.443460953  -81.833474978  -23.408379826  -16.544431070
   -2.617993878    2.443460953  -84.381530215   -6.399534445  -13.921711164
   -2.443460953    2.443460953  -84.369604748    5.479856303  -10.950122849
   -2.268928028    2.443460953  -82.875749467   10.444419179   -8.081093870
   -2.094395102    2.443460953  -81.112910913    8.792925130   -5.593092816
   -1.919862177    2.443460953  -80.054020633    2.945878961   -3.517871719
   -1.745329252    2.443460953  -80.091571694   -3.019514555   -1.678929812
   -1.570796327    2.443460953  -80.853228800   -4.698075045    0.217214935
   -1.396263402    2.443460953  -81.306923693    0.738776489    2.491430678
   -1.221730476    2.443460953  -80.178874986   13.069924135    5.415346130
   -1.047197551    2.443460953  -76.512135879   29.089068823    9.112629406
   -0.872664626    2.443460953  -70.065829585   44.157456263   13.419439706
   -0.698131701    2.443460953  -61.370430756   54.382096923   17.823552253
   -0.523598776    2.443460953  -51.467811645   57.825194670   21.517744147
   -0.349065850    2.443460953  -41.564505945   54.509197619   23.619316435
   -0.174532925    2.443460953  -32.763017268   45.387191414   23.452542871
    0.000000000    2.443460953  -25.974674038   31.695231153   20.738806380
    0.174532925    2.443460953  -21.869543127   14.941268650   15.644434765
    0.349065850    2.443460953  -20.785388290   -2.418683028    8.690187716
    0.523598776    2.443460953  -22.528113031  -16.787325362    0.642082130
    0.698131701    2.443460953  -26.221809727  -24.212422118   -7.547648427
    0.872664626    2.443460953  -30.400589031  -22.134692172  -14.833040030
    1.047197551    2.443460953  -33.410527009  -11.182185756  -20.250568852
    1.221730476    2.443460953  -34.013416026    4.533298561  -23.178669766
    1.396263402    2.443460953  -31.893005148   19.036673065  -23.564353240
    1.570796327    2.443460953  -27.747852111   27.041013748  -21.976028655
    1.745329252    2.443460953  -22.990406392   25.888401049  -19.389980635
    1.919862177    2.443460953  -19.229623642   15.892042675  -16.846873792
    2.094395102    2.443460953  -17.826753922   -0.658450878  -15.121945767
    2.268928028    2.443460953  -19.659829501  -20.625792458  -14.548213685
    2.443460953    2.443460953  -25.030790523  -40.613828096  -15.053061632
    2.617993878    2.443460953  -33.631749398  -57.039850173  -16.270369796
    2.792526803    2.443460953  -44.536935874  -66.532922808  -17.694770745
    2.967059728    2.443460953  -56.314906514  -66.859436383  -18.792446644

   -3.141592654    2.617993878  -69.968581794  -57.696409332  -10.815604055
   -2.967059728    2.617993878  -78.644471380  -40.909656196  -10.210028306
   -2.792526803    2.617993878  -84.080591645  -21.359618297   -8.810328785
   -2.617993878    2.617993878  -86.213698657   -3.771008881   -6.709768744
   -2.443460953    2.617993878  -85.727617615    8.198517940   -4.291048216
   -2.268928028    2.617993878  -83.782934051   12.838559550   -2.030930870
   -2.094395102    2.617993878  -81.642660974   10.726305226   -0.207553495
   -1.919862177    2.617993878  -80.274250313    4.611656317    1.282127417
   -1.745329252    2.617993878  -80.015769977   -1.220371770    2.880315698
   -1.570796327    2.617993878  -80.420293322   -2.347235900    5.129332001
   -1.396263402    2.617993878  -80.393950482    3.912279767    8.387576768
   -1.221730476    2.617993878  -78.636784595   17.088350419   12.653367222
   -1.047197551    2.617993878  -74.213211553   33.668203924   17.539391441
   -0.872664626    2.617993878  -66.958305945   48.723707904   22.343364601
   -0.698131701    2.617993878  -57.524229097   58.136694719   26.213220358
   -0.523598776    2.617993878  -47.099310912   59.925179684   28.324656442
   -0.349065850    2.617993878  -37.024216512   54.298364578   28.068386089
   -0.174532925    2.617993878  -28.484919287   42.583545037   25.189098521
    0.000000000    2.617993878  -22.403554523   26.458408104   19.839392871
    0.174532925    2.617993878  -19.388030463    7.808251953   12.541365153
    0.349065850    2.617993878  -19.657269021  -10.649421784    4.104691768
    0.523598776    2.617993878  -22.862685554  -25.147016973   -4.490612341
    0.698131701    2.617993878  -27.952243826  -31.673931138  -12.190866919
    0.872664626    2.617993878  -33.285853651  -27.768546366  -18.048473623
    1.047197551    2.617993878  -37.071486867  -14.372586112  -21.444597320
    1.221730476    2.617993878  -38.007282237    3.881383455  -22.273924621
    1.396263402    2.617993878  -35.810687404   20.445635010  -20.979299538
    1.570796327    2.617993878  -31.303267841   29.627518639  -18.402600625
    1.745329252    2.617993878  -26.064708366   28.669372123  -15.479115235
    1.919862177    2.617993878  -21.860640276   18.096559300  -12.954667578
    2.094395102    2.617993878  -20.154725172    0.586234137  -11.219044652
    2.268928028    2.617993878  -21.857292169  -20.351064530  -10.304429555
    2.443460953    2.617993878  -27.248773822  -41.070218660  -10.035090186
    2.617993878    2.617993878  -35.968741360  -57.886380834  -10.174126180
    2.792526803    2.617993878  -47.028530580  -67.399259340  -10.505653512
    2.967059728    2.617993878  -58.930811710  -67.366767610  -10.810420936

   -3.141592654    2.792526803  -70.984971758  -57.344544354   -0.686430871
   -2.967059728    2.792526803  -79.558066884  -40.045327058   -0.101266648
   -2.792526803    2.792526803  -84.785850008  -19.841897189    0.886729242
   -2.617993878    2.792526803  -86.607625501   -1.781279239    2.334717622
   -2.443460953    2.792526803  -85.763531871   10.228777039    3.987883164
   -2.268928028    2.792526803  -83.490804805   14.523061497    5.463506483
   -2.094395102    2.792526803  -81.092418836   12.029324124    6.599304293
   -1.919862177    2.792526803  -79.502612603    5.940950150    7.676615939
   -1.745329252    2.792526803  -78.963297752    0.774401218    9.339943121
   -1.570796327    2.792526803  -78.922193931    0.814311614   12.225789366
   -1.396263402    2.792526803  -78.233658802    8.303096754   16.540245023
   -1.221730476    2.792526803  -75.633611987   22.247711133   21.858369564
   -1.047197551    2.792526803  -70.302913545   38.744800718   27.239110803
   -0.872664626    2.792526803  -62.239702204   52.748725685   31.543543929
   -0.698131701    2.792526803  -52.258410818   60.259192875   33.803504590
   -0.523598776    2.792526803  -41.672478790   59.587192827   33.446179439
   -0.349065850    2.792526803  -31.888160836   51.309055314   30.350398942
   -0.174532925    2.792526803  -24.091807714   37.121703584   24.767015313
    0.000000000    2.792526803  -19.145071655   19.024074662   17.217490617
    0.174532925    2.792526803  -17.545497959   -0.834960345    8.416000715
    0.349065850    2.792526803  -19.359888609  -19.544129774   -0.732489197
    0.523598776    2.792526803  -24.061325684  -33.213972226   -9.184497894
    0.698131701    2.792526803  -30.411395381  -37.893548535  -15.867681922
    0.872664626    2.792526803  -36.614613696  -31.431437964  -19.948093406
    1.047197551    2.792526803  -40.799548270  -15.305681007  -21.126039440
    1.221730476    2.792526803  -41.688659399    5.240740453  -19.773196390
    1.396263402    2.792526803  -39.117528573   23.219569528  -16.788289903
    1.570796327    2.792526803  -34.076062658   32.828701455  -13.249877727
    1.745329252    2.792526803  -28.301148064   31.522488177  -10.020936063
    1.919862177    2.792526803  -23.660869025   20.215371892   -7.532328437
    2.094395102    2.792526803  -21.652528121    1.959912995   -5.787085260
    2.268928028    2.792526803  -23.166260603  -19.520199669   -4.530150020
    2.443460953    2.792526803  -28.443204732  -40.558236374   -3.491557910
    2.617993878    2.792526803  -37.091892284  -57.570288819   -2.549074812
    2.792526803    2.792526803  -48.109209488  -67.227245980   -1.743003334
    2.967059728    2.792526803  -59.985871800  -67.230164630   -1.145796203

   -3.141592654    2.967059728  -70.181700375  -56.715855516    9.762445022
   -2.967059728    2.967059728  -78.645110801  -39.367714655   10.437491871
   -2.792526803    2.967059728  -83.731251913  -18.877313439   11.076657357
   -2.617993878    2.967059728  -85.359845451   -0.566286650   11.840034521
   -2.443460953    2.967059728  -84.301512837   11.410556315   12.636756536
   -2.268928028    2.967059728  -81.844432629   15.437433711   13.277280624
   -2.094395102    2.967059728  -79.303076563   12.815225959   13.799642672
   -1.919862177    2.967059728  -77.546831576    7.185047859   14.658657222
   -1.745329252    2.967059728  -76.695788049    3.211799827   16.582727293
   -1.570796327    2.967059728  -76.091597233    4.841635027   20.123069246
   -1.396263402    2.967059728  -74.577175331   13.628385073   25.189675903
   -1.221730476    2.967059728  -71.002545207   27.895461030   30.909544271
   -1.047197551    2.967059728  -64.753589423   43.405206676   35.907529574
   -0.872664626    2.967059728  -56.049728450   55.270866891   38.829964822
   -0.698131701    2.967059728  -45.866938054   59.982749036   38.828498015
   -0.523598776    2.967059728  -35.583754540   56.426140720   35.742792896
   -0.349065850    2.967059728  -26.580468613   45.609531908   29.981437894
   -0.174532925    2.967059728  -19.959481906   29.467758459   22.231151552
    0.000000000    2.967059728  -16.469196746   10.110436456   13.240590569
    0.174532925    2.967059728  -16.477647034  -10.198570420    3.756909067
    0.349065850    2.967059728  -19.896779621  -28.399313802   -5.368242956
    0.523598776    2.967059728  -26.020625518  -40.478194154  -13.140141994
    0.698131701    2.967059728  -33.427153809  -42.594807421  -18.536710827
    0.872664626    2.967059728  -40.185772108  -33.058407753  -20.844928150
    1.047197551    2.967059728  -44.396190119  -14.061924957  -20.022158301
    1.221730476    2.967059728  -44.879327226    8.472988884  -16.801664582
    1.396263402    2.967059728  -41.658512382   27.240702402  -12.409317717
    1.570796327    2.967059728  -35.926029805   36.595997607   -8.066268255
    1.745329252    2.967059728  -29.560973319   34.476868618   -4.534363470
    1.919862177    2.967059728  -24.481562954   22.326166763   -1.967023201
    2.094395102    2.967059728  -22.157296017    3.537587345   -0.060906927
    2.268928028    2.967059728  -23.414467353  -18.105492729    1.642129170
    2.443460953    2.967059728  -28.442057368  -39.104954071    3.459099926
    2.617993878    2.967059728  -36.835967069  -56.132640963    5.414143745
    2.792526803    2.967059728  -47.617572057  -66.009296354    7.278987253
    2.967059728    2.967059728  -59.310477074  -66.361406227    8.764409928
