#! FIELDS phi psi file.free der_phi der_psi
#! SET min_phi -pi
#! SET max_phi pi
#! SET nbins_phi  36
#! SET periodic_phi true
#! SET min_psi -pi
#! SET max_psi pi
#! SET nbins_psi  36
#! SET periodic_psi true
   -3.141592654   -3.141592654  -36.211103677  -48.687683368   14.971156826
   -2.967059728   -3.141592654  -44.048834207  -39.872906734   16.820107380
   -2.792526803   -3.141592654  -49.769309704  -24.968486658   17.893161128
   -2.617993878   -3.141592654  -52.647927389   -8.101388045   18.561774338
   -2.443460953   -3.141592654  -52.760357674    6.019800348   19.383400265
   -2.268928028   -3.141592654  -50.894282539   14.269171873   20.840577986
   -2.094395102   -3.141592654  -48.142060096   16.381047220   23.154796538
   -1.919862177   -3.141592654  -45.396956916   14.739616277   26.228501807
   -1.745329252   -3.141592654  -43.007149217   12.897664426   29.668262843
   -1.570796327   -3.141592654  -40.735522636   13.717482187   32.835780333
   -1.396263402   -3.141592654  -38.007634689   18.082392480   34.947554589
   -1.221730476   -3.141592654  -34.290321875   24.661503665   35.273223283
   -1.047197551   -3.141592654  -29.419708915   30.804456617   33.407167962
   -0.872664626   -3.141592654  -23.708374446   33.915574427   29.472933593
   -0.698131701   -3.141592654  -17.824554365   32.677357247   24.098624419
   -0.523598776   -3.141592654  -12.526497514   27.400219684   18.146713986
   -0.349065850   -3.141592654   -8.405828932   19.450704310   12.360992650
   -0.174532925   -3.141592654   -5.792202054   10.390017142    7.087163959
    0.000000000   -3.141592654   -4.773648491    1.315664895    2.275205439
    0.174532925   -3.141592654   -5.281702256   -6.967363569   -2.336062383
    0.349065850   -3.141592654   -7.099527127  -13.518530402   -6.894140285
    0.523598776   -3.141592654   -9.812870911  -16.989082215  -11.220710952
    0.698131701   -3.141592654  -12.767820088  -16.120335029  -14.754950508
    0.872664626   -3.141592654  -15.160263712  -10.656005935  -16.805186876
    1.047197551   -3.141592654  -16.285000822   -1.906858729  -16.891238263
    1.221730476   -3.141592654  -15.791333770    7.402120961  -15.068236289
    1.396263402   -3.141592654  -13.840742505   14.376303691  -11.928436358
    1.570796327   -3.141592654  -11.024633836   17.137662961   -8.339829559
    1.745329252   -3.141592654   -8.128540837   15.351432655   -5.049938104
    1.919862177   -3.141592654   -5.888093809    9.798407431   -2.412028280
    2.094395102   -3.141592654   -4.868497487    1.515991960   -0.337224792
    2.268928028   -3.141592654   -5.476174697   -8.761633713    1.547454315
    2.443460953   -3.141592654   -8.013711141  -20.493552980    3.665018463
    2.617993878   -3.141592654  -12.660673096  -32.689388638    6.260819747
    2.792526803   -3.141592654  -19.336586216  -43.331762521    9.273433788
    2.967059728   -3.141592654  -27.525347003  -49.545757900   12.339043367

   -3.141592654   -2.967059728  -33.112599929  -46.000694911   20.087828293
   -2.967059728   -2.967059728  -40.568639701  -38.196951531   22.585067847
   -2.792526803   -2.967059728  -46.075340249  -24.129284502   23.962281867
   -2.617993878   -2.967059728  -48.843526864   -7.569933709   24.571870536
   -2.443460953   -2.967059728  -48.844174796    6.863866350   25.035708401
   -2.268928028   -2.967059728  -46.769464804   15.863261281   25.950558192
   -2.094395102   -2.967059728  -43.663190541   18.831548562   27.647275283
   -1.919862177   -2.967059728  -40.431151474   17.800355095   30.086469719
   -1.745329252   -2.967059728  -37.492317736   16.013791065   32.864894395
   -1.570796327   -2.967059728  -34.727373516   16.114705840   35.290267380
   -1.396263402   -2.967059728  -31.704183015   18.943118287   36.535809597
   -1.221730476   -2.967059728  -28.016805714   23.398974455   35.890145622
   -1.047197551   -2.967059728  -23.563842630   27.324230901   33.047990059
   -0.872664626   -2.967059728  -18.622951059   28.696665016   28.275927393
   -0.698131701   -2.967059728  -13.740216852   26.583184120   22.323109813
   -0.523598776   -2.967059728   -9.516841117   21.309488425   16.100402941
   -0.349065850   -2.967059728   -6.416508135   13.900259036   10.309882727
   -0.174532925   -2.967059728   -4.715758975    5.463514247    5.206909033
    0.000000000   -2.967059728   -4.519651829   -3.233259305    0.650419987
    0.174532925   -2.967059728   -5.809776316  -11.401544223   -3.661346830
    0.349065850   -2.967059728   -8.394360831  -17.833694062   -7.859216418
    0.523598776   -2.967059728  -11.823834451  -20.770228819  -11.714444954
    0.698131701   -2.967059728  -15.344208627  -18.692050619  -14.646797566
    0.872664626   -2.967059728  -18.034639976  -11.409566194  -16.018270833
    1.047197551   -2.967059728  -19.116844403   -0.681248622  -15.475265999
    1.221730476   -2.967059728  -18.262992507   10.193917472  -13.218199096
    1.396263402   -2.967059728  -15.746897180   17.912708537   -9.928018249
    1.570796327   -2.967059728  -12.311306237   20.579130472   -6.456774720
    1.745329252   -2.967059728   -8.863201788   18.190446924   -3.442302660
    1.919862177   -2.967059728   -6.185898395   11.997180112   -1.082220513
    2.094395102   -2.967059728   -4.815189091    3.414949372    0.858958052
    2.268928028   -2.967059728   -5.082355192   -6.680702354    2.855143060
    2.443460953   -2.967059728   -7.211461266  -17.853616820    5.373331597
    2.617993878   -2.967059728  -11.340276491  -29.412267733    8.646338105
    2.792526803   -2.967059728  -17.406084834  -39.701327975   12.541484182
    2.967059728   -2.967059728  -24.968629356  -46.111105339   16.571057841

   -3.141592654   -2.792526803  -29.353625689  -42.636200416   22.532743041
   -2.967059728   -2.792526803  -36.325704293  -36.046883632   25.553930263
   -2.792526803   -2.792526803  -41.561267911  -23.118106802   27.283146030
   -2.617993878   -2.792526803  -44.218470231   -7.203213239   27.958242899
   -2.443460953   -2.792526803  -44.162935930    7.248066310   28.147734417
   -2.268928028   -2.792526803  -41.979047731   16.794886409   28.477640584
   -2.094395102   -2.792526803  -38.644881848   20.512457286   29.366712903
   -1.919862177   -2.792526803  -35.065093020   20.040796491   30.873032550
   -1.745329252   -2.792526803  -31.723876741   18.268897900   32.664609845
   -1.570796327   -2.792526803  -28.619829855   17.607353048   34.098370481
   -1.396263402   -2.792526803  -25.461170667   18.887147964   34.408298209
   -1.221730476   -2.792526803  -21.958749545   21.297124789   32.977569527
   -1.047197551   -2.792526803  -18.054523747   23.201764448   29.614017311
   -0.872664626   -2.792526803  -13.971688547   23.127237512   24.662630102
   -0.698131701   -2.792526803  -10.123904035   20.449898817   18.871765585
   -0.523598776   -2.792526803   -6.958911418   15.428375630   13.069595754
   -0.349065850   -2.792526803   -4.828383791    8.702180566    7.826065089
   -0.174532925   -2.792526803   -3.974196459    0.931405883    3.281832333
    0.000000000   -2.792526803   -4.532003518   -7.392740231   -0.766784679
    0.174532925   -2.792526803   -6.535890625  -15.437035612   -4.612405699
    0.349065850   -2.792526803   -9.813079295  -21.687307686   -8.339207324
    0.523598776   -2.792526803  -13.869908317  -23.994952125  -11.673891846
    0.698131701   -2.792526803  -17.852045105  -20.644545396  -14.053046368
    0.872664626   -2.792526803  -20.734229828  -11.587811662  -14.920457636
    1.047197551   -2.792526803  -21.686975821    0.943622055  -14.036922427
    1.221730476   -2.792526803  -20.425372386   13.122374723  -11.679084467
    1.396263402   -2.792526803  -17.342969980   21.330633157   -8.521496992
    1.570796327   -2.792526803  -13.324412143   23.740928350   -5.328254887
    1.745329252   -2.792526803   -9.377404764   20.722568917   -2.617707030
    1.919862177   -2.792526803   -6.309970884   13.983959844   -0.487979111
    2.094395102   -2.792526803   -4.610756665    5.275941417    1.348304202
    2.268928028   -2.792526803   -4.526037063   -4.428891812    3.376483804
    2.443460953   -2.792526803   -6.198386343  -14.832628799    6.055791028
    2.617993878   -2.792526803   -9.725616898  -25.567837920    9.613350826
    2.792526803   -2.792526803  -15.069531857  -35.368708607   13.912126088
    2.967059728   -2.792526803  -21.877679928  -41.926694324   18.451172078

   -3.141592654   -2.617993878  -25.390466393  -38.823188064   22.500757499
   -2.967059728   -2.617993878  -31.800026015  -33.468594241   25.892930018
   -2.792526803   -2.617993878  -36.702415863  -21.850497420   27.970695890
   -2.617993878   -2.617993878  -39.229045918   -6.885495553   28.796964827
   -2.443460953   -2.617993878  -39.157212357    7.223810032   28.806036047
   -2.268928028   -2.617993878  -36.964306805   17.001048650   28.589145935
   -2.094395102   -2.617993878  -33.549243571   21.253600766   28.630118875
   -1.919862177   -2.617993878  -29.796299242   21.237246138   29.105506929
   -1.745329252   -2.617993878  -26.237193853   19.468126156   29.809070723
   -1.570796327   -2.617993878  -22.973012678   18.121425472   30.218944344
   -1.396263402   -2.617993878  -19.835238392   18.038185011   29.697469969
   -1.221730476   -2.617993878  -16.631195476   18.707670876   27.759886322
   -1.047197551   -2.617993878  -13.327504506   18.980884630   24.311633869
   -0.872664626   -2.617993878  -10.085213439   17.848261571   19.708971988
   -0.698131701   -2.617993878   -7.194397901   14.899141850   14.606613423
   -0.523598776   -2.617993878   -4.971693209   10.267989910    9.668849270
   -0.349065850   -2.617993878   -3.683926001    4.221220906    5.295134341
   -0.174532925   -2.617993878   -3.558148810   -2.971957839    1.517605638
    0.000000000   -2.617993878   -4.768833480  -11.018096251   -1.899947542
    0.174532925   -2.617993878   -7.398424644  -18.990540478   -5.216946305
    0.349065850   -2.617993878  -11.284894735  -25.061378511   -8.475494154
    0.523598776   -2.617993878  -15.885013461  -26.742612263  -11.387304897
    0.698131701   -2.617993878  -20.249717368  -22.181931411  -13.434433719
    0.872664626   -2.617993878  -23.263322487  -11.507710316  -14.133146726
    1.047197551   -2.617993878  -24.060226020    2.606105985  -13.295741502
    1.221730476   -2.617993878  -22.403167709   15.880670301  -11.173942191
    1.396263402   -2.617993878  -18.796062335   24.460979437   -8.344017363
    1.570796327   -2.617993878  -14.246367102   26.614197925   -5.446030936
    1.745329252   -2.617993878   -9.844279484   23.049852342   -2.915320947
    1.919862177   -2.617993878   -6.412780963   15.875558146   -0.840791856
    2.094395102   -2.617993878   -4.393549244    7.129365695    1.012220230
    2.268928028   -2.617993878   -3.953133219   -2.130709738    3.060583226
    2.443460953   -2.617993878   -5.157257273  -11.726126581    5.721385956
    2.617993878   -2.617993878   -8.063287699  -21.580130770    9.233821717
    2.792526803   -2.617993878  -12.652493501  -30.795886390   13.520817807
    2.967059728   -2.617993878  -18.653930440  -37.381605398   18.161984672

   -3.141592654   -2.443460953  -21.616550048  -34.816479357   20.419236353
   -2.967059728   -2.443460953  -27.417753515  -30.580858130   23.942635640
   -2.792526803   -2.443460953  -31.934502571  -20.324302398   26.246647980
   -2.617993878   -2.443460953  -34.303554323   -6.544148023   27.211269551
   -2.443460953   -2.443460953  -34.240909470    6.874258697   27.103172119
   -2.268928028   -2.443460953  -32.126971037   16.533642026   26.436473750
   -2.094395102   -2.443460953  -28.772598306   21.066419792   25.729105325
   -1.919862177   -2.443460953  -25.021082124   21.384812249   25.269319321
   -1.745329252   -2.443460953  -21.427475024   19.638196139   24.995371725
   -1.570796327   -2.443460953  -18.170708903   17.769113333   24.539561841
   -1.396263402   -2.443460953  -15.180222511   16.630494135   23.419304260
   -1.221730476   -2.443460953  -12.336184783   15.984582209   21.283583627
   -1.047197551   -2.443460953   -9.615548851   15.089893434   18.103242126
   -0.872664626   -2.443460953   -7.120197620   13.290310609   14.192936483
   -0.698131701   -2.443460953   -5.037978553   10.297089943   10.064160250
   -0.523598776   -2.443460953   -3.586014663    6.095599924    6.192061634
   -0.349065850   -2.443460953   -2.975857628    0.629898135    2.814468647
   -0.174532925   -2.443460953   -3.436491652   -6.141224063   -0.117504642
    0.000000000   -2.443460953   -5.184640609  -14.048309449   -2.848342730
    0.174532925   -2.443460953   -8.345169943  -22.049924560   -5.606503194
    0.349065850   -2.443460953  -12.761995044  -28.025815394   -8.424614143
    0.523598776   -2.443460953  -17.843490774  -29.202356405  -11.044428454
    0.698131701   -2.443460953  -22.555645211  -23.616995243  -13.013369774
    0.872664626   -2.443460953  -25.702278849  -11.553467323  -13.886836665
    1.047197551   -2.443460953  -26.383260025    3.948915169  -13.443113843
    1.221730476   -2.443460953  -24.395579040   18.238770596  -11.808178929
    1.396263402   -2.443460953  -20.330067915   27.253972309   -9.393373766
    1.570796327   -2.443460953  -15.294872147   29.310797233   -6.714209678
    1.745329252   -2.443460953  -10.453287639   25.367892401   -4.182696585
    1.919862177   -2.443460953   -6.649687442   17.850791959   -1.967525028
    2.094395102   -2.443460953   -4.295646318    9.051969863    0.031234756
    2.268928028   -2.443460953   -3.494989680    0.141267868    2.109181725
    2.443460953   -2.443460953   -4.245683502   -8.759603953    4.623283494
    2.617993878   -2.443460953   -6.561208667  -17.790400291    7.837726049
    2.792526803   -2.443460953  -10.427892251  -26.372650307   11.775022516
    2.967059728   -2.443460953  -15.636659652  -32.833026328   16.152602752

   -3.141592654   -2.268928028  -18.356082392  -30.957334569   16.676146706
   -2.967059728   -2.268928028  -23.555660962  -27.636544681   19.973325815
   -2.792526803   -2.268928028  -27.667920524  -18.668866588   22.248109285
   -2.617993878   -2.268928028  -29.863681777   -6.181629281   23.241636048
   -2.443460953   -2.268928028  -29.826940711    6.295810644   23.056936341
   -2.268928028   -2.268928028  -27.857617989   15.545067282   22.095838815
   -2.094395102   -2.268928028  -24.676735113   20.124262193   20.858698803
   -1.919862177   -2.268928028  -21.070171502   20.666388751   19.705326527
   -1.745329252   -2.268928028  -17.591951931   18.983261699   18.704428487
   -1.570796327   -2.268928028  -14.471268906   16.794039443   17.647018876
   -1.396263402   -2.268928028  -11.708038116   14.950948359   16.207711556
   -1.221730476   -2.268928028   -9.233186477   13.435298540   14.153168512
   -1.047197551   -2.268928028   -7.025599012   11.815248381   11.485727888
   -0.872664626   -2.268928028   -5.138450086    9.678322237    8.445408019
   -0.698131701   -2.268928028   -3.683967820    6.789612978    5.387739949
   -0.523598776   -2.268928028   -2.811936319    2.990542917    2.614094694
   -0.349065850   -2.268928028   -2.703877500   -2.026979333    0.238064253
   -0.174532925   -2.268928028   -3.601705739   -8.534993899   -1.833933023
    0.000000000   -2.268928028   -5.764231374  -16.439012824   -3.838124405
    0.174532925   -2.268928028   -9.354657147  -24.594471073   -5.989284050
    0.349065850   -2.268928028  -14.224795533  -30.631925326   -8.352223579
    0.523598776   -2.268928028  -19.743850018  -31.533437178  -10.742946733
    0.698131701   -2.268928028  -24.805371896  -25.208858451  -12.785249242
    0.872664626   -2.268928028  -28.136308023  -12.020781931  -14.038004677
    1.047197551   -2.268928028  -28.789438032    4.731310176  -14.174714474
    1.221730476   -2.268928028  -26.567563283   20.084029552  -13.129180473
    1.396263402   -2.268928028  -22.116641942   29.743246092  -11.120541920
    1.570796327   -2.268928028  -16.625524992   31.970793535   -8.562499315
    1.745329252   -2.268928028  -11.331447729   27.851192479   -5.896710054
    1.919862177   -2.268928028   -7.119598366   20.047037168   -3.427168020
    2.094395102   -2.268928028   -4.399030831   11.094330773   -1.227141324
    2.268928028   -2.268928028   -3.234251986    2.326772551    0.857337045
    2.443460953   -2.268928028   -3.566842332   -6.107377343    3.113869411
    2.617993878   -2.268928028   -5.362159054  -14.473490784    5.826733198
    2.792526803   -2.268928028   -8.593334729  -22.445665129    9.121999598
    2.967059728   -2.268928028  -13.087015824  -28.653735269   12.872967333

   -3.141592654   -2.094395102  -15.870271897  -27.665724127   11.585359237
   -2.967059728   -2.094395102  -20.544421844  -24.997284126   14.230873577
   -2.792526803   -2.094395102  -24.285599441  -17.110408463   16.147687572
   -2.617993878   -2.094395102  -26.316620692   -5.847138455   17.013612725
   -2.443460953   -2.094395102  -26.316138464    5.604204922   16.791669212
   -2.268928028   -2.094395102  -24.526272994   14.261725155   15.735568601
   -2.094395102   -2.094395102  -21.587199079   18.701068244   14.257290579
   -1.919862177   -2.094395102  -18.220403268   19.361877707   12.720737863
   -1.745329252   -2.094395102  -14.959178213   17.776335217   11.285602584
   -1.570796327   -2.094395102  -12.056194557   15.462061729    9.888128415
   -1.396263402   -2.094395102   -9.554904059   13.249648819    8.353946971
   -1.221730476   -2.094395102   -7.417797455   11.269936204    6.554279921
   -1.047197551   -2.094395102   -5.622138256    9.299484774    4.505331092
   -0.872664626   -2.094395102   -4.186485842    7.075485817    2.365599480
   -0.698131701   -2.094395102   -3.173693137    4.376783637    0.350060613
   -0.523598776   -2.094395102   -2.693569152    0.927971612   -1.377968423
   -0.349065850   -2.094395102   -2.915502660   -3.758230610   -2.786845032
   -0.174532925   -2.094395102   -4.099451308  -10.121371291   -3.986757750
    0.000000000   -2.094395102   -6.544316823  -18.123610889   -5.201805554
    0.174532925   -2.094395102  -10.451198763  -26.555253625   -6.655692631
    0.349065850   -2.094395102  -15.688470434  -32.851254394   -8.477677092
    0.523598776   -2.094395102  -21.601781990  -33.771274648  -10.584354814
    0.698131701   -2.094395102  -27.025776397  -27.045044731  -12.675781507
    0.872664626   -2.094395102  -30.608986553  -13.004037509  -14.292047290
    1.047197551   -2.094395102  -31.335633144    4.902454971  -14.972968572
    1.221730476   -2.094395102  -28.978985710   21.434081231  -14.449192254
    1.396263402   -2.094395102  -24.207316348   32.001560795  -12.763117206
    1.570796327   -2.094395102  -18.275065005   34.683969128  -10.258089791
    1.745329252   -2.094395102  -12.501197223   30.568514443   -7.430532499
    1.919862177   -2.094395102   -7.836577279   22.489439507   -4.726121407
    2.094395102   -2.094395102   -4.717798263   13.230194108   -2.382205832
    2.268928028   -2.094395102   -3.194420606    4.343085342   -0.378425439
    2.443460953   -2.094395102   -3.164311156   -3.919454264    1.497311710
    2.617993878   -2.094395102   -4.543008028  -11.862141283    3.526212871
    2.792526803   -2.094395102   -7.274298793  -19.338778656    5.912157441
    2.967059728   -2.094395102  -11.193946508  -25.241769933    8.674274964

   -3.141592654   -1.919862177  -14.352921665  -25.354091360    5.687078387
   -2.967059728   -1.919862177  -18.647688617  -23.034956823    7.341140850
   -2.792526803   -1.919862177  -22.105837416  -15.889169661    8.629767782
   -2.617993878   -1.919862177  -24.006631990   -5.593242150    9.238097388
   -2.443460953   -1.919862177  -24.045449898    4.929750039    9.015071542
   -2.268928028   -1.919862177  -22.435223898   12.937827068    8.037227825
   -2.094395102   -1.919862177  -19.756832701   17.096770358    6.562077836
   -1.919862177   -1.919862177  -16.672961203   17.755699225    4.888474216
   -1.745329252   -1.919862177  -13.684446004   16.256177871    3.220712532
   -1.570796327   -1.919862177  -11.043812632   13.957296366    1.620940217
   -1.396263402   -1.919862177   -8.812110516   11.651217038    0.062341895
   -1.221730476   -1.919862177   -6.965270384    9.546661739   -1.477669693
   -1.047197551   -1.919862177   -5.476258705    7.533149677   -2.961860286
   -0.872664626   -1.919862177   -4.341925297    5.420451020   -4.294575314
   -0.698131701   -1.919862177   -3.597537702    2.979473133   -5.368632558
   -0.523598776   -1.919862177   -3.333601243   -0.148097267   -6.121353487
   -0.349065850   -1.919862177   -3.718854081   -4.567535130   -6.575148836
   -0.174532925   -1.919862177   -5.033239186  -10.844685406   -6.850834403
    0.000000000   -1.919862177   -7.614553838  -19.003521343   -7.174186951
    0.174532925   -1.919862177  -11.705437537  -27.816689636   -7.801309872
    0.349065850   -1.919862177  -17.203617875  -34.572708423   -8.939868322
    0.523598776   -1.919862177  -23.449197738  -35.811492556  -10.607531324
    0.698131701   -1.919862177  -29.230336754  -29.016000639  -12.568805318
    0.872664626   -1.919862177  -33.113230544  -14.375711174  -14.340796145
    1.047197551   -1.919862177  -33.991105760    4.603148001  -15.347103461
    1.221730476   -1.919862177  -31.575192601   22.416279337  -15.155988545
    1.396263402   -1.919862177  -26.528991865   34.107289378  -13.679162167
    1.570796327   -1.919862177  -20.162773441   37.457787780  -11.216177149
    1.745329252   -1.919862177  -13.886527670   33.461418043   -8.309589857
    1.919862177   -1.919862177   -8.738761105   25.079535318   -5.509220912
    2.094395102   -1.919862177   -5.208684438   15.348201227   -3.171750770
    2.268928028   -1.919862177   -3.352005820    6.074190241   -1.383009534
    2.443460953   -1.919862177   -3.036316630   -2.333530235   -0.008612178
    2.617993878   -1.919862177   -4.130447398  -10.150220624    1.200757274
    2.792526803   -1.919862177   -6.538576986  -17.332662275    2.489141812
    2.967059728   -1.919862177  -10.082185662  -22.965832908    3.997410508

   -3.141592654   -1.745329252  -13.869352470  -24.248412287   -0.054681756
   -2.967059728   -1.745329252  -17.970255758  -21.966048910    0.518272427
   -2.792526803   -1.745329252  -21.266018448  -15.151852462    1.090336660
   -2.617993878   -1.745329252  -23.087315159   -5.454725533    1.388971792
   -2.443460953   -1.745329252  -23.164217376    4.352818186    1.169911776
   -2.268928028   -1.745329252  -21.712258635   11.731229341    0.328195829
   -2.094395102   -1.745329252  -19.283329484   15.488422745   -1.062210259
   -1.919862177   -1.745329252  -16.496918675   15.991586432   -2.807727873
   -1.745329252   -1.745329252  -13.817068374   14.502372477   -4.694067361
   -1.570796327   -1.745329252  -11.475917862   12.286287924   -6.551654257
   -1.396263402   -1.745329252   -9.526381829   10.094375358   -8.260003326
   -1.221730476   -1.745329252   -7.937979028    8.151059129   -9.719804193
   -1.047197551   -1.745329252   -6.673213111    6.373504691  -10.842401262
   -0.872664626   -1.745329252   -5.714911547    4.577224571  -11.555669843
   -0.698131701   -1.745329252   -5.086042250    2.505090525  -11.819566236
   -0.523598776   -1.745329252   -4.872864790   -0.260893543  -11.645622739
   -0.349065850   -1.745329252   -5.252357885   -4.406110284  -11.108450065
   -0.174532925   -1.745329252   -6.527939250  -10.602558788  -10.362944000
    0.000000000   -1.745329252   -9.079233044  -18.949644493   -9.669831382
    0.174532925   -1.745329252  -13.198111104  -28.238148136   -9.340991875
    0.349065850   -1.745329252  -18.825236945  -35.639985535   -9.658810161
    0.523598776   -1.745329252  -25.311066690  -37.462991190  -10.718543813
    0.698131701   -1.745329252  -31.406699877  -30.885176078  -12.326326108
    0.872664626   -1.745329252  -35.592470911  -15.871351624  -13.982353935
    1.047197551   -1.745329252  -36.654063940    4.077198567  -15.039067444
    1.221730476   -1.745329252  -34.218017980   23.194233609  -14.969223376
    1.396263402   -1.745329252  -28.925077039   36.104025529  -13.608832200
    1.570796327   -1.745329252  -22.135161842   40.216900392  -11.228348144
    1.745329252   -1.745329252  -15.354798320   36.375272510   -8.384995952
    1.919862177   -1.745329252   -9.723282970   27.640033714   -5.673684619
    2.094395102   -1.745329252   -5.798201974   17.294484467   -3.511782639
    2.268928028   -1.745329252   -3.656843212    7.406883271   -2.054936804
    2.443460953   -1.745329252   -3.149684596   -1.435261915   -1.239928286
    2.617993878   -1.745329252   -4.106249949   -9.429562968   -0.867468844
    2.792526803   -1.745329252   -6.387026409  -16.559432389   -0.684962412
    2.967059728   -1.745329252   -9.780473039  -22.013423830   -0.459468276

   -3.141592654   -1.570796327  -14.285407585  -24.254485644   -4.437908863
   -2.967059728   -1.570796327  -18.365535470  -21.743599825   -4.722410481
   -2.792526803   -1.570796327  -21.615433843  -14.895498935   -4.740211072
   -2.617993878   -1.570796327  -23.410150263   -5.456008959   -4.731323126
   -2.443460953   -1.570796327  -23.529081871    3.841394766   -5.013470805
   -2.268928028   -1.570796327  -22.219537454   10.610702176   -5.837628837
   -2.094395102   -1.570796327  -20.034760027   13.836738116   -7.285082413
   -1.919862177   -1.570796327  -17.569391642   14.001290274   -9.260190815
   -1.745329252   -1.570796327  -15.250172007   12.396901383  -11.549207349
   -1.570796327   -1.570796327  -13.271359316   10.272199724  -13.888352689
   -1.396263402   -1.570796327  -11.652070851    8.352331054  -16.009817143
   -1.221730476   -1.570796327  -10.332385241    6.834084256  -17.671445921
   -1.047197551   -1.570796327   -9.251895204    5.590841619  -18.692805454
   -0.872664626   -1.570796327   -8.379504056    4.379899380  -18.980532493
   -0.698131701   -1.570796327   -7.734369238    2.881033176  -18.528513348
   -0.523598776   -1.570796327   -7.410601773    0.613084008  -17.418267737
   -0.349065850   -1.570796327   -7.604589247   -3.182080134  -15.805886326
   -0.174532925   -1.570796327   -8.653261973   -9.277783805  -13.930640487
    0.000000000   -1.570796327  -10.988118188  -17.854434918  -12.133446299
    0.174532925   -1.570796327  -14.961731535  -27.726774555  -10.798920407
    0.349065850   -1.570796327  -20.569221105  -35.949200169  -10.262854072
    0.523598776   -1.570796327  -27.181429803  -38.573998500  -10.654459447
    0.698131701   -1.570796327  -33.516860735  -32.437795201  -11.787413958
    0.872664626   -1.570796327  -37.967434587  -17.241196419  -13.148412872
    1.047197551   -1.570796327  -39.203029511    3.546546708  -14.065080826
    1.221730476   -1.570796327  -36.754577658   23.896568480  -13.978754732
    1.396263402   -1.570796327  -31.231066679   37.994307348  -12.696169056
    1.570796327   -1.570796327  -24.037491654   42.852938419  -10.463636949
    1.745329252   -1.570796327  -16.776330179   39.141697244   -7.817988811
    1.919862177   -1.570796327  -10.690545585   30.004321915   -5.344279823
    2.094395102   -1.570796327   -6.411943119   18.953222348   -3.468231309
    2.268928028   -1.570796327   -4.048323943    8.300999253   -2.378392771
    2.443460953   -1.570796327   -3.444005952   -1.187811974   -2.063939394
    2.617993878   -1.570796327   -4.398019885   -9.604325962   -2.373238399
    2.792526803   -1.570796327   -6.727295311  -16.892458380   -3.061426207
    2.967059728   -1.570796327  -10.174051770  -22.259593400   -3.837117920

   -3.141592654   -1.396263402  -15.266823474  -24.975284333   -6.400320988
   -2.967059728   -1.396263402  -19.439304321  -22.089246532   -7.103477861
   -2.792526803   -1.396263402  -22.725506409  -15.008464094   -7.465127941
   -2.617993878   -1.396263402  -24.541926382   -5.651027165   -7.724594355
   -2.443460953   -1.396263402  -24.727551480    3.221989387   -8.240123271
   -2.268928028   -1.396263402  -23.580762532    9.344635812   -9.331956921
   -2.094395102   -1.396263402  -21.676817089   11.897155119  -11.157004105
   -1.919862177   -1.396263402  -19.598619175   11.541886328  -13.667609970
   -1.745329252   -1.396263402  -17.734707201    9.691259176  -16.637068677
   -1.570796327   -1.396263402  -16.225635536    7.652619051  -19.714279077
   -1.396263402   -1.396263402  -15.031316903    6.156134405  -22.488812769
   -1.221730476   -1.396263402  -14.036322317    5.347886475  -24.565082387
   -1.047197551   -1.396263402  -13.138759395    4.997108844  -25.645374381
   -0.872664626   -1.396263402  -12.287359221    4.732274943  -25.590821681
   -0.698131701   -1.396263402  -11.502398906    4.108764857  -24.423387095
   -0.523598776   -1.396263402  -10.899725480    2.545275844  -22.317938507
   -0.349065850   -1.396263402  -10.713620523   -0.806724157  -19.562790897
   -0.174532925   -1.396263402  -11.334288984   -6.817351435  -16.537836692
    0.000000000   -1.396263402  -13.262431738  -15.727637346  -13.698362550
    0.174532925   -1.396263402  -16.923977171  -26.340633561  -11.496559175
    0.349065850   -1.396263402  -22.374315244  -35.559059982  -10.278070008
    0.523598776   -1.396263402  -29.005426880  -39.151855342  -10.144925158
    0.698131701   -1.396263402  -35.500710226  -33.606071807  -10.873510013
    0.872664626   -1.396263402  -40.160921160  -18.364551185  -11.930718563
    1.047197551   -1.396263402  -41.539042770    3.129460090  -12.653390284
    1.221730476   -1.396263402  -39.069682280   24.583310032  -12.502864602
    1.396263402   -1.396263402  -33.328490598   39.754543381  -11.295401294
    1.570796327   -1.396263402  -25.761848462   45.273887295   -9.260015112
    1.745329252   -1.396263402  -18.062339015   41.642162854   -6.890005962
    1.919862177   -1.396263402  -11.571140278   32.077027662   -4.721507189
    2.094395102   -1.396263402   -6.991909719   20.295185932   -3.147383023
    2.268928028   -1.396263402   -4.465421142    8.824867258   -2.352022109
    2.443460953   -1.396263402   -3.836397524   -1.406549781   -2.346053321
    2.617993878   -1.396263402   -4.880215591  -10.372875773   -3.006736098
    2.792526803   -1.396263402   -7.372365709  -17.936289714   -4.105284309
    2.967059728   -1.396263402  -11.002421406  -23.268848073   -5.337680692

   -3.141592654   -1.221730476  -16.352375406  -25.879493762   -5.647513913
   -2.967059728   -1.221730476  -20.652214714  -22.654320137   -6.353894022
   -2.792526803   -1.221730476  -24.016902410  -15.385289643   -6.877136151
   -2.617993878   -1.221730476  -25.905725767   -6.164642107   -7.466447967
   -2.443460953   -1.221730476  -26.219347646    2.215569924   -8.458087454
   -2.268928028   -1.221730476  -25.310574785    7.598367035  -10.138796255
   -2.094395102   -1.221730476  -23.781502033    9.356404777  -12.644967099
   -1.919862177   -1.221730476  -22.206621846    8.355625878  -15.920166452
   -1.745329252   -1.221730476  -20.932750485    6.182219183  -19.711781954
   -1.570796327   -1.221730476  -20.032496825    4.265877616  -23.594975642
   -1.396263402   -1.221730476  -19.382951672    3.380377923  -27.034955970
   -1.221730476   -1.221730476  -18.786906409    3.611275774  -29.494214476
   -1.047197551   -1.221730476  -18.080390924    4.567310493  -30.563786562
   -0.872664626   -1.221730476  -17.184413857    5.665709575  -30.071068420
   -0.698131701   -1.221730476  -16.127358384    6.252372427  -28.095518005
   -0.523598776   -1.221730476  -15.066825023    5.584815514  -24.949367350
   -0.349065850   -1.221730476  -14.302719485    2.700608095  -21.103011986
   -0.174532925   -1.221730476  -14.306440617   -3.343856370  -17.108160392
    0.000000000   -1.221730476  -15.668159291  -12.792529503  -13.529103177
    0.174532925   -1.221730476  -18.895718744  -24.360871016  -10.841094409
    0.349065850   -1.221730476  -24.100777836  -34.741819708   -9.329834921
    0.523598776   -1.221730476  -30.685504301  -39.399298828   -8.998023926
    0.698131701   -1.221730476  -37.287553397  -34.493794028   -9.538063410
    0.872664626   -1.221730476  -42.112410290  -19.259579649  -10.390863964
    1.047197551   -1.221730476  -43.600451198    2.848476076  -10.934440328
    1.221730476   -1.221730476  -41.097840234   25.268869347  -10.702594868
    1.396263402   -1.221730476  -35.152268806   41.363765322   -9.566526917
    1.570796327   -1.221730476  -27.249789925   47.427917526   -7.755527427
    1.745329252   -1.221730476  -19.164308704   43.821296306   -5.707192736
    1.919862177   -1.221730476  -12.323842653   33.836965220   -3.875945798
    2.094395102   -1.221730476   -7.494713396   21.372691577   -2.580921931
    2.268928028   -1.221730476   -4.846487463    9.141399335   -1.961572548
    2.443460953   -1.221730476   -4.224957622   -1.789097547   -2.014394587
    2.617993878   -1.221730476   -5.385159709  -11.286171657   -2.626955969
    2.792526803   -1.221730476   -8.065186920  -19.125628610   -3.603099484
    2.967059728   -1.221730476  -11.905051209  -24.437068478   -4.689739378

   -3.141592654   -1.047197551  -17.111663639  -26.557584431   -2.870612155
   -2.967059728   -1.047197551  -21.519083161  -23.230169147   -3.400185036
   -2.792526803   -1.047197551  -24.987922391  -16.043176535   -4.093057189
   -2.617993878   -1.047197551  -27.019405409   -7.190419005   -5.169268934
   -2.443460953   -1.047197551  -27.564533126    0.549950360   -6.853735229
   -2.268928028   -1.047197551  -27.015843314    5.122408296   -9.301956671
   -2.094395102   -1.047197551  -25.992003976    6.055013459  -12.561438397
   -1.919862177   -1.047197551  -25.054710299    4.394464730  -16.543181417
   -1.745329252   -1.047197551  -24.505022216    1.920777354  -20.981189141
   -1.570796327   -1.047197551  -24.336981945    0.236211201  -25.407244589
   -1.396263402   -1.047197551  -24.325797744    0.197315811  -29.196016941
   -1.221730476   -1.047197551  -24.170398487    1.821739143  -31.702730252
   -1.047197551   -1.047197551  -23.628436935    4.496708187  -32.447639273
   -0.872664626   -1.047197551  -22.591208643    7.334078041  -31.273254770
   -0.698131701   -1.047197551  -21.110098266    9.376706169  -28.373957451
   -0.523598776   -1.047197551  -19.412716109    9.660974891  -24.245740704
   -0.349065850   -1.047197551  -17.898809184    7.110341306  -19.561325620
   -0.174532925   -1.047197551  -17.149870940    0.768506370  -15.021142327
    0.000000000   -1.047197551  -17.859780041   -9.514749668  -11.233432316
    0.174532925   -1.047197551  -20.615071948  -22.266398323   -8.606773259
    0.349065850   -1.047197551  -25.565630747  -33.909903232   -7.278456956
    0.523598776   -1.047197551  -32.100595794  -39.606240905   -7.087951521
    0.698131701   -1.047197551  -38.794663179  -35.251441206   -7.620850947
    0.872664626   -1.047197551  -43.754852996  -19.962108751   -8.315242856
    1.047197551   -1.047197551  -45.320438883    2.726508842   -8.646594615
    1.221730476   -1.047197551  -42.767531473   25.975596986   -8.291670229
    1.396263402   -1.047197551  -36.630041036   42.806756860   -7.230594321
    1.570796327   -1.047197551  -28.435280916   49.260916720   -5.708639904
    1.745329252   -1.047197551  -20.027190358   45.614654019   -4.085672527
    1.919862177   -1.047197551  -12.902702972   35.252559127   -2.687981024
    2.094395102   -1.047197551   -7.873746292   22.231864542   -1.710222390
    2.268928028   -1.047197551   -5.127220476    9.412958740   -1.205613536
    2.443460953   -1.047197551   -4.505037003   -2.033394664   -1.130884054
    2.617993878   -1.047197551   -5.743296105  -11.906983463   -1.383658977
    2.792526803   -1.047197551   -8.551145812  -19.935268823   -1.835286458
    2.967059728   -1.047197551  -12.534335954  -25.241919633   -2.357314300

   -3.141592654   -0.872664626  -17.312145559  -26.909414193    0.525655207
   -2.967059728   -0.872664626  -21.802577775  -23.860142115    0.060499043
   -2.792526803   -0.872664626  -25.419139137  -17.133304338   -0.980243296
   -2.617993878   -0.872664626  -27.693374439   -8.903309590   -2.708881997
   -2.443460953   -0.872664626  -28.599275440   -1.881267216   -5.151479492
   -2.268928028   -0.872664626  -28.540327214    1.942992922   -8.273102518
   -2.094395102   -0.872664626  -28.134220634    2.170869913  -12.018318655
   -1.919862177   -0.872664626  -27.925676890   -0.030866392  -16.290091359
   -1.745329252   -0.872664626  -28.171201277   -2.687620647  -20.853907094
   -1.570796327   -0.872664626  -28.782857936   -3.978999553  -25.248138736
   -1.396263402   -0.872664626  -29.422381297   -2.927002681  -28.806777740
   -1.221730476   -0.872664626  -29.670662496    0.405945153  -30.831463719
   -1.047197551   -0.872664626  -29.199967067    5.115444665  -30.834255798
   -0.872664626   -0.872664626  -27.880139530    9.908806216  -28.737195145
   -0.698131701   -0.872664626  -25.810708903   13.445340115  -24.905106333
   -0.523598776   -0.872664626  -23.323589670   14.511493023  -20.037494735
   -0.349065850   -0.872664626  -20.951688513   11.965081352  -14.978263160
   -0.174532925   -0.872664626  -19.405953907    4.943803957  -10.492801082
    0.000000000   -0.872664626  -19.482069874   -6.485194082   -7.118323385
    0.174532925   -0.872664626  -21.823745710  -20.562017021   -5.082704309
    0.349065850   -0.872664626  -26.585738178  -33.410987857   -4.293185741
    0.523598776   -0.872664626  -33.112487655  -39.939034667   -4.396784108
    0.698131701   -0.872664626  -39.898588782  -35.890143064   -4.897792911
    0.872664626   -0.872664626  -44.957767735  -20.392321575   -5.303697707
    1.047197551   -0.872664626  -46.552801919    2.850487387   -5.278773940
    1.221730476   -0.872664626  -43.922080772   26.727832752   -4.727734342
    1.396263402   -0.872664626  -37.609050309   44.014752378   -3.786055823
    1.570796327   -0.872664626  -29.184860200   50.627452434   -2.708136482
    1.745329252   -0.872664626  -20.546064285   46.851248745   -1.728087887
    1.919862177   -0.872664626  -13.230568391   36.186510315   -0.978045020
    2.094395102   -0.872664626   -8.069268677   22.816675501   -0.472261983
    2.268928028   -0.872664626   -5.248469611    9.691427850   -0.147272947
    2.443460953   -0.872664626   -4.598663024   -1.978066972    0.082956468
    2.617993878   -0.872664626   -5.840583604  -11.990505251    0.286530628
    2.792526803   -0.872664626   -8.670180860  -20.094475868    0.478565435
    2.967059728   -0.872664626  -12.686287577  -25.464370382    0.602692375

   -3.141592654   -0.698131701  -16.979085546  -27.125545791    3.020637491
   -2.967059728   -0.698131701  -21.564495767  -24.761025493    2.343973289
   -2.792526803   -0.698131701  -25.407175098  -18.824262165    0.767446896
   -2.617993878   -0.698131701  -28.043461288  -11.343246319   -1.642329795
   -2.443460953   -0.698131701  -29.431121742   -4.938362992   -4.672091214
   -2.268928028   -0.698131701  -29.950660863   -1.613366336   -8.099461524
   -2.094395102   -0.698131701  -30.203519932   -1.813186947  -11.803345805
   -1.919862177   -0.698131701  -30.720534281   -4.330927749  -15.731459584
   -1.745329252   -0.698131701  -31.724049881   -7.000876910  -19.735688761
   -1.570796327   -0.698131701  -33.050114008   -7.738390225  -23.415354848
   -1.396263402   -0.698131701  -34.244807964   -5.407505467  -26.121108692
   -1.221730476   -0.698131701  -34.767008003   -0.169083246  -27.164063449
   -1.047197551   -0.698131701  -34.207930127    6.707376606  -26.113651492
   -0.872664626   -0.698131701  -32.434724925   13.435402750  -23.023133986
   -0.698131701   -0.698131701  -29.627374649   18.243741446  -18.448872690
   -0.523598776   -0.698131701  -26.255986538   19.691138095  -13.265697602
   -0.349065850   -0.698131701  -23.009949376   16.673218618   -8.405555299
   -0.174532925   -0.698131701  -20.730702621    8.564062890   -4.577196636
    0.000000000   -0.698131701  -20.292055047   -4.224636617   -2.119245480
    0.174532925   -0.698131701  -22.354157536  -19.579579112   -0.979644959
    0.349065850   -0.698131701  -27.031918192  -33.352661630   -0.792141041
    0.523598776   -0.698131701  -33.592797642  -40.307682023   -1.036256071
    0.698131701   -0.698131701  -40.443514562  -36.201753482   -1.217320116
    0.872664626   -0.698131701  -45.526360801  -20.328085018   -1.029049460
    1.047197551   -0.698131701  -47.070192971    3.357786339   -0.434515582
    1.221730476   -0.698131701  -44.322201956   27.520177656    0.362395512
    1.396263402   -0.698131701  -37.864095966   44.837857636    1.060921791
    1.570796327   -0.698131701  -29.309022808   51.279585457    1.443548254
    1.745329252   -0.698131701  -20.578069691   47.256786704    1.474272212
    1.919862177   -0.698131701  -13.210016621   36.401196030    1.283648921
    2.094395102   -0.698131701   -8.019327054   22.961349744    1.077330553
    2.268928028   -0.698131701   -5.170496449    9.886134123    1.039591301
    2.443460953   -0.698131701   -4.476824262   -1.661663063    1.275833724
    2.617993878   -0.698131701   -5.652913068  -11.561565142    1.782024101
    2.792526803   -0.698131701   -8.404677215  -19.659601860    2.425660763
    2.967059728   -0.698131701  -12.358568340  -25.226955191    2.948786874

   -3.141592654   -0.523598776  -16.359100790  -27.523653417    3.750198718
   -2.967059728   -0.523598776  -21.097987164  -26.135151127    2.641053003
   -2.792526803   -0.523598776  -25.265502228  -21.138879389    0.507713366
   -2.617993878   -0.523598776  -28.369200960  -14.327418747   -2.389422902
   -2.443460953   -0.523598776  -30.310872778   -8.251867443   -5.634661841
   -2.268928028   -0.523598776  -31.420172773   -5.037381475   -8.883008664
   -2.094395102   -0.523598776  -32.276020227   -5.300871907  -12.008682058
   -1.919862177   -0.523598776  -33.407171073   -7.869007058  -15.044816678
   -1.745329252   -0.523598776  -35.019936221  -10.385202572  -17.956754725
   -1.570796327   -0.523598776  -36.888284233  -10.460494738  -20.435800395
   -1.396263402   -0.523598776  -38.449938148   -6.774289822  -21.895298197
   -1.221730476   -0.523598776  -39.048573892    0.391976437  -21.712224789
   -1.047197551   -0.523598776  -38.209035764    9.342075174  -19.563376189
   -0.872664626   -0.523598776  -35.820955795   17.737372269  -15.654217541
   -0.698131701   -0.523598776  -32.176656657   23.375828325  -10.708544373
   -0.523598776   -0.523598776  -27.909360099   24.662260871   -5.706663971
   -0.349065850   -0.523598776  -23.871074858   20.670064529   -1.562223764
   -0.174532925   -0.523598776  -21.013488207   11.160112112    1.186312906
    0.000000000   -0.523598776  -20.245139157   -3.007881835    2.489671718
    0.174532925   -0.523598776  -22.188831183  -19.352209531    2.725768555
    0.349065850   -0.523598776  -26.872170626  -33.544319046    2.522167453
    0.523598776   -0.523598776  -33.462074476  -40.375590605    2.496781541
    0.698131701   -0.523598776  -40.286941366  -35.820492253    3.035271117
    0.872664626   -0.523598776  -45.260506736  -19.490799661    4.143232946
    1.047197551   -0.523598776  -46.637615736    4.361629646    5.477690687
    1.221730476   -0.523598776  -43.729203259   28.284877222    6.513830132
    1.396263402   -0.523598776  -37.181492549   45.068950056    6.822353380
    1.570796327   -0.523598776  -28.637414980   50.940182862    6.290250252
    1.745329252   -0.523598776  -20.002232150   46.551438165    5.141680672
    1.919862177   -0.523598776  -12.766100127   35.652196171    3.804015952
    2.094395102   -0.523598776   -7.688088347   22.459842589    2.701975975
    2.268928028   -0.523598776   -4.891730853    9.804684006    2.113851291
    2.443460953   -0.523598776   -4.172933618   -1.299621132    2.127048697
    2.617993878   -0.523598776   -5.255554225  -10.887429073    2.636408417
    2.792526803   -0.523598776   -7.881793216  -18.955433709    3.361972061
    2.967059728   -0.523598776  -11.738212574  -24.882579587    3.883942408

   -3.141592654   -0.349065850  -15.769958964  -28.331771048    2.737386213
   -2.967059728   -0.349065850  -20.743050668  -28.001864079    1.173507846
   -2.792526803   -0.349065850  -25.317811284  -23.875148094   -1.312634484
   -2.617993878   -0.349065850  -28.943212798  -17.485710065   -4.324330555
   -2.443460953   -0.349065850  -31.438287821  -11.372035755   -7.350894212
   -2.268928028   -0.349065850  -33.069077253   -7.877415843  -10.027166073
   -2.094395102   -0.349065850  -34.396125289   -7.878204906  -12.276093233
   -1.919862177   -0.349065850  -35.961610203  -10.275125697  -14.214644577
   -1.745329252   -0.349065850  -37.974114619  -12.515391336  -15.894617914
   -1.570796327   -0.349065850  -40.161034293  -11.884754635  -17.084467364
   -1.396263402   -0.349065850  -41.864602924   -6.874126655  -17.276211340
   -1.221730476   -0.349065850  -42.328343274    2.086916254  -15.949205408
   -1.047197551   -0.349065850  -41.032311690   12.835313324  -12.916734121
   -0.872664626   -0.349065850  -37.915057383   22.464248709   -8.531987794
   -0.698131701   -0.349065850  -33.406124913   28.386727349   -3.634329110
   -0.523598776   -0.349065850  -28.312871793   28.962311239    0.774510226
   -0.349065850   -0.349065850  -23.638149676   23.587398585    3.892529371
   -0.174532925   -0.349065850  -20.407354341   12.537426406    5.420203746
    0.000000000   -0.349065850  -19.510086069   -2.818465995    5.621957989
    0.174532925   -0.349065850  -21.475914717  -19.666778063    5.179059122
    0.349065850   -0.349065850  -26.204443199  -33.638438344    4.917027158
    0.523598776   -0.349065850  -32.752678615  -39.756178577    5.463372473
    0.698131701   -0.349065850  -39.398035204  -34.423572689    7.006406943
    0.872664626   -0.349065850  -44.084455033  -17.696597748    9.191973812
    1.047197551   -0.349065850  -45.161147100    5.888839397   11.287901871
    1.221730476   -0.349065850  -42.055763881   28.929812025   12.494820480
    1.396263402   -0.349065850  -35.495550799   44.563960577   12.326670809
    1.570796327   -0.349065850  -27.129667213   49.469859148   10.831016399
    1.745329252   -0.349065850  -18.799969728   44.624873828    8.506740149
    1.919862177   -0.349065850  -11.897589493   33.845999849    6.050605665
    2.094395102   -0.349065850   -7.091638504   21.200338221    4.056482059
    2.268928028   -0.349065850   -4.452377050    9.275786253    2.847139993
    2.443460953   -0.349065850   -3.764549240   -1.152327004    2.458610308
    2.617993878   -0.349065850   -4.779605244  -10.317793317    2.681848761
    2.792526803   -0.349065850   -7.298807488  -18.379230219    3.129433197
    2.967059728   -0.349065850  -11.090222118  -24.792987746    3.303503655

   -3.141592654   -0.174532925  -15.461003377  -29.577699903    0.707554977
   -2.967059728   -0.174532925  -20.734564729  -30.169200038   -1.132808053
   -2.792526803   -0.174532925  -25.748986202  -26.667306963   -3.625653771
   -2.617993878   -0.174532925  -29.879541868  -20.394259974   -6.340810755
   -2.443460953   -0.174532925  -32.857867563  -13.944417004   -8.809132107
   -2.268928028   -0.174532925  -34.892385847   -9.927892898  -10.751424631
   -2.094395102   -0.174532925  -36.536915094   -9.494796464  -12.171280953
   -1.919862177   -0.174532925  -38.358485816  -11.607684696  -13.228052547
   -1.745329252   -0.174532925  -40.576859508  -13.504982197  -13.983377239
   -1.570796327   -0.174532925  -42.881200045  -12.155381370  -14.217218028
   -1.396263402   -0.174532925  -44.530142701   -5.893403049  -13.472073866
   -1.221730476   -0.174532925  -44.685766483    4.661334597  -11.333657414
   -1.047197551   -0.174532925  -42.808246550   16.856557116   -7.761344571
   -0.872664626   -0.174532925  -38.909878417   27.240507974   -3.245599631
   -0.698131701   -0.174532925  -33.573357415   32.922886477    1.303804786
   -0.523598776   -0.174532925  -27.777958181   32.341305106    4.926275358
   -0.349065850   -0.174532925  -22.652568587   25.339347288    6.984697156
   -0.174532925   -0.174532925  -19.252740070   12.791147689    7.430728083
    0.000000000   -0.174532925  -18.396951837   -3.411965993    6.804306916
    0.174532925   -0.174532925  -20.474659225  -20.199549491    6.014007931
    0.349065850   -0.174532925  -25.230717238  -33.317766285    5.991891244
    0.523598776   -0.174532925  -31.617611174  -38.217059105    7.298737166
    0.698131701   -0.174532925  -37.900443887  -31.909681643    9.887621172
    0.872664626   -0.174532925  -42.115674800  -14.971402724   13.063792713
    1.047197551   -0.174532925  -42.769842088    7.846036388   15.774302701
    1.221730476   -0.174532925  -39.447069675   29.377776571   17.044183894
    1.396263402   -0.174532925  -32.958386633   43.326990750   16.410176995
    1.570796327   -0.174532925  -24.928601740   46.967794839   14.101906665
    1.745329252   -0.174532925  -17.090984742   41.632010957   10.852528142
    1.919862177   -0.174532925  -10.697073635   31.125925001    7.547769912
    2.094395102   -0.174532925   -6.303385804   19.249997900    4.869361405
    2.268928028   -0.174532925   -3.924002825    8.248533387    3.130256636
    2.443460953   -0.174532925   -3.343309166   -1.397261473    2.297675891
    2.617993878   -0.174532925   -4.356776551  -10.125272281    2.081949460
    2.792526803   -0.174532925   -6.838172752  -18.223740591    2.050542620
    2.967059728   -0.174532925  -10.642374806  -25.165867964    1.720893745

   -3.141592654    0.000000000  -15.528671383  -31.106770191   -1.435896835
   -2.967059728    0.000000000  -21.128075322  -32.331178893   -3.285892513
   -2.792526803    0.000000000  -26.552934625  -29.133778767   -5.450083392
   -2.617993878    0.000000000  -31.108050589  -22.723022663   -7.564454262
   -2.443460953    0.000000000  -34.455435352  -15.810640509   -9.314150802
   -2.268928028    0.000000000  -36.768285917  -11.262974006  -10.583625976
   -2.094395102    0.000000000  -38.609008050  -10.438979617  -11.468239750
   -1.919862177    0.000000000  -40.572101602  -12.292774407  -12.115673394
   -1.745329252    0.000000000  -42.882186622  -13.827380923  -12.506993054
   -1.570796327    0.000000000  -45.184480203  -11.727434924  -12.344977600
   -1.396263402    0.000000000  -46.657937962   -4.242751395  -11.163727536
   -1.221730476    0.000000000  -46.399973097    7.748574465   -8.630895153
   -1.047197551    0.000000000  -43.876151743   21.082904750   -4.846645271
   -0.872664626    0.000000000  -39.195893880   31.808756512   -0.432083307
   -0.698131701    0.000000000  -33.105028409   36.835335521    3.655918574
   -0.523598776    0.000000000  -26.744557900   34.803213804    6.527466121
   -0.349065850    0.000000000  -21.338955111   26.096446758    7.724048561
   -0.174532925    0.000000000  -17.932095189   12.224074965    7.420773331
    0.000000000    0.000000000  -17.229335352   -4.431886476    6.360036446
    0.174532925    0.000000000  -19.448961339  -20.639770832    5.577012717
    0.349065850    0.000000000  -24.171016577  -32.402224991    6.012343546
    0.523598776    0.000000000  -30.260301306  -35.751195201    8.102649403
    0.698131701    0.000000000  -36.010607882  -28.425664295   11.570589197
    0.872664626    0.000000000  -39.604298217  -11.539349889   15.455534848
    1.047197551    0.000000000  -39.751458511   10.045778654   18.500258973
    1.221730476    0.000000000  -36.212877398   29.577594784   19.675846256
    1.396263402    0.000000000  -29.872999880   41.486113684   18.614431085
    1.570796327    0.000000000  -22.300789938   43.712444518   15.722752859
    1.745329252    0.000000000  -15.085934449   37.918124266   11.899574593
    1.919862177    0.000000000   -9.316070930   27.809220344    8.120264207
    2.094395102    0.000000000   -5.427330786   16.827502036    5.069215327
    2.268928028    0.000000000   -3.383489089    6.813225837    3.003717343
    2.443460953    0.000000000   -2.980990075   -2.060745938    1.819137277
    2.617993878    0.000000000   -4.070460767  -10.406046322    1.179097918
    2.792526803    0.000000000   -6.600768312  -18.578857821    0.663786552
    2.967059728    0.000000000  -10.504369304  -25.998693544   -0.124956123

   -3.141592654    0.174532925  -15.930029720  -32.693466495   -3.040252540
   -2.967059728    0.174532925  -21.836060963  -34.211423091   -4.674256437
   -2.792526803    0.174532925  -27.594023947  -31.013842377   -6.307170250
   -2.617993878    0.174532925  -32.455401933  -24.315022256   -7.696611201
   -2.443460953    0.174532925  -36.044913920  -16.991024515   -8.732470000
   -2.268928028    0.174532925  -38.532382126  -12.111214982   -9.491863916
   -2.094395102    0.174532925  -40.504763432  -11.124483033  -10.159174980
   -1.919862177    0.174532925  -42.578604837  -12.863508773  -10.836226672
   -1.745329252    0.174532925  -44.963681891  -14.052357277  -11.367281149
   -1.570796327    0.174532925  -47.241647160  -11.134955108  -11.315716362
   -1.396263402    0.174532925  -48.505370274   -2.375411492  -10.155631623
   -1.221730476    0.174532925  -47.798850454   10.995870631   -7.602459456
   -1.047197551    0.174532925  -44.616006965   25.271206369   -3.876246189
   -0.872664626    0.174532925  -39.184986635   36.050279778    0.288753434
   -0.698131701    0.174532925  -32.421370772   40.151467381    3.909504625
   -0.523598776    0.174532925  -25.614247707   36.536154008    6.182151585
   -0.349065850    0.174532925  -20.052978519   26.190685683    6.820068963
   -0.174532925    0.174532925  -16.734638342   11.252350402    6.176110842
    0.000000000    0.174532925  -16.223374832   -5.474129105    5.111941881
    0.174532925    0.174532925  -18.553272594  -20.701512726    4.686523934
    0.349065850    0.174532925  -23.146222603  -30.801960809    5.757207107
    0.523598776    0.174532925  -28.804988930  -32.485069264    8.591718309
    0.698131701    0.174532925  -33.890398130  -24.261591758   12.703005778
    0.872664626    0.174532925  -36.769266399   -7.744435013   16.951887132
    1.047197551    0.174532925  -36.380025419   12.221542434   19.997715393
    1.221730476    0.174532925  -32.659416104   29.438531068   20.869909524
    1.396263402    0.174532925  -26.543269606   39.155762965   19.356431277
    1.570796327    0.174532925  -19.514804474   39.981760688   16.031981950
    1.745329252    0.174532925  -12.996877414   33.836263853   11.901423208
    1.919862177    0.174532925   -7.905122380   24.234313018    7.949599193
    2.094395102    0.174532925   -4.560864994   14.196971430    4.799214443
    2.268928028    0.174532925   -2.890160174    5.142135514    2.621477298
    2.443460953    0.174532925   -2.713751218   -3.043381684    1.243385904
    2.617993878    0.174532925   -3.942981621  -11.092890865    0.309088998
    2.792526803    0.174532925   -6.596271788  -19.358560283   -0.555473519
    2.967059728    0.174532925  -10.665927677  -27.143494934   -1.636883229

   -3.141592654    0.349065850  -16.540247864  -34.142928631   -3.804092435
   -2.967059728    0.349065850  -22.702596660  -35.654851265   -5.094657807
   -2.792526803    0.349065850  -28.695190252  -32.225459606   -6.155407431
   -2.617993878    0.349065850  -33.738379767  -25.184232218   -6.868440119
   -2.443460953    0.349065850  -37.454542287  -17.602923791   -7.308387824
   -2.268928028    0.349065850  -40.042118617  -12.687850353   -7.716876821
   -2.094395102    0.349065850  -42.126630432  -11.848396330   -8.346292267
   -1.919862177    0.349065850  -44.337744778  -13.674855258   -9.246425852
   -1.745329252    0.349065850  -46.846000164  -14.563639765  -10.130150232
   -1.570796327    0.349065850  -49.144615775  -10.760340112  -10.429591080
   -1.396263402    0.349065850  -50.228976239   -0.645074668   -9.560161556
   -1.221730476    0.349065850  -49.096223043   14.105188685   -7.269788700
   -1.047197551    0.349065850  -45.286591034   29.210065090   -3.861538468
   -0.872664626    0.349065850  -39.162678970   39.876730071   -0.128207085
   -0.698131701    0.349065850  -31.810238123   42.937455052    2.977680767
   -0.523598776    0.349065850  -24.648926125   37.770998654    4.772715799
   -0.349065850    0.349065850  -19.003607524   25.989711106    5.136590609
   -0.174532925    0.349065850  -15.797966661   10.312176551    4.548252018
    0.000000000    0.349065850  -15.441528026   -6.130763199    3.902787376
    0.174532925    0.349065850  -17.788676422  -20.104622706    4.183567888
    0.349065850    0.349065850  -22.125154119  -28.434392950    6.079389242
    0.523598776    0.349065850  -27.224860030  -28.548781457    9.646407114
    0.698131701    0.349065850  -31.550917563  -19.708480597   14.201755133
    0.872664626    0.349065850  -33.679361432   -3.937726460   18.498619582
    1.047197551    0.349065850  -32.782469596   14.075459619   21.214445252
    1.221730476    0.349065850  -28.954536593   28.799032970   21.528770625
    1.396263402    0.349065850  -23.150882306   36.337009895   19.438384370
    1.570796327    0.349065850  -16.739623451   35.912135361   15.687503306
    1.745329252    0.349065850  -10.961500386   29.597491912   11.352673196
    1.919862177    0.349065850   -6.563032374   20.626950890    7.379864153
    2.094395102    0.349065850   -3.765095341   11.560851972    4.292349132
    2.268928028    0.349065850   -2.472588649    3.406545764    2.159759350
    2.443460953    0.349065850   -2.542067955   -4.190029676    0.746023306
    2.617993878    0.349065850   -3.947552312  -12.025103222   -0.309184664
    2.792526803    0.349065850   -6.768143361  -20.381199102   -1.327419898
    2.967059728    0.349065850  -11.037029985  -28.401047595   -2.494550126

   -3.141592654    0.523598776  -17.208739857  -35.323123537   -3.735904400
   -2.967059728    0.523598776  -23.562249249  -36.627034049   -4.634338738
   -2.792526803    0.523598776  -29.694097497  -32.835759337   -5.186071648
   -2.617993878    0.523598776  -34.812999434  -25.465625078   -5.369036522
   -2.443460953    0.523598776  -38.565864386  -17.794637515   -5.376235576
   -2.268928028    0.523598776  -41.202551852  -13.108233798   -5.540774524
   -2.094395102    0.523598776  -43.395503992  -12.677451739   -6.139663533
   -1.919862177    0.523598776  -45.779123901  -14.766053452   -7.180294030
   -1.745329252    0.523598776  -48.466461868  -15.419067978   -8.305198352
   -1.570796327    0.523598776  -50.845969806  -10.727426909   -8.901799178
   -1.396263402    0.523598776  -51.810629441    0.735987787   -8.398261619
   -1.221730476    0.523598776  -50.317483555   16.797804712   -6.592446487
   -1.047197551    0.523598776  -45.963179300   32.620801885   -3.817650754
   -0.872664626    0.523598776  -39.246485148   43.098108494   -0.820106667
   -0.698131701    0.523598776  -31.408990877   45.165130230    1.589534092
   -0.523598776    0.523598776  -23.974374916   38.668353476    2.916372504
   -0.349065850    0.523598776  -18.273952159   25.812413940    3.206848734
   -0.174532925    0.523598776  -15.141052989    9.804632815    3.006148018
    0.000000000    0.523598776  -14.832706230   -6.016935534    3.149985318
    0.174532925    0.523598776  -17.045287254  -18.574043230    4.449394939
    0.349065850    0.523598776  -20.964593378  -25.198657265    7.349607403
    0.523598776    0.523598776  -25.375932170  -24.032724075   11.660044133
    0.698131701    0.523598776  -28.878098043  -15.008190531   16.513218194
    0.872664626    0.523598776  -30.270277271   -0.430856980   20.609822460
    1.047197551    0.523598776  -28.948303506   15.315945319   22.724328383
    1.221730476    0.523598776  -25.131614965   27.455512369   22.252873234
    1.396263402    0.523598776  -19.754868806   32.939136318   19.439013864
    1.570796327    0.523598776  -14.041052756   31.511953520   15.198919172
    1.745329252    0.523598776   -9.038019401   25.274143653   10.660615481
    1.919862177    0.523598776   -5.332312805   17.090211587    6.706350368
    2.094395102    0.523598776   -3.063335828    9.034788073    3.744333201
    2.268928028    0.523598776   -2.132892607    1.735265098    1.741251757
    2.443460953    0.523598776   -2.443674596   -5.347400632    0.406948012
    2.617993878    0.523598776   -4.032397643  -13.017751539   -0.614856992
    2.792526803    0.523598776   -7.030195768  -21.440769080   -1.599909834
    2.967059728    0.523598776  -11.496044297  -29.579229937   -2.662960044

   -3.141592654    0.698131701  -17.808237884  -36.155765424   -3.057570158
   -2.967059728    0.698131701  -24.283344719  -37.158339108   -3.552851477
   -2.792526803    0.698131701  -30.473780210  -32.976921513   -3.687235893
   -2.617993878    0.698131701  -35.590349337  -25.335427198   -3.501738851
   -2.443460953    0.698131701  -39.318310881  -17.699955097   -3.230834267
   -2.268928028    0.698131701  -41.967073771  -13.389435511   -3.209494821
   -2.094395102    0.698131701  -44.255420272  -13.489350870   -3.682498391
   -1.919862177    0.698131701  -46.816211178  -15.922579958   -4.626925192
   -1.745329252    0.698131701  -49.700271297  -16.414418340   -5.702135560
   -1.570796327    0.698131701  -52.194618634  -10.956097650   -6.380718222
   -1.396263402    0.698131701  -53.101643386    1.654823777   -6.215636599
   -1.221730476    0.698131701  -51.350030567   18.783495528   -5.090010569
   -1.047197551    0.698131701  -46.592541560   35.135246854   -3.302358463
   -0.872664626    0.698131701  -39.444271743   45.405588501   -1.416653811
   -0.698131701    0.698131701  -31.265736239   46.695690939    0.037566302
   -0.523598776    0.698131701  -23.644670597   39.297673156    0.833098644
   -0.349065850    0.698131701  -17.890119513   25.898110762    1.175811221
   -0.174532925    0.698131701  -14.739658188   10.050827643    1.604539500
    0.000000000    0.698131701  -14.316803253   -4.830034603    2.796880272
    0.174532925    0.698131701  -16.197982759  -15.907699122    5.302753761
    0.349065850    0.698131701  -19.516735020  -21.039945349    9.269633904
    0.523598776    0.698131701  -23.114244830  -19.032100031   14.250413756
    0.698131701    0.698131701  -25.754858049  -10.363488331   19.225808534
    0.872664626    0.698131701  -26.464821696    2.536480965   22.907497871
    1.047197551    0.698131701  -24.840353164   15.732977629   24.237636500
    1.221730476    0.698131701  -21.184109734   25.269938293   22.871327476
    1.396263402    0.698131701  -16.365821027   28.901709449   19.305179343
    1.570796327    0.698131701  -11.434852768   26.777678833   14.602998274
    1.745329252    0.698131701   -7.239857035   20.892682578    9.909283058
    1.919862177    0.698131701   -4.220488116   13.663730552    6.019253001
    2.094395102    0.698131701   -2.455280658    6.670102937    3.221711798
    2.268928028    0.698131701   -1.860099905    0.201943695    1.392114150
    2.443460953    0.698131701   -2.391815032   -6.406196755    0.204186948
    2.617993878    0.698131701   -4.148151795  -13.921848020   -0.681728447
    2.792526803    0.698131701   -7.304732360  -22.366368187   -1.499229541
    2.967059728    0.698131701  -11.936422512  -30.527563522   -2.319015286

   -3.141592654    0.872664626  -18.265177540  -36.602143006   -2.234298127
   -2.967059728    0.872664626  -24.792450594  -37.291347201   -2.353197240
   -2.792526803    0.872664626  -30.975450442  -32.769143632   -2.151392814
   -2.617993878    0.872664626  -36.036018162  -24.940966112   -1.710477217
   -2.443460953    0.872664626  -39.699687352  -17.411635578   -1.250685845
   -2.268928028    0.872664626  -42.329171816  -13.494233852   -1.040352189
   -2.094395102    0.872664626  -44.679677136  -14.091828856   -1.248326760
   -1.919862177    0.872664626  -47.378356775  -16.847989660   -1.836196037
   -1.745329252    0.872664626  -50.424048701  -17.264313426   -2.561477928
   -1.570796327    0.872664626  -53.027982748  -11.301704187   -3.099833050
   -1.396263402    0.872664626  -53.932730243    2.037914279   -3.225549420
   -1.221730476    0.872664626  -52.055810435   19.789681263   -2.929507432
   -1.047197551    0.872664626  -47.094081477   36.391127003   -2.408507672
   -0.872664626    0.872664626  -39.736048095   46.489790906   -1.923613881
   -0.698131701    0.872664626  -31.401727683   47.377857955   -1.614015671
   -0.523598776    0.872664626  -23.691349161   39.688269207   -1.391432274
   -0.349065850    0.872664626  -17.866196685   26.403728626   -0.920501514
   -0.174532925    0.872664626  -14.576064839   11.242007188    0.254466433
    0.000000000    0.872664626  -13.846451100   -2.435278510    2.567508514
    0.174532925    0.872664626  -15.185304345  -12.085183622    6.246076855
    0.349065850    0.872664626  -17.727883190  -16.065014610   11.123148284
    0.523598776    0.872664626  -20.413764844  -13.747571150   16.527097626
    0.698131701    0.872664626  -22.193578273   -6.000697084   21.358494368
    0.872664626    0.872664626  -22.311562342    4.789414032   24.425073391
    1.047197551    0.872664626  -20.529243797   15.252811204   24.902213875
    1.221730476    0.872664626  -17.185794806   22.275759671   22.716431642
    1.396263402    0.872664626  -13.044724497   24.329537890   18.576829698
    1.570796327    0.872664626   -8.961355315   21.832280480   13.626374317
    1.745329252    0.872664626   -5.587434437   16.553781400    8.962065265
    1.919862177    0.872664626   -3.233553803   10.412253424    5.260197618
    2.094395102    0.872664626   -1.938141210    4.506195134    2.691491567
    2.268928028    0.872664626   -1.645224369   -1.157424923    1.061887097
    2.443460953    0.872664626   -2.369933598   -7.312922736    0.034799536
    2.617993878    0.872664626   -4.266504873  -14.655755730   -0.694147885
    2.792526803    0.872664626   -7.547255380  -23.057577345   -1.309721209
    2.967059728    0.872664626  -12.296464334  -31.156374593   -1.848552214

   -3.141592654    1.047197551  -18.613002162  -36.719096623   -1.905601382
   -2.967059728    1.047197551  -25.134587321  -37.101652591   -1.750865597
   -2.792526803    1.047197551  -31.258588882  -32.299044978   -1.294781132
   -2.617993878    1.047197551  -36.223507458  -24.349628779   -0.643429519
   -2.443460953    1.047197551  -39.790266783  -16.931804207    0.018722639
   -2.268928028    1.047197551  -42.360684468  -13.319338015    0.510250305
   -2.094395102    1.047197551  -44.712170048  -14.271358449    0.741126871
   -1.919862177    1.047197551  -47.465643586  -17.265994549    0.737625875
   -1.745329252    1.047197551  -50.590470018  -17.718221452    0.587715400
   -1.570796327    1.047197551  -53.264017802  -11.629041587    0.350223609
   -1.396263402    1.047197551  -54.211846593    1.863342302   -0.005340572
   -1.221730476    1.047197551  -52.358641123   19.667392513   -0.565033428
   -1.047197551    1.047197551  -47.422731371   36.197579317   -1.371386637
   -0.872664626    1.047197551  -40.106919669   46.208134057   -2.323683426
   -0.698131701    1.047197551  -31.818848030   47.165744347   -3.143842991
   -0.523598776    1.047197551  -24.116562916   39.874788159   -3.444404325
   -0.349065850    1.047197551  -18.195406903   27.384397342   -2.814937692
   -0.174532925    1.047197551  -14.637490620   13.380508458   -0.942977091
    0.000000000    1.047197551  -13.417277732    1.061728193    2.319127415
    0.174532925    1.047197551  -14.032190763   -7.335953368    6.866917883
    0.349065850    1.047197551  -15.671907427  -10.595915999   12.252722701
    0.523598776    1.047197551  -17.407528445   -8.519018116   17.656302724
    0.698131701    1.047197551  -18.381205299   -2.181471419   22.001486838
    0.872664626    1.047197551  -18.030096700    6.226254442   24.285893219
    1.047197551    1.047197551  -16.235794334   13.961813685   23.964647947
    1.221730476    1.047197551  -13.328216607   18.709829569   21.210589171
    1.396263402    1.047197551   -9.934585442   19.526834928   16.859017862
    1.570796327    1.047197551   -6.711179366   16.958776461   12.028326463
    1.745329252    1.047197551   -4.128240859   12.463060465    7.686734914
    1.919862177    1.047197551   -2.391126978    7.450645171    4.357860350
    2.094395102    1.047197551   -1.518265041    2.584910342    2.101244102
    2.268928028    1.047197551   -1.491727055   -2.346790514    0.678939002
    2.443460953    1.047197551   -2.384406661   -8.094168872   -0.230839341
    2.617993878    1.047197551   -4.399296014  -15.253711232   -0.880176445
    2.792526803    1.047197551   -7.775804146  -23.551826359   -1.392509537
    2.967059728    1.047197551  -12.601091566  -31.508891804   -1.761001395

   -3.141592654    1.221730476  -19.001945703  -36.692491784   -2.814789730
   -2.967059728    1.221730476  -25.488604665  -36.726418753   -2.618535403
   -2.792526803    1.221730476  -31.519998272  -31.631992799   -2.040566138
   -2.617993878    1.221730476  -36.353732139  -23.542242201   -1.190202362
   -2.443460953    1.221730476  -39.780127734  -16.156507066   -0.223608779
   -2.268928028    1.221730476  -42.227029358  -12.689881195    0.733179784
   -2.094395102    1.221730476  -44.483690256  -13.812251227    1.623581399
   -1.919862177    1.221730476  -47.170645275  -16.961638049    2.417801870
   -1.745329252    1.221730476  -50.257558754  -17.600409460    3.023087120
   -1.570796327    1.221730476  -52.934955421  -11.818210549    3.235968354
   -1.396263402    1.221730476  -53.954212767    1.211158226    2.801840626
   -1.221730476    1.221730476  -52.260598598   18.494067071    1.579833909
   -1.047197551    1.221730476  -47.564854297   34.660687767   -0.300031910
   -0.872664626    1.221730476  -40.521962523   44.694168041   -2.401064599
   -0.698131701    1.221730476  -32.459018888   46.183388788   -4.096839327
   -0.523598776    1.221730476  -24.845692594   39.911796723   -4.780233750
   -0.349065850    1.221730476  -18.803544311   28.773179969   -4.027569872
   -0.174532925    1.221730476  -14.874262476   16.250153580   -1.689240255
    0.000000000    1.221730476  -13.030285747    5.299959639    2.117841669
    0.174532925    1.221730476  -12.812610310   -2.125863629    7.012052663
    0.349065850    1.221730476  -13.507913283   -5.127568356   12.346103265
    0.523598776    1.221730476  -14.336255052   -3.767681222   17.251524861
    0.698131701    1.221730476  -14.618014175    0.847796171   20.779271973
    0.872664626    1.221730476  -13.943363590    6.838275825   22.188976852
    1.047197551    1.221730476  -12.263678070   12.081938932   21.225818519
    1.221730476    1.221730476   -9.861420236   14.946846376   18.249871265
    1.396263402    1.221730476   -7.214911307   14.909106110   14.113833840
    1.570796327    1.221730476   -4.795298593   12.513872082    9.803119664
    1.745329252    1.221730476   -2.920411573    8.864852104    6.084248604
    1.919862177    1.221730476   -1.719248449    4.904596456    3.304325512
    2.094395102    1.221730476   -1.208662312    0.934293133    1.422730682
    2.268928028    1.221730476   -1.414497921   -3.412257281    0.177847042
    2.443460953    1.221730476   -2.463448822   -8.855037434   -0.724144602
    2.617993878    1.221730476   -4.597493242  -15.869658382   -1.477899357
    2.792526803    1.221730476   -8.071537383  -24.039344116   -2.135898367
    2.967059728    1.221730476  -12.966151397  -31.788508281   -2.624004590

   -3.141592654    1.396263402  -19.689640241  -36.850403624   -5.354304420
   -2.967059728    1.396263402  -26.161673422  -36.395637967   -5.440971652
   -2.792526803    1.396263402  -32.095122646  -30.858103340   -4.932126938
   -2.617993878    1.396263402  -36.765129754  -22.466271236   -3.916201818
   -2.443460953    1.396263402  -39.988497413  -14.926741867   -2.546125063
   -2.268928028    1.396263402  -42.214573158  -11.398762412   -0.953677691
   -2.094395102    1.396263402  -44.244452117  -12.514911957    0.771122599
   -1.919862177    1.396263402  -46.711703081  -15.770587058    2.504870619
   -1.745329252    1.396263402  -49.617312828  -16.767591553    3.987803410
   -1.570796327    1.396263402  -52.206176666  -11.697272135    4.814546775
   -1.396263402    1.396263402  -53.288406582    0.339185387    4.581097080
   -1.221730476    1.396263402  -51.835613330   16.637663271    3.131736046
   -1.047197551    1.396263402  -47.522787227   32.221510225    0.736342433
   -0.872664626    1.396263402  -40.906666200   42.367718448   -1.939122493
   -0.698131701    1.396263402  -33.184633344   44.716444297   -4.062460511
   -0.523598776    1.396263402  -25.709610375   39.864185772   -4.924129780
   -0.349065850    1.396263402  -19.531808374   30.386926411   -4.137488411
   -0.174532925    1.396263402  -15.179269893   19.450835525   -1.688661833
    0.000000000    1.396263402  -12.662157706    9.733640134    2.123730786
    0.174532925    1.396263402  -11.604501255    2.946799614    6.750516080
    0.349065850    1.396263402  -11.415250994   -0.206898348   11.457733717
    0.523598776    1.396263402  -11.462821928    0.112298627   15.430256492
    0.698131701    1.396263402  -11.216595979    2.919939496   17.920038461
    0.872664626    1.396263402  -10.371138547    6.706951947   18.473147980
    1.047197551    1.396263402   -8.899492047    9.899864703   17.088875270
    1.221730476    1.396263402   -7.010904241   11.381895165   14.232972958
    1.396263402    1.396263402   -5.040844523   10.872042154   10.674619243
    1.570796327    1.396263402   -3.305998213    8.813162181    7.186923370
    1.745329252    1.396263402   -2.010980792    5.960287860    4.294942162
    1.919862177    1.396263402   -1.239822797    2.863630960    2.165982145
    2.094395102    1.396263402   -1.024092051   -0.450694968    0.673292938
    2.268928028    1.396263402   -1.436553115   -4.442714709   -0.458661883
    2.443460953    1.396263402   -2.652887449   -9.768965351   -1.498665608
    2.617993878    1.396263402   -4.944722448  -16.762781820   -2.593743408
    2.792526803    1.396263402   -8.569865899  -24.850857636   -3.724451184
    2.967059728    1.396263402  -13.588153253  -32.356176625   -4.722315846

   -3.141592654    1.570796327  -20.955183776  -37.558844408   -9.343286814
   -2.967059728    1.570796327  -27.488885874  -36.374935044  -10.003927847
   -2.792526803    1.570796327  -33.353257713  -30.100703880   -9.750340598
   -2.617993878    1.570796327  -37.836197542  -21.109357068   -8.640456247
   -2.443460953    1.570796327  -40.783409695  -13.146177936   -6.858657710
   -2.268928028    1.570796327  -42.672257278   -9.334495216   -4.603006547
   -2.094395102    1.570796327  -44.326354486  -10.299539655   -2.047144649
   -1.919862177    1.570796327  -46.409546109  -13.638357519    0.588506904
   -1.745329252    1.570796327  -48.978808864  -15.126444955    2.935556097
   -1.570796327    1.570796327  -51.360389603  -11.042374993    4.486510854
   -1.396263402    1.570796327  -52.441451662   -0.332387588    4.778516729
   -1.221730476    1.570796327  -51.220299501   14.704493477    3.664733822
   -1.047197551    1.570796327  -47.317912434   29.570675754    1.480279057
   -0.872664626    1.570796327  -41.165971474   39.843660999   -1.035150109
   -0.698131701    1.570796327  -33.811426084   43.150233671   -3.020181376
   -0.523598776    1.570796327  -26.483801803   39.800281763   -3.792689247
   -0.349065850    1.570796327  -20.171770198   31.980539714   -3.041117007
   -0.174532925    1.570796327  -15.408809943   22.503421004   -0.833501772
    0.000000000    1.570796327  -12.264627928   13.769975999    2.464742586
    0.174532925    1.570796327  -10.463669465    7.302220208    6.274439363
    0.349065850    1.570796327   -9.541518239    3.709366862    9.898451813
    0.523598776    1.570796327   -8.997957232    2.862746734   12.659736096
    0.698131701    1.570796327   -8.413105842    4.000734032   14.041107505
    0.872664626    1.570796327   -7.537687692    5.991538092   13.847810055
    1.047197551    1.570796327   -6.327970102    7.695314254   12.261455980
    1.221730476    1.570796327   -4.908827182    8.323833312    9.771628775
    1.396263402    1.570796327   -3.493817470    7.679776911    6.997952845
    1.570796327    1.570796327   -2.285642715    6.037959590    4.470283300
    1.745329252    1.570796327   -1.418368614    3.844208172    2.472580068
    1.919862177    1.570796327   -0.961361261    1.349148012    1.007305855
    2.094395102    1.570796327   -0.974882213   -1.611753322   -0.126955446
    2.268928028    1.570796327   -1.581071744   -5.545554226   -1.221508891
    2.443460953    1.570796327   -3.001356229  -11.023034253   -2.533986000
    2.617993878    1.570796327   -5.530095900  -18.210651763   -4.179948534
    2.792526803    1.570796327   -9.415679234  -26.344191867   -6.071120602
    2.967059728    1.570796327  -14.678575068  -33.607854773   -7.921630208

   -3.141592654    1.745329252  -22.985728625  -39.054875746  -13.942439373
   -2.967059728    1.745329252  -29.694145897  -36.843918834  -15.286747265
   -2.792526803    1.745329252  -35.543382198  -29.468457157  -15.374463036
   -2.617993878    1.745329252  -39.830033035  -19.531122274  -14.252351519
   -2.443460953    1.745329252  -42.437505979  -10.873478223  -12.173569047
   -2.268928028    1.745329252  -43.886374386   -6.600462847   -9.438551886
   -2.094395102    1.745329252  -45.038643922   -7.322560557   -6.311257895
   -1.919862177    1.745329252  -46.602085400  -10.723358045   -3.064021540
   -1.745329252    1.745329252  -48.700552000  -12.735085771   -0.076469450
   -1.570796327    1.745329252  -50.749215778   -9.700445598    2.160770810
   -1.396263402    1.745329252  -51.714870013   -0.379493555    3.212811464
   -1.221730476    1.745329252  -50.620341791   13.353868348    2.946314698
   -1.047197551    1.745329252  -47.029399440   27.470052902    1.666291556
   -0.872664626    1.745329252  -41.250308579   37.804838584    0.020829177
   -0.698131701    1.745329252  -34.189667117   41.927072559   -1.270019984
   -0.523598776    1.745329252  -26.968956678   39.840220234   -1.668936875
   -0.349065850    1.745329252  -20.530897393   33.366413622   -0.965703260
   -0.174532925    1.745329252  -15.423605900   25.004812614    0.747624296
    0.000000000    1.745329252  -11.777983076   16.923724259    3.150903966
    0.174532925    1.745329252   -9.412470681   10.505362324    5.764612865
    0.349065850    1.745329252   -7.973060750    6.334673830    8.035821948
    0.523598776    1.745329252   -7.061467555    4.387293690    9.480526325
    0.698131701    1.745329252   -6.328564613    4.163818765    9.802552846
    0.872664626    1.745329252   -5.540920614    4.867819448    9.005914619
    1.047197551    1.745329252   -4.613349438    5.666142371    7.373434845
    1.221730476    1.745329252   -3.587888813    5.929999314    5.358760683
    1.396263402    1.745329252   -2.584811921    5.423676809    3.411368661
    1.570796327    1.745329252   -1.734713229    4.220822339    1.831529290
    1.745329252    1.745329252   -1.141021286    2.511429858    0.690587668
    1.919862177    1.745329252   -0.885283734    0.333922038   -0.151461688
    2.094395102    1.745329252   -1.068909766   -2.596779170   -0.965411155
    2.268928028    1.745329252   -1.866770332   -6.799862119   -2.065810090
    2.443460953    1.745329252   -3.545271139  -12.743606862   -3.711681657
    2.617993878    1.745329252   -6.417007051  -20.396881842   -5.996682599
    2.792526803    1.745329252  -10.709067487  -28.753197616   -8.764655173
    2.967059728    1.745329252  -16.380823075  -35.799836932  -11.600645310

   -3.141592654    1.919862177  -25.783786824  -41.321807711  -17.907537409
   -2.967059728    1.919862177  -32.777843043  -37.798799752  -19.796662919
   -2.792526803    1.919862177  -38.668131283  -28.996331151  -20.160882369
   -2.617993878    1.919862177  -42.761176720  -17.838622564  -19.073176467
   -2.443460953    1.919862177  -44.992513163   -8.316625521  -16.878712477
   -2.268928028    1.919862177  -45.944418212   -3.511141337  -13.980457674
   -2.094395102    1.919862177  -46.530709184   -3.968694177  -10.700312232
   -1.919862177    1.919862177  -47.506147458   -7.395908052   -7.292775226
   -1.745329252    1.919862177  -49.054350722   -9.832996563   -4.048510925
   -1.570796327    1.919862177  -50.666776373   -7.673612415   -1.336377947
   -1.396263402    1.919862177  -51.378534256    0.478297641    0.505363717
   -1.221730476    1.919862177  -50.234747468   13.101553496    1.354731136
   -1.047197551    1.919862177  -46.754676617   26.541295452    1.406437338
   -0.872664626    1.919862177  -41.151215292   36.817450115    1.088821426
   -0.698131701    1.919862177  -34.227017417   41.423817504    0.857549399
   -0.523598776    1.919862177  -27.028498436   40.111105737    1.025926944
   -0.349065850    1.919862177  -20.471487825   34.440063666    1.690586847
   -0.174532925    1.919862177  -15.118908465   26.698243258    2.778754723
    0.000000000    1.919862177  -11.147569341   18.896530278    4.092946383
    0.174532925    1.919862177   -8.444184730   12.321001586    5.339502734
    0.349065850    1.919862177   -6.733535121    7.562120562    6.175112194
    0.523598776    1.919862177   -5.683432607    4.713779985    6.326829678
    0.698131701    1.919862177   -4.979593512    3.523282406    5.685944157
    0.872664626    1.919862177   -4.375407904    3.460358589    4.390796163
    1.047197551    1.919862177   -3.732224743    3.886893941    2.764604606
    1.221730476    1.919862177   -3.018025410    4.203975149    1.201664293
    1.396263402    1.919862177   -2.288250486    4.054347190    0.000589708
    1.570796327    1.919862177   -1.638241220    3.295627184   -0.728096220
    1.745329252    1.919862177   -1.174768416    1.908327114   -1.088873779
    1.919862177    1.919862177   -1.014828066   -0.213140989   -1.345999487
    2.094395102    1.919862177   -1.313173060   -3.419215943   -1.840366684
    2.268928028    1.919862177   -2.302034209   -8.209663966   -2.914719684
    2.443460953    1.919862177   -4.293326647  -14.930777363   -4.830097457
    2.617993878    1.919862177   -7.613884666  -23.318377822   -7.654064863
    2.792526803    1.919862177  -12.457509801  -32.069135047  -11.161349225
    2.967059728    1.919862177  -18.700294345  -38.916817465  -14.816477142

   -3.141592654    2.094395102  -29.125479062  -44.070758912  -20.016568152
   -2.967059728    2.094395102  -36.472834859  -39.042362088  -22.120471465
   -2.792526803    2.094395102  -42.437427682  -28.624714667  -22.579901537
   -2.617993878    2.094395102  -46.342904682  -16.130983926  -21.517226040
   -2.443460953    2.094395102  -48.192614271   -5.727514273  -19.357482523
   -2.268928028    2.094395102  -48.645780777   -0.440174323  -16.571181396
   -2.094395102    2.094395102  -48.673957522   -0.678616857  -13.491876192
   -1.919862177    2.094395102  -49.070497705   -4.087644229  -10.303966657
   -1.745329252    2.094395102  -50.057207795   -6.756072011   -7.152395486
   -1.570796327    2.094395102  -51.174802593   -5.129463878   -4.230886529
   -1.396263402    2.094395102  -51.506378425    2.268119375   -1.750155642
   -1.221730476    2.094395102  -50.117940073   14.132734347    0.171192507
   -1.047197551    2.094395102  -46.508122552   27.041336049    1.571672320
   -0.872664626    2.094395102  -40.839236824   37.112914714    2.600502858
   -0.698131701    2.094395102  -33.861216495   41.776580056    3.407810229
   -0.523598776    2.094395102  -26.586625716   40.633325282    4.073336593
   -0.349065850    2.094395102  -19.923061957   35.127180409    4.601033508
   -0.174532925    2.094395102  -14.442066161   27.462806945    4.968408857
    0.000000000    2.094395102  -10.341633423   19.579127395    5.130105836
    0.174532925    2.094395102   -7.541516084   12.700104006    4.998102778
    0.349065850    2.094395102   -5.807362050    7.420671596    4.442862843
    0.523598776    2.094395102   -4.837586906    3.928191119    3.380815352
    0.698131701    2.094395102   -4.323550861    2.170250420    1.851031931
    0.872664626    2.094395102   -3.986216659    1.810909445    0.083838031
    1.047197551    2.094395102   -3.628880101    2.324166166   -1.577503620
    1.221730476    2.094395102   -3.155202904    3.052048007   -2.785827898
    1.396263402    2.094395102   -2.578818821    3.458145122   -3.354807280
    1.570796327    2.094395102   -1.989269914    3.170898863   -3.324581287
    1.745329252    2.094395102   -1.524835532    1.989322448   -2.950368787
    1.919862177    2.094395102   -1.358786083   -0.287699936   -2.613057131
    2.094395102    2.094395102   -1.711551602   -4.027140385   -2.724162482
    2.268928028    2.094395102   -2.877264807   -9.671242767   -3.647747677
    2.443460953    2.094395102   -5.212481638  -17.417778897   -5.630103546
    2.617993878    2.094395102   -9.052446496  -26.738126633   -8.697137533
    2.792526803    2.094395102  -14.545832203  -35.994963412  -12.559106033
    2.967059728    2.094395102  -21.467225916  -42.637704244  -16.597261071

   -3.141592654    2.268928028  -32.604517417  -46.858197152  -19.354624093
   -2.967059728    2.268928028  -40.308008238  -40.284287969  -21.271841620
   -2.792526803    2.268928028  -46.345214312  -28.243785828  -21.618847900
   -2.617993878    2.268928028  -50.064516869  -14.458011970  -20.548732747
   -2.443460953    2.268928028  -51.546252214   -3.266769485  -18.503557082
   -2.268928028    2.268928028  -51.532882746    2.391147718  -15.952994864
   -2.094395102    2.268928028  -51.051938967    2.302400086  -13.199009266
   -1.919862177    2.268928028  -50.921806094   -1.044166731  -10.347086067
   -1.745329252    2.268928028  -51.377451542   -3.733571348   -7.412092149
   -1.570796327    2.268928028  -51.979445005   -2.271808555   -4.438553936
   -1.396263402    2.268928028  -51.838251306    4.804914716   -1.538690492
   -1.221730476    2.268928028  -50.042092858   16.257257720    1.146084906
   -1.047197551    2.268928028  -46.097570675   28.749002125    3.487037186
   -0.872664626    2.268928028  -40.164247229   38.433081292    5.376096452
   -0.698131701    2.268928028  -32.988784219   42.715250431    6.717494881
   -0.523598776    2.268928028  -25.584879891   41.170038392    7.437499816
   -0.349065850    2.268928028  -18.862683954   35.262821046    7.517085535
   -0.174532925    2.268928028  -13.391184951   27.223196293    7.011685537
    0.000000000    2.268928028   -9.363891001   18.979835057    6.011905303
    0.174532925    2.268928028   -6.701123116   11.711835820    4.586626038
    0.349065850    2.268928028   -5.176382890    6.004401833    2.762451982
    0.523598776    2.268928028   -4.490052553    2.110429439    0.590814186
    0.698131701    2.268928028   -4.316450967    0.135855150   -1.775340368
    0.872664626    2.268928028   -4.329484412   -0.112229030   -4.025453954
    1.047197551    2.268928028   -4.269874323    0.894675105   -5.780478675
    1.221730476    2.268928028   -3.982732906    2.372535430   -6.712412825
    1.396263402    2.268928028   -3.456470705    3.550326544   -6.716408442
    1.570796327    2.268928028   -2.799100887    3.803227762   -5.964449076
    1.745329252    2.268928028   -2.205785898    2.761030505   -4.853941503
    1.919862177    2.268928028   -1.926055876    0.169160281   -3.876918719
    2.094395102    2.268928028   -2.257471864   -4.299427404   -3.501466380
    2.268928028    2.268928028   -3.557742269  -10.978851748   -4.085227149
    2.443460953    2.268928028   -6.222784211  -19.888917954   -5.826034137
    2.617993878    2.268928028  -10.587389045  -30.224838121   -8.690146967
    2.792526803    2.268928028  -16.745419092  -40.016261030  -12.344668751
    2.967059728    2.268928028  -24.361117823  -46.438122583  -16.158437446

   -3.141592654    2.443460953  -35.700149179  -49.206255045  -15.630873946
   -2.967059728    2.443460953  -43.696063086  -41.244857775  -17.020334263
   -2.792526803    2.443460953  -49.772629086  -27.763839487  -17.111171753
   -2.617993878    2.443460953  -53.303162759  -12.848359021  -16.022635339
   -2.443460953    2.443460953  -54.439147869   -0.989903823  -14.108672807
   -2.268928028    2.443460953  -53.998527700    4.963718658  -11.749316369
   -2.094395102    2.443460953  -53.056419814    5.002737717   -9.183717593
   -1.919862177    2.443460953  -52.445115008    1.774285396   -6.474043290
   -1.745329252    2.443460953  -52.396629336   -0.776337298   -3.589204848
   -1.570796327    2.443460953  -52.473396611    0.772017685   -0.527377289
   -1.396263402    2.443460953  -51.803224382    7.792387983    2.606250338
   -1.221730476    2.443460953  -49.504592183   18.989105443    5.596935396
   -1.047197551    2.443460953  -45.120159556   31.018221278    8.165249962
   -0.872664626    2.443460953  -38.844363218   40.056574185   10.039966689
   -0.698131701    2.443460953  -31.451622036   43.563766921   11.028425921
   -0.523598776    2.443460953  -23.970811722   41.203330835   11.059445458
   -0.349065850    2.443460953  -17.309584504   34.547850167   10.198883597
   -0.174532925    2.443460953  -12.018568883   25.893756482    8.603836314
    0.000000000    2.443460953   -8.267105807   17.166196513    6.449325652
    0.174532925    2.443460953   -5.956671719    9.495115304    3.863865147
    0.349065850    2.443460953   -4.849439659    3.448697919    0.933625527
    0.523598776    2.443460953   -4.629945489   -0.652054414   -2.221206875
    0.698131701    2.443460953   -4.937447755   -2.552164393   -5.352692682
    0.872664626    2.443460953   -5.383822925   -2.323733661   -8.056202369
    1.047197551    2.443460953   -5.638297633   -0.433542365   -9.886229967
    1.221730476    2.443460953   -5.489030554    2.138787293  -10.517695103
    1.396263402    2.443460953   -4.912934301    4.319094425   -9.927270525
    1.570796327    2.443460953   -4.060019143    5.197588434   -8.428559668
    1.745329252    2.443460953   -3.207283127    4.249719515   -6.562807587
    1.919862177    2.443460953   -2.698683059    1.222881382   -4.915599947
    2.094395102    2.443460953   -2.915683379   -4.096647263   -3.971135891
    2.268928028    2.443460953   -4.274307957  -11.876407243   -4.029849630
    2.443460953    2.443460953   -7.197643677  -21.939430312   -5.197771181
    2.617993878    2.443460953  -12.008543666  -33.230762214   -7.371137527
    2.792526803    2.443460953  -18.741914845  -43.501674233  -10.215660598
    2.967059728    2.443460953  -26.957614713  -49.708233644  -13.183108543

   -3.141592654    2.617993878  -37.897408819  -50.727418906   -9.171329092
   -2.967059728    2.617993878  -46.071813910  -41.736258281   -9.806060461
   -2.792526803    2.617993878  -52.136926972  -27.157957349   -9.587778325
   -2.617993878    2.617993878  -55.478261732  -11.333984403   -8.525101181
   -2.443460953    2.617993878  -56.293142230    1.123204921   -6.773222670
   -2.268928028    2.617993878  -55.451323191    7.414116945   -4.533164503
   -2.094395102    2.617993878  -54.062112350    7.666629653   -1.953905427
   -1.919862177    2.617993878  -52.968277529    4.643285551    0.900023768
   -1.745329252    2.617993878  -52.400168981    2.305009095    4.001713100
   -1.570796327    2.617993878  -51.925655892    3.981886141    7.268136969
   -1.396263402    2.617993878  -50.699050128   10.911018467   10.484014875
   -1.221730476    2.617993878  -47.887141918   21.690622476   13.302786251
   -1.047197551    2.617993878  -43.092104339   32.966568821   15.328361828
   -0.872664626    2.617993878  -36.560568187   41.008142798   16.253819659
   -0.698131701    2.617993878  -29.095672199   43.436931240   15.969027818
   -0.523598776    2.617993878  -21.725760493   40.086150645   14.574299538
   -0.349065850    2.617993878  -15.331847391   32.637548802   12.320691895
   -0.174532925    2.617993878  -10.427477440   23.405686022    9.474416183
    0.000000000    2.617993878   -7.148945075   14.253008594    6.227843852
    0.174532925    2.617993878   -5.377858325    6.239239360    2.665478880
    0.349065850    2.617993878   -4.863204274   -0.067123547   -1.158983063
    0.523598776    2.617993878   -5.266602824   -4.225407526   -5.107288098
    0.698131701    2.617993878   -6.176298904   -5.798736226   -8.840944030
    0.872664626    2.617993878   -7.124099245   -4.740505830  -11.844222970
    1.047197551    2.617993878   -7.694493722   -1.576620685  -13.592491118
    1.221730476    2.617993878   -7.620059621    2.427412673  -13.781108046
    1.396263402    2.617993878   -6.882894587    5.812708571  -12.502171499
    1.570796327    2.617993878   -5.701744355    7.362332557  -10.235080074
    1.745329252    2.617993878   -4.460106330    6.439381859   -7.656438615
    1.919862177    2.617993878   -3.609273449    2.877862679   -5.400706457
    2.094395102    2.617993878   -3.611811147   -3.333330519   -3.899456868
    2.268928028    2.617993878   -4.926503872  -12.142900707   -3.330779845
    2.443460953    2.617993878   -7.983897944  -23.185536853   -3.668211545
    2.617993878    2.617993878  -13.082698821  -35.230624406   -4.740518074
    2.792526803    2.617993878  -20.203220497  -45.860825655   -6.265741836
    2.967059728    2.617993878  -28.824095549  -51.906617917   -7.876368350

   -3.141592654    2.792526803  -38.795279631  -51.176825199   -0.956755376
   -2.967059728    2.792526803  -47.005553538  -41.673400753   -0.732106465
   -2.792526803    2.792526803  -53.005320230  -26.463928084   -0.211147424
   -2.617993878    2.792526803  -56.168283559   -9.989639251    0.754187157
   -2.443460953    2.792526803  -56.696043664    3.053771171    2.276009439
   -2.268928028    2.792526803  -55.473016963    9.835293169    4.392717638
   -2.094395102    2.792526803  -53.624705449   10.493548575    7.069879750
   -1.919862177    2.792526803  -52.007355007    7.801798583   10.214711247
   -1.745329252    2.792526803  -50.866871756    5.677795000   13.667776009
   -1.570796327    2.792526803  -49.801027585    7.332245949   17.158760639
   -1.396263402    2.792526803  -48.018512323   13.857002428   20.272088432
   -1.221730476    2.792526803  -44.761034973   23.773600440   22.496582140
   -1.047197551    2.792526803  -39.706497294   33.809494813   23.371830075
   -0.872664626    2.792526803  -33.148983429   40.462647759   22.678326458
   -0.698131701    2.792526803  -25.892401916   41.634435414   20.532996741
   -0.523598776    2.792526803  -18.923593574   37.357917324   17.318880917
   -0.349065850    2.792526803  -13.059771892   29.344020179   13.513944602
   -0.174532925    2.792526803   -8.759924712   19.801388577    9.469191642
    0.000000000    2.792526803   -6.130107727   10.426732221    5.329419355
    0.174532925    2.792526803   -5.046726935    2.187961222    1.063160057
    0.349065850    2.792526803   -5.256555063   -4.297388031   -3.360450690
    0.523598776    2.792526803   -6.397335475   -8.377461210   -7.805145532
    0.698131701    2.792526803   -7.990488149   -9.376571490  -11.843343955
    0.872664626    2.792526803   -9.468284082   -7.135647276  -14.853632389
    1.047197551    2.792526803  -10.318355114   -2.331500060  -16.259350883
    1.221730476    2.792526803  -10.225259707    3.375086781  -15.825729773
    1.396263402    2.792526803   -9.200459917    8.065918987  -13.804649992
    1.570796327    2.792526803   -7.561629932   10.229113713  -10.849496386
    1.745329252    2.792526803   -5.819612983    9.201711204   -7.733743326
    1.919862177    2.792526803   -4.535595719    5.018693650   -5.068517797
    2.094395102    2.792526803   -4.237069000   -2.037563572   -3.153463436
    2.268928028    2.792526803   -5.398940838  -11.668914488   -1.987937430
    2.443460953    2.792526803   -8.433839388  -23.367919107   -1.392192973
    2.617993878    2.792526803  -13.605808656  -35.847231649   -1.144431513
    2.792526803    2.792526803  -20.854148032  -46.671032707   -1.063571817
    2.967059728    2.792526803  -29.614451785  -52.659325329   -1.031478719

   -3.141592654    2.967059728  -38.208432181  -50.473152079    7.598134890
   -2.967059728    2.967059728  -46.303677823  -41.043000057    8.678605666
   -2.792526803    2.967059728  -52.187494566  -25.728848554    9.478073592
   -2.617993878    2.967059728  -55.194521514   -8.895392734   10.289513265
   -2.443460953    2.967059728  -55.483305235    4.725747869   11.486899343
   -2.268928028    2.967059728  -53.909680647   12.185227836   13.355553954
   -2.094395102    2.967059728  -51.593920922   13.482242771   15.990762155
   -1.919862177    2.967059728  -49.410475055   11.261675213   19.280738095
   -1.745329252    2.967059728  -47.645832789    9.307347289   22.924370774
   -1.570796327    2.967059728  -45.963770727   10.674276294   26.439922524
   -1.396263402    2.967059728  -43.664859895   16.330995485   29.196033052
   -1.221730476    2.967059728  -40.093501205   24.815096913   30.536112564
   -1.047197551    2.967059728  -35.009146449   33.088016907   29.996514474
   -0.872664626    2.967059728  -28.730507545   38.036519075   27.520942532
   -0.698131701    2.967059728  -22.016573536   37.933408263   23.505188720
   -0.523598776    2.967059728  -15.761370165   32.985056476   18.619505774
   -0.349065850    2.967059728  -10.681222799   24.798973010   13.527661281
   -0.174532925    2.967059728   -7.170224378   15.324290056    8.611433697
    0.000000000    2.967059728   -5.316703717    5.988868183    3.924942558
    0.174532925    2.967059728   -5.014326775   -2.334002626   -0.695194445
    0.349065850    2.967059728   -6.022783646   -8.904857161   -5.360474167
    0.523598776    2.967059728   -7.955627556  -12.760219779   -9.925900499
    0.698131701    2.967059728  -10.252518031  -12.937751373  -13.884983045
    0.872664626    2.967059728  -12.230669113   -9.197695274  -16.550144604
    1.047197551    2.967059728  -13.276998861   -2.479719669  -17.356958654
    1.221730476    2.967059728  -13.045499889    5.056360400  -16.198944309
    1.396263402    2.967059728  -11.607439102   10.994949824  -13.509899418
    1.570796327    2.967059728   -9.407781049   13.590024938  -10.085944635
    1.745329252    2.967059728   -7.095906982   12.276525242   -6.727351037
    1.919862177    2.967059728   -5.331793835    7.413064976   -3.942680006
    2.094395102    2.967059728   -4.679178901   -0.355125841   -1.841260836
    2.268928028    2.967059728   -5.595341800  -10.491197197   -0.222140024
    2.443460953    2.967059728   -8.448686185  -22.424946290    1.236907199
    2.617993878    2.967059728  -13.461988253  -34.952946247    2.782047803
    2.792526803    2.967059728  -20.553796180  -45.780829790    4.468172415
    2.967059728    2.967059728  -29.162381884  -51.833276247    6.148921797
