#! FIELDS phi psi file.free der_phi der_psi
#! SET min_phi -pi
#! SET max_phi pi
#! SET nbins_phi  36
#! SET periodic_phi true
#! SET min_psi -pi
#! SET max_psi pi
#! SET nbins_psi  36
#! SET periodic_psi true
   -3.141592654   -3.141592654  -84.792007412  -51.826655488   20.016676462
   -2.967059728   -3.141592654  -92.354317583  -34.227151736   20.374102243
   -2.792526803   -3.141592654  -96.640182408  -15.070820259   20.076619358
   -2.617993878   -3.141592654  -97.786352118    1.086127148   19.693579261
   -2.443460953   -3.141592654  -96.625603306   11.001583270   19.634361175
   -2.268928028   -3.141592654  -94.360992596   13.817911035   20.017172458
   -2.094395102   -3.141592654  -92.118537935   11.216689072   20.822076063
   -1.919862177   -3.141592654  -90.552557031    6.758691989   22.168506875
   -1.745329252   -3.141592654  -89.622535524    4.560316539   24.444687671
   -1.570796327   -3.141592654  -88.629767064    7.855925393   28.113079641
   -1.396263402   -3.141592654  -86.483682921   17.716677912   33.264997983
   -1.221730476   -3.141592654  -82.141911594   32.503671898   39.244351327
   -1.047197551   -3.141592654  -75.059496773   48.354355694   44.680670459
   -0.872664626   -3.141592654  -65.466410777   60.506130134   47.914538706
   -0.698131701   -3.141592654  -54.368579968   65.064464203   47.615859793
   -0.523598776   -3.141592654  -43.291695212   60.182630190   43.217697415
   -0.349065850   -3.141592654  -33.879588891   46.194125375   35.015926654
   -0.174532925   -3.141592654  -27.569273420   25.071262381   23.952625181
    0.000000000   -3.141592654  -25.360654761   -0.247044314   11.370527081
    0.174532925   -3.141592654  -27.666849938  -25.936543073   -1.176144500
    0.349065850   -3.141592654  -34.143446622  -47.189717053  -12.037476318
    0.523598776   -3.141592654  -43.553773666  -58.693012318  -19.724280309
    0.698131701   -3.141592654  -53.805889972  -56.382919135  -23.264961381
    0.872664626   -3.141592654  -62.372671046  -39.704851515  -22.632213007
    1.047197551   -3.141592654  -67.049375171  -12.862684315  -18.812878849
    1.221730476   -3.141592654  -66.728703239   16.097283189  -13.469611559
    1.396263402   -3.141592654  -61.817297849   38.452769052   -8.237531391
    1.570796327   -3.141592654  -54.048585684   48.213343206   -4.109383472
    1.745329252   -3.141592654  -45.817698092   43.879046393   -1.209188954
    1.919862177   -3.141592654  -39.413944552   27.930463286    0.970896428
    2.094395102   -3.141592654  -36.478696264    4.982825081    3.127517710
    2.268928028   -3.141592654  -37.791240961  -19.941435784    5.762650256
    2.443460953   -3.141592654  -43.292868800  -42.353313800    9.004920103
    2.617993878   -3.141592654  -52.211253326  -58.553345276   12.584404092
    2.792526803   -3.141592654  -63.211535086  -65.938741159   15.966736063
    2.967059728   -3.141592654  -74.633577335  -63.386246105   18.565676953

   -3.141592654   -2.967059728  -80.685930647  -50.997186005   26.363631656
   -2.967059728   -2.967059728  -88.207276864  -34.496033881   26.509213820
   -2.792526803   -2.967059728  -92.591126568  -15.813037547   25.741255476
   -2.617993878   -2.967059728  -93.862197252    0.473596394   24.753688433
   -2.443460953   -2.967059728  -92.770585344   10.844452585   24.068717703
   -2.268928028   -2.967059728  -90.487634284   14.187671418   23.923815653
   -2.094395102   -2.967059728  -88.131302032   12.178809717   24.428486517
   -1.919862177   -2.967059728  -86.326667117    8.596238148   25.794649913
   -1.745329252   -2.967059728  -84.967433651    7.709894242   28.382010293
   -1.570796327   -2.967059728  -83.292438137   12.520438623   32.440857575
   -1.396263402   -2.967059728  -80.227874672   23.438200039   37.696434798
   -1.221730476   -2.967059728  -74.880946761   38.054277774   43.115725489
   -1.047197551   -2.967059728  -66.966891662   52.061093127   47.123243476
   -0.872664626   -2.967059728  -57.000010975   60.888249688   48.153261039
   -0.698131701   -2.967059728  -46.187075080   61.366408052   45.250572240
   -0.523598776   -2.967059728  -36.106362048   52.564469659   38.372777356
   -0.349065850   -2.967059728  -28.305428047   35.544664167   28.302611000
   -0.174532925   -2.967059728  -24.025051098   12.705316272   16.316002527
    0.000000000   -2.967059728  -24.016613534  -12.829898414    3.890685548
    0.174532925   -2.967059728  -28.424130301  -37.164429830   -7.465811664
    0.349065850   -2.967059728  -36.632420099  -55.579988708  -16.321755330
    0.523598776   -2.967059728  -47.175258406  -63.146916697  -21.556391509
    0.698131701   -2.967059728  -57.832739873  -56.607351960  -22.688835545
    0.872664626   -2.967059728  -66.116220595  -36.424398111  -20.181197708
    1.047197551   -2.967059728  -70.024957164   -7.627201927  -15.353380310
    1.221730476   -2.967059728  -68.750158765   21.543248889   -9.915882822
    1.396263402   -2.967059728  -62.966364934   42.879382033   -5.260694935
    1.570796327   -2.967059728  -54.544910403   51.294323494   -1.957254459
    1.745329252   -2.967059728  -45.864849355   46.070074220    0.290588049
    1.919862177   -2.967059728  -39.099549598   30.018916679    2.271975274
    2.094395102   -2.967059728  -35.757831656    7.631315299    4.776237417
    2.268928028   -2.967059728  -36.536449883  -16.470326587    8.228023272
    2.443460953   -2.967059728  -41.370834476  -38.257858552   12.565581344
    2.617993878   -2.967059728  -49.558365017  -54.398827225   17.276492552
    2.792526803   -2.967059728  -59.880203881  -62.445970362   21.590203950
    2.967059728   -2.967059728  -70.794608361  -61.141461838   24.759796264

   -3.141592654   -2.792526803  -75.807454971  -50.122341995   28.858711475
   -2.967059728   -2.792526803  -83.299250448  -34.933974521   29.095214260
   -2.792526803   -2.792526803  -87.825127909  -16.881224734   28.305233923
   -2.617993878   -2.792526803  -89.287864542   -0.567930066   27.168882705
   -2.443460953   -2.792526803  -88.343917808   10.232388019   26.219767451
   -2.268928028   -2.792526803  -86.116262504   14.190186029   25.765102340
   -2.094395102   -2.792526803  -83.693865021   12.975364366   26.021521711
   -1.919862177   -2.792526803  -81.658593848   10.501201810   27.266031332
   -1.745329252   -2.792526803  -79.846293295   11.029405812   29.797704468
   -1.570796327   -2.792526803  -77.470973607   17.165687276   33.655758914
   -1.396263402   -2.792526803  -73.533329014   28.609063064   38.281637222
   -1.221730476   -2.792526803  -67.341421425   42.303484583   42.440593936
   -1.047197551   -2.792526803  -58.887442154   53.758523746   44.570121038
   -0.872664626   -2.792526803  -48.937569291   58.872434331   43.372071634
   -0.698131701   -2.792526803  -38.827602077   55.362905763   38.323229062
   -0.523598776   -2.792526803  -30.102233477   43.205838582   29.830505126
   -0.349065850   -2.792526803  -24.141297059   24.055794902   19.003456264
   -0.174532925   -2.792526803  -21.946679596    0.548975056    7.275635820
    0.000000000   -2.792526803  -24.011176468  -24.181783887   -3.888636679
    0.174532925   -2.792526803  -30.228820207  -46.334870466  -13.148635535
    0.349065850   -2.792526803  -39.762460067  -61.441419606  -19.408112089
    0.523598776   -2.792526803  -50.990610459  -65.095556041  -22.021454902
    0.698131701   -2.792526803  -61.656524154  -54.866721339  -21.049305751
    0.872664626   -2.792526803  -69.389998532  -32.091301295  -17.368791926
    1.047197551   -2.792526803  -72.434688061   -2.326123312  -12.424204949
    1.221730476   -2.792526803  -70.264158570   26.314782939   -7.699300764
    1.396263402   -2.792526803  -63.758291302   46.336275935   -4.128183074
    1.570796327   -2.792526803  -54.846096115   53.549662934   -1.802693957
    1.745329252   -2.792526803  -45.826034367   47.862568924   -0.120640354
    1.919862177   -2.792526803  -38.723939998   32.218299588    1.783791630
    2.094395102   -2.792526803  -34.916566011   10.822871291    4.605470173
    2.268928028   -2.792526803  -35.040118668  -12.186461452    8.602231499
    2.443460953   -2.792526803  -39.055656827  -33.269246900   13.550667655
    2.617993878   -2.792526803  -46.362242327  -49.444969029   18.822298252
    2.792526803   -2.792526803  -55.884100206  -58.371736340   23.578857989
    2.967059728   -2.792526803  -66.213202930  -58.589515828   27.060864960

   -3.141592654   -2.617993878  -70.804396898  -49.013491519   27.962825615
   -2.967059728   -2.617993878  -78.224805104  -35.141099727   28.573993473
   -2.792526803   -2.617993878  -82.858572397  -17.804235813   28.175947195
   -2.617993878   -2.617993878  -84.500565631   -1.618637448   27.308189143
   -2.443460953   -2.617993878  -83.719793153    9.460599140   26.427326761
   -2.268928028   -2.617993878  -81.583121562   13.960518416   25.861395798
   -2.094395102   -2.617993878  -79.134902876   13.551661293   25.897622000
   -1.919862177   -2.617993878  -76.905776383   12.193463220   26.838480915
   -1.745329252   -2.617993878  -74.686476874   14.000771814   28.898761703
   -1.570796327   -2.617993878  -71.700075046   21.097066700   31.944468768
   -1.396263402   -2.617993878  -67.060316161   32.516369832   35.262952776
   -1.221730476   -2.617993878  -60.293806558   44.736253639   37.618032929
   -1.047197551   -2.617993878  -51.649765533   53.318866224   37.655609313
   -0.872664626   -2.617993878  -42.089379992   54.798190652   34.449988255
   -0.698131701   -2.617993878  -33.003438891   47.806626296   27.883248790
   -0.523598776   -2.617993878  -25.835851831   33.121358751   18.677377118
   -0.349065850   -2.617993878  -21.756694027   12.828006945    8.098444104
   -0.174532925   -2.617993878  -21.515048107  -10.359065724   -2.412259422
    0.000000000   -2.617993878  -25.357603527  -33.437553339  -11.513795823
    0.174532925   -2.617993878  -32.965600848  -52.856416840  -18.120063334
    0.349065850   -2.617993878  -43.346009815  -64.551622147  -21.550475287
    0.523598776   -2.617993878  -54.810289822  -64.742315018  -21.685037295
    0.698131701   -2.617993878  -65.158031656  -51.746256507  -19.097299555
    0.872664626   -2.617993878  -72.198483221  -27.501504786  -14.939405714
    1.047197551   -2.617993878  -74.422002847    2.285643917  -10.559445922
    1.221730476   -2.617993878  -71.525285157   29.920530915   -7.003736748
    1.396263402   -2.617993878  -64.502867757   48.681192771   -4.645397688
    1.570796327   -2.617993878  -55.261210006   55.103935285   -3.150240561
    1.745329252   -2.617993878  -45.979096872   49.453690422   -1.778395760
    1.919862177   -2.617993878  -38.539371222   34.595431218    0.213806922
    2.094395102   -2.617993878  -34.216713163   14.370156147    3.283170509
    2.268928028   -2.617993878  -33.620155766   -7.536645257    7.480922561
    2.443460953   -2.617993878  -36.759148142  -27.991141915   12.488123023
    2.617993878   -2.617993878  -43.141844314  -44.284302264   17.705391384
    2.792526803   -2.617993878  -51.831860730  -54.125265687   22.398909248
    2.967059728   -2.617993878  -61.544576931  -55.843864803   25.933210009

   -3.141592654   -2.443460953  -66.177016498  -47.546560455   24.706641358
   -2.967059728   -2.443460953  -73.447436144  -34.836929633   25.801898511
   -2.792526803   -2.443460953  -78.100190461  -18.253041536   25.979975046
   -2.617993878   -2.443460953  -79.853866659   -2.386611344   25.571029233
   -2.443460953   -2.443460953  -79.208105123    8.732054110   24.910241403
   -2.268928028   -2.443460953  -77.173115953   13.575761832   24.314383561
   -2.094395102   -2.443460953  -74.739782016   13.817680996   24.101232796
   -1.919862177   -2.443460953  -72.386856075   13.377717807   24.554480465
   -1.745329252   -2.443460953  -69.876258044   16.128761741   25.786091484
   -1.570796327   -2.443460953  -66.465965876   23.709248211   27.537669558
   -1.396263402   -2.443460953  -61.397949354   34.617845274   29.072112679
   -1.221730476   -2.443460953  -54.401728843   45.069396117   29.325220757
   -1.047197551   -2.443460953  -45.933881887   50.849569694   27.293754955
   -0.872664626   -2.443460953  -37.081155502   49.170872778   22.468104998
   -0.698131701   -2.443460953  -29.224567665   39.492473447   15.065384730
   -0.523598776   -2.443460953  -23.665127572   23.231207229    5.978751522
   -0.349065850   -2.443460953  -21.349381090    2.753523515   -3.518725946
   -0.174532925   -2.443460953  -22.782963702  -19.266011759  -12.096543387
    0.000000000   -2.443460953  -27.995531037  -40.066236652  -18.622286384
    0.174532925   -2.443460953  -36.506060047  -56.491106576  -22.333865854
    0.349065850   -2.443460953  -47.242569890  -65.014457615  -23.012553566
    0.523598776   -2.443460953  -58.541162394  -62.515146040  -21.054546413
    0.698131701   -2.443460953  -68.339171702  -47.879780019  -17.442099304
    0.872664626   -2.443460953  -74.657675249  -23.293102641  -13.417588253
    1.047197551   -2.443460953  -76.199139623    5.770993972  -10.033419804
    1.221730476   -2.443460953  -72.795177850   32.238928941   -7.776286110
    1.396263402   -2.443460953  -65.456425733   50.079700979   -6.466387494
    1.570796327   -2.443460953  -56.002713110   56.263722579   -5.469734258
    1.745329252   -2.443460953  -46.484507093   51.102563988   -4.082875658
    1.919862177   -2.443460953  -38.676721568   37.211710027   -1.831850178
    2.094395102   -2.443460953  -33.801033302   18.073327800    1.426761944
    2.268928028   -2.443460953  -32.475300883   -2.949982725    5.544184977
    2.443460953   -2.443460953  -34.767548693  -22.973492774   10.178807592
    2.617993878   -2.443460953  -40.279368739  -39.439523591   14.873177202
    2.792526803   -2.443460953  -48.184137026  -50.064020639   19.117008169
    2.967059728   -2.443460953  -57.290907255  -53.016791069   22.481001692

   -3.141592654   -2.268928028  -62.253223510  -45.779937847   20.008424693
   -2.967059728   -2.268928028  -69.298582201  -34.008795428   21.441888528
   -2.792526803   -2.268928028  -73.875688771  -18.179883838   22.088037733
   -2.617993878   -2.268928028  -75.663835507   -2.812388559   22.072628872
   -2.443460953   -2.268928028  -75.115002572    8.097259517   21.608200787
   -2.268928028   -2.268928028  -73.186717209   13.043080591   20.977335039
   -2.094395102   -2.268928028  -70.815016635   13.689021080   20.482334967
   -1.919862177   -2.268928028  -68.434143312   13.839357408   20.342106551
   -1.745329252   -2.268928028  -65.796521194   17.078721689   20.551680398
   -1.570796327   -2.268928028  -62.212807999   24.630961152   20.771970481
   -1.396263402   -2.268928028  -57.048224742   34.646423482   20.340318167
   -1.221730476   -2.268928028  -50.194078553   43.280632246   18.480444673
   -1.047197551   -2.268928028  -42.245205010   46.645615001   14.619523515
   -0.872664626   -2.268928028  -34.340631511   42.572573515    8.667206009
   -0.698131701   -2.268928028  -27.799788606   31.177365711    1.102773037
   -0.523598776   -2.268928028  -23.761790236   14.326209165   -7.126477164
   -0.349065850   -2.268928028  -22.959286735   -5.466714593  -14.859010870
   -0.174532925   -2.268928028  -25.682795697  -25.654149101  -20.977295007
    0.000000000   -2.268928028  -31.788427904  -43.807858203  -24.641536979
    0.174532925   -2.268928028  -40.694827150  -57.288449956  -25.476436514
    0.349065850   -2.268928028  -51.332960675  -63.189615825  -23.734756458
    0.523598776   -2.268928028  -62.148166215  -58.994343957  -20.255590850
    0.698131701   -2.268928028  -71.273100439  -43.893651820  -16.262684873
    0.872664626   -2.268928028  -76.938990342  -19.935939423  -12.887302126
    1.047197551   -2.268928028  -77.994880092    7.954641650  -10.735021133
    1.221730476   -2.268928028  -74.305720802   33.400360179   -9.701765866
    1.396263402   -2.268928028  -66.808756225   50.858160399   -9.146018060
    1.570796327   -2.268928028  -57.198255768   57.387130800   -8.289456460
    1.745329252   -2.268928028  -47.415523433   53.055479389   -6.604697135
    1.919862177   -2.268928028  -39.182284421   40.123151549   -3.964280312
    2.094395102   -2.268928028  -33.723620885   21.791350925   -0.548876448
    2.268928028   -2.268928028  -31.698423973    1.281650844    3.326346397
    2.443460953   -2.268928028  -33.232357238  -18.581741070    7.348549574
    2.617993878   -2.268928028  -37.990372187  -35.264300459   11.252742135
    2.792526803   -2.268928028  -45.211942293  -46.462157123   14.793619471
    2.967059728   -2.268928028  -53.761368986  -50.270190430   17.767690713

   -3.141592654   -2.094395102  -59.245549728  -43.967817651   14.196394634
   -2.967059728   -2.094395102  -66.034009705  -32.891198905   15.639742651
   -2.792526803   -2.094395102  -70.477495785  -17.764295717   16.473047271
   -2.617993878   -2.094395102  -72.247468049   -2.996002284   16.670310305
   -2.443460953   -2.094395102  -71.768182584    7.529278061   16.337879122
   -2.268928028   -2.094395102  -69.952643093   12.368930629   15.695932757
   -2.094395102   -2.094395102  -67.689212558   13.153012397   14.977589470
   -1.919862177   -2.094395102  -65.382826354   13.513355254   14.291679627
   -1.745329252   -2.094395102  -62.797785668   16.745677046   13.505168099
   -1.570796327   -2.094395102  -59.308681685   23.779153253   12.228360893
   -1.396263402   -2.094395102  -54.385414564   32.628779730    9.931076403
   -1.221730476   -2.094395102  -48.025178005   39.581103665    6.181895780
   -1.047197551   -2.094395102  -40.882768177   41.128339519    0.869199862
   -0.872664626   -2.094395102  -34.077113327   35.599678618   -5.687189962
   -0.698131701   -2.094395102  -28.824742770   23.550327970  -12.791362125
   -0.523598776   -2.094395102  -26.100503747    7.085340522  -19.516430867
   -0.349065850   -2.094395102  -26.451085415  -11.269003825  -24.906462865
   -0.174532925   -2.094395102  -29.998234012  -29.175000398  -28.163518420
    0.000000000   -2.094395102  -36.484205428  -44.612770455  -28.841770643
    0.174532925   -2.094395102  -45.300196474  -55.530547048  -27.012964858
    0.349065850   -2.094395102  -55.460351490  -59.636567679  -23.370627591
    0.523598776   -2.094395102  -65.585618878  -54.860096168  -19.062349299
    0.698131701   -2.094395102  -74.028256267  -40.380749285  -15.343814118
    0.872664626   -2.094395102  -79.193264703  -17.761274704  -13.044202708
    1.047197551   -2.094395102  -79.989627550    8.826605250  -12.233756211
    1.221730476   -2.094395102  -76.215610656   33.642842578  -12.264276127
    1.396263402   -2.094395102  -68.666183340   51.351341011  -12.172439969
    1.570796327   -2.094395102  -58.898203611   58.760991864  -11.186564115
    1.745329252   -2.094395102  -48.783117931   55.470428576   -9.046292091
    1.919862177   -2.094395102  -40.051903927   43.348239376   -5.984800639
    2.094395102   -2.094395102  -33.987107566   25.435990357   -2.472541205
    2.268928028   -2.094395102  -31.313940176    5.004228792    1.053133819
    2.443460953   -2.094395102  -32.208225029  -15.004824437    4.332940699
    2.617993878   -2.094395102  -36.364390508  -31.967373158    7.291327704
    2.792526803   -2.094395102  -43.042728939  -43.546832173    9.930299891
    2.967059728   -2.094395102  -51.124668128  -47.849907878   12.254492068

   -3.141592654   -1.919862177  -57.342541754  -42.456628732    7.372538874
   -2.967059728   -1.919862177  -63.901267866  -31.800590607    8.517538897
   -2.792526803   -1.919862177  -68.200564665  -17.222494984    9.311383298
   -2.617993878   -1.919862177  -69.925801805   -3.018115839    9.625199529
   -2.443460953   -1.919862177  -69.491648178    7.067677417    9.458940533
   -2.268928028   -1.919862177  -67.781068132   11.662090640    8.928025160
   -2.094395102   -1.919862177  -65.651633647   12.333806486    8.144293137
   -1.919862177   -1.919862177  -63.501282658   12.513775146    7.076090106
   -1.745329252   -1.919862177  -61.128587272   15.246739480    5.466138031
   -1.570796327   -1.919862177  -57.978628325   21.313332240    2.901045305
   -1.396263402   -1.919862177  -53.600025562   28.807507285   -0.987990150
   -1.221730476   -1.919862177  -48.034061482   34.320506051   -6.275574921
   -1.047197551   -1.919862177  -41.914973667   34.755003173  -12.617718778
   -0.872664626   -1.919862177  -36.271138498   28.796498560  -19.299413376
   -0.698131701   -1.919862177  -32.180271300   17.199741681  -25.427231854
   -0.523598776   -1.919862177  -30.460221405    2.072844964  -30.132582866
   -0.349065850   -1.919862177  -31.514285419  -14.211460610  -32.738431374
   -0.174532925   -1.919862177  -35.360724197  -29.623551678  -32.873876170
    0.000000000   -1.919862177  -41.706118977  -42.602545961  -30.593043165
    0.174532925   -1.919862177  -49.996482935  -51.672115207  -26.458299978
    0.349065850   -1.919862177  -59.400366197  -55.035422987  -21.531838822
    0.523598776   -1.919862177  -68.753200655  -50.815391171  -17.094150491
    0.698131701   -1.919862177  -76.613389815  -37.857508615  -14.218599946
    0.872664626   -1.919862177  -81.493191712  -16.976907659  -13.285369030
    1.047197551   -1.919862177  -82.265608544    8.471223295  -13.814355284
    1.221730476   -1.919862177  -78.575894868   33.213028923  -14.720696444
    1.396263402   -1.919862177  -71.034335370   51.808594469  -14.876428735
    1.570796327   -1.919862177  -61.072912962   60.529320060  -13.639214110
    1.745329252   -1.919862177  -50.544129110   58.361471645  -11.055368848
    1.919862177   -1.919862177  -41.248878816   46.808328542   -7.685310603
    2.094395102   -1.919862177  -34.572670401   28.890719557   -4.228039558
    2.268928028   -1.919862177  -31.324193495    8.095675518   -1.195889377
    2.443460953   -1.919862177  -31.719137385  -12.372221981    1.213984456
    2.617993878   -1.919862177  -35.450613456  -29.713927963    3.087517541
    2.792526803   -1.919862177  -41.759979925  -41.550684933    4.634457007
    2.967059728   -1.919862177  -49.511531551  -46.063152583    6.045672665

   -3.141592654   -1.745329252  -56.696811837  -41.482166680   -0.081030920
   -2.967059728   -1.745329252  -63.089402369  -30.908749453    0.684899843
   -2.792526803   -1.745329252  -67.254728653  -16.615224384    1.447227121
   -2.617993878   -1.745329252  -68.908957716   -2.823684586    1.976825981
   -2.443460953   -1.745329252  -68.478089166    6.848423586    2.135496134
   -2.268928028   -1.745329252  -66.837391017   11.091677434    1.889168614
   -2.094395102   -1.745329252  -64.837783751   11.402611425    1.201428277
   -1.919862177   -1.745329252  -62.894951481   11.016840814   -0.093624375
   -1.745329252   -1.745329252  -60.861036668   12.792299829   -2.342912919
   -1.570796327   -1.745329252  -58.252723015   17.508681387   -5.945495735
   -1.396263402   -1.745329252  -54.667764005   23.530371443  -11.093997995
   -1.221730476   -1.745329252  -50.130572585   27.901996708  -17.526553095
   -1.047197551   -1.745329252  -45.178283780   27.958404678  -24.484458966
   -0.872664626   -1.745329252  -40.682419271   22.607268241  -30.893755123
   -0.698131701   -1.745329252  -37.548817776   12.562421299  -35.682439493
   -0.523598776   -1.745329252  -36.450404203   -0.322731625  -38.061353204
   -0.349065850   -1.745329252  -37.700399496  -14.035452666  -37.681720795
   -0.174532925   -1.745329252  -41.295617064  -26.974873868  -34.678883649
    0.000000000   -1.745329252  -47.001051836  -38.053744174  -29.675724013
    0.174532925   -1.745329252  -54.403812780  -46.259573211  -23.722710323
    0.349065850   -1.745329252  -62.882110319  -50.057530860  -18.140462492
    0.523598776   -1.745329252  -71.493013806  -47.449172381  -14.159825807
    0.698131701   -1.745329252  -78.953375561  -36.663928051  -12.499746886
    0.872664626   -1.745329252  -83.796944278  -17.628954760  -13.020342589
    1.047197551   -1.745329252  -84.769023563    7.049111274  -14.752324304
    1.221730476   -1.745329252  -81.298184212   32.320174937  -16.322150726
    1.396263402   -1.745329252  -73.794607592   52.349354176  -16.586584442
    1.570796327   -1.745329252  -63.595721364   62.663354551  -15.114078609
    1.745329252   -1.745329252  -52.588602177   61.576262556  -12.250879150
    1.919862177   -1.745329252  -42.695799041   50.295828278   -8.819325899
    2.094395102   -1.745329252  -35.439214723   31.956854834   -5.671819509
    2.268928028   -1.745329252  -31.719839648   10.393074223   -3.346758056
    2.443460953   -1.745329252  -31.781738784  -10.824104888   -1.970896123
    2.617993878   -1.745329252  -35.290725795  -28.658070004   -1.319659871
    2.792526803   -1.745329252  -41.435758895  -40.671124601   -1.004520615
    2.967059728   -1.745329252  -49.032355948  -45.147922068   -0.656101155

   -3.141592654   -1.570796327  -57.332675582  -41.013320246   -7.089534313
   -2.967059728   -1.570796327  -63.611580877  -30.119143354   -6.511309433
   -2.792526803   -1.570796327  -67.631244110  -15.791446993   -5.565743236
   -2.617993878   -1.570796327  -69.159680123   -2.243690750   -4.627487211
   -2.443460953   -1.570796327  -68.662193972    7.017663057   -4.014977451
   -2.268928028   -1.570796327  -67.034386429   10.762091615   -3.926347112
   -2.094395102   -1.570796327  -65.144914548   10.438554692   -4.519936796
   -1.919862177   -1.570796327  -63.446077884    9.124609259   -6.035758961
   -1.745329252   -1.570796327  -61.853303188    9.563945182   -8.837377919
   -1.570796327   -1.570796327  -59.947879039   12.658412158  -13.255771301
   -1.396263402   -1.570796327  -57.345482852   17.186636812  -19.303084022
   -1.221730476   -1.570796327  -53.999254613   20.753741198  -26.435151968
   -1.047197551   -1.570796327  -50.284007787   21.138702675  -33.569090173
   -0.872664626   -1.570796327  -46.858447658   17.358013650  -39.359343508
   -0.698131701   -1.570796327  -44.429322148    9.866071046  -42.610294303
   -0.523598776   -1.570796327  -43.540347097    0.005156343  -42.637028625
   -0.349065850   -1.570796327  -44.473627519  -10.797693602  -39.432595132
   -0.174532925   -1.570796327  -47.294796069  -21.495024867  -33.646048413
    0.000000000   -1.570796327  -51.926302684  -31.443646277  -26.447717875
    0.174532925   -1.570796327  -58.175864683  -39.897386684  -19.295554282
    0.349065850   -1.570796327  -65.664567417  -45.275310192  -13.627009126
    0.523598776   -1.570796327  -73.648515986  -45.134034493  -10.469976002
    0.698131701   -1.570796327  -80.932062494  -36.886052579  -10.099851569
    0.872664626   -1.570796327  -85.980618042  -19.559392111  -11.883695985
    1.047197551   -1.570796327  -87.337221067    4.818706694  -14.497942432
    1.221730476   -1.570796327  -84.178217768   31.159182916  -16.453629000
    1.396263402   -1.570796327  -76.722501339   53.001221147  -16.720381040
    1.570796327   -1.570796327  -66.253341081   65.013175742  -15.112039867
    1.745329252   -1.570796327  -54.740797110   64.849436681  -12.223375740
    1.919862177   -1.570796327  -44.267021443   53.516902641   -9.045736554
    2.094395102   -1.570796327  -36.509730704   34.380408485   -6.498893803
    2.268928028   -1.570796327  -32.462419053   11.710995243   -5.097044622
    2.443460953   -1.570796327  -32.384198057  -10.483356272   -4.883673260
    2.617993878   -1.570796327  -35.890408185  -28.882490481   -5.505523105
    2.792526803   -1.570796327  -42.087718462  -40.963740064   -6.409049054
    2.967059728   -1.570796327  -49.711845281  -45.126474164   -7.049340374

   -3.141592654   -1.396263402  -59.030907426  -40.781955470  -11.973390861
   -2.967059728   -1.396263402  -65.202225357  -29.177876299  -11.280956641
   -2.792526803   -1.396263402  -69.025450022  -14.565447209   -9.965355786
   -2.617993878   -1.396263402  -70.350136744   -1.202838136   -8.589362894
   -2.443460953   -1.396263402  -69.713436233    7.533133945   -7.652703964
   -2.268928028   -1.396263402  -68.056748612   10.550801988   -7.469790275
   -2.094395102   -1.396263402  -66.280899113    9.312573021   -8.234631027
   -1.919862177   -1.396263402  -64.879034710    6.791638600  -10.158428095
   -1.745329252   -1.396263402  -63.824488958    5.677770374  -13.526670972
   -1.570796327   -1.396263402  -62.746142757    7.071354674  -18.545243508
   -1.396263402   -1.396263402  -61.246807204   10.239799611  -25.056773245
   -1.221730476   -1.396263402  -59.166451721   13.392299303  -32.323922865
   -1.047197551   -1.396263402  -56.673025332   14.737935571  -39.085187999
   -0.872664626   -1.396263402  -54.177622758   13.308800641  -43.878550875
   -0.698131701   -1.396263402  -52.175550310    9.128156228  -45.501458373
   -0.523598776   -1.396263402  -51.103270019    2.817445454  -43.421536523
   -0.349065850   -1.396263402  -51.269945266   -4.972050769  -37.951516991
   -0.174532925   -1.396263402  -52.893541025  -13.834865656  -30.167974746
    0.000000000   -1.396263402  -56.139026314  -23.495852616  -21.648032118
    0.174532925   -1.396263402  -61.091956303  -33.234239673  -14.081872310
    0.349065850   -1.396263402  -67.622325766  -41.108345932   -8.854911318
    0.523598776   -1.396263402  -75.139675828  -43.963475322   -6.682991964
    0.698131701   -1.396263402  -82.457314352  -38.304599391   -7.399509652
    0.872664626   -1.396263402  -87.895350520  -22.365349256   -9.996466165
    1.047197551   -1.396263402  -89.748756322    2.178477967  -12.987740798
    1.221730476   -1.396263402  -86.937645720   29.964089988  -14.955278739
    1.396263402   -1.396263402  -79.518954869   53.766207738  -15.088453363
    1.570796327   -1.396263402  -68.764739718   67.383592516  -13.441680516
    1.745329252   -1.396263402  -56.764123807   67.886221081  -10.768626259
    1.919862177   -1.396263402  -45.778315834   56.183032184   -8.110328073
    2.094395102   -1.396263402  -37.644176105   35.952147724   -6.355564310
    2.268928028   -1.396263402  -33.439031004   11.949608103   -5.943958242
    2.443460953   -1.396263402  -33.421505296  -11.342640636   -6.826086841
    2.617993878   -1.396263402  -37.135051555  -30.288444145   -8.535032891
    2.792526803   -1.396263402  -43.577098042  -42.253191776  -10.378398002
    2.967059728   -1.396263402  -51.375123166  -45.763291182  -11.668799266

   -3.141592654   -1.221730476  -61.284274422  -40.482329065  -13.246021706
   -2.967059728   -1.221730476  -67.314578755  -27.946303502  -12.339248979
   -2.792526803   -1.221730476  -70.883709723  -12.998264411  -10.806515085
   -2.617993878   -1.221730476  -71.953837401    0.055560643   -9.360412938
   -2.443460953   -1.221730476  -71.159198382    8.034676346   -8.591529435
   -2.268928028   -1.221730476  -69.498098845   10.076265113   -8.815507371
   -2.094395102   -1.221730476  -67.900129837    7.726673332  -10.151286495
   -1.919862177   -1.221730476  -66.885793517    3.899377445  -12.690625022
   -1.745329252   -1.221730476  -66.466378522    1.263089873  -16.577262589
   -1.570796327   -1.221730476  -66.293636579    1.138743885  -21.866370734
   -1.396263402   -1.221730476  -65.930577466    3.282112379  -28.265891557
   -1.221730476   -1.221730476  -65.079653196    6.474487235  -34.954858190
   -1.047197551   -1.221730476  -63.685746186    9.296671279  -40.667144142
   -0.872664626   -1.221730476  -61.908993421   10.712494525  -44.023642831
   -0.698131701   -1.221730476  -60.046161693   10.205350346  -43.983249906
   -0.523598776   -1.221730476  -58.459358821    7.559075064  -40.242055702
   -0.349065850   -1.221730476  -57.536829749    2.559620573  -33.386038403
   -0.174532925   -1.221730476  -57.709907798   -5.033759276  -24.752346117
    0.000000000   -1.221730476  -59.436886821  -15.191181065  -16.078854068
    0.174532925   -1.221730476  -63.100360988  -26.984176891   -9.032965604
    0.349065850   -1.221730476  -68.794058456  -37.862782406   -4.761971963
    0.523598776   -1.221730476  -76.020145637  -43.810554500   -3.603280540
    0.698131701   -1.221730476  -83.529271149  -40.460072184   -5.020628712
    0.872664626   -1.221730476  -89.445834580  -25.447847734   -7.810089033
    1.047197551   -1.221730476  -91.807510538   -0.346814376  -10.544201395
    1.221730476   -1.221730476  -89.307063843   29.033621430  -12.063832451
    1.396263402   -1.221730476  -81.886014355   54.677865146  -11.869599314
    1.570796327   -1.221730476  -70.844833685   69.613058421  -10.226636019
    1.745329252   -1.221730476  -58.409479954   70.459345351   -7.930182222
    1.919862177   -1.221730476  -47.016622242   58.127170928   -5.927291815
    2.094395102   -1.221730476  -38.647203665   36.643434987   -4.963510036
    2.268928028   -1.221730476  -34.445103203   11.242656976   -5.356274060
    2.443460953   -1.221730476  -34.652680675  -13.124182402   -6.973041488
    2.617993878   -1.221730476  -38.725458623  -32.495430764   -9.285163052
    2.792526803   -1.221730476  -45.533286612  -44.112308286  -11.539977369
    2.967059728   -1.221730476  -53.577894537  -46.653791899  -13.003336251

   -3.141592654   -1.047197551  -63.398237013  -40.051528567  -10.413603023
   -2.967059728   -1.047197551  -69.271159363  -26.677835560   -9.615783815
   -2.792526803   -1.047197551  -72.596306778  -11.595631531   -8.494838099
   -2.617993878   -1.047197551  -73.462145333    0.902237331   -7.748374800
   -2.443460953   -1.047197551  -72.600733128    7.915078619   -7.871223798
   -2.268928028   -1.047197551  -71.054810751    8.872140027   -9.035101788
   -2.094395102   -1.047197551  -69.762156931    5.432464267  -11.210338922
   -1.919862177   -1.047197551  -69.247026725    0.458704221  -14.355567655
   -1.745329252   -1.047197551  -69.533963527   -3.395425907  -18.490022449
   -1.570796327   -1.047197551  -70.273051671   -4.601886473  -23.549059782
   -1.396263402   -1.047197551  -70.968464556   -2.969304567  -29.159286538
   -1.221730476   -1.047197551  -71.179411957    0.758699142  -34.512489241
   -1.047197551   -1.047197551  -70.640744256    5.422348347  -38.487682623
   -0.872664626   -1.047197551  -69.293122209    9.825168140  -39.975963797
   -0.698131701   -1.047197551  -67.278686362   12.862070736  -38.274325474
   -0.523598776   -1.047197551  -64.932877657   13.480501789  -33.396794445
   -0.349065850   -1.047197551  -62.766163212   10.658271593  -26.151006856
   -0.174532925   -1.047197551  -61.451288916    3.625270663  -17.934269119
    0.000000000   -1.047197551  -61.742527663   -7.665309404  -10.352783238
    0.174532925   -1.047197551  -64.290641483  -21.892646801   -4.765925220
    0.349065850   -1.047197551  -69.355517477  -35.772313458   -1.901915947
    0.523598776   -1.047197551  -76.462901971  -44.426726753   -1.690107996
    0.698131701   -1.047197551  -84.246003965  -42.777010277   -3.340344785
    0.872664626   -1.047197551  -90.617229428  -28.125956973   -5.660198259
    1.047197551   -1.047197551  -93.386684080   -2.185312585   -7.503374581
    1.221730476   -1.047197551  -91.080095655   28.694736136   -8.140254257
    1.396263402   -1.047197551  -83.583936347   55.801139753   -7.448335139
    1.570796327   -1.047197551  -72.259312830   71.597994309   -5.847643783
    1.745329252   -1.047197551  -59.464387260   72.448877059   -4.035574910
    1.919862177   -1.047197551  -47.781211781   59.354636044   -2.706085382
    2.094395102   -1.047197551  -39.299747255   36.664518214   -2.345391383
    2.268928028   -1.047197551  -35.205907224   10.012001677   -3.114125753
    2.443460953   -1.047197551  -35.714668874  -15.252035440   -4.841477337
    2.617993878   -1.047197551  -40.191613517  -34.873279911   -7.047692953
    2.792526803   -1.047197551  -47.380681258  -45.983581736   -9.071630208
    2.967059728   -1.047197551  -55.663010555  -47.441462610  -10.294194560

   -3.141592654   -0.872664626  -64.720252137  -39.832868282   -4.408127753
   -2.967059728   -0.872664626  -70.512781983  -26.073502993   -4.420840076
   -2.792526803   -0.872664626  -73.744412168  -11.227301985   -4.625397067
   -2.617993878   -0.872664626  -74.605828744    0.527799785   -5.451170053
   -2.443460953   -0.872664626  -73.891048888    6.604925156   -7.080550966
   -2.268928028   -0.872664626  -72.651782797    6.688881244   -9.434393500
   -2.094395102   -0.872664626  -71.807793848    2.489726019  -12.347014194
   -1.919862177   -0.872664626  -71.870209306   -3.218985110  -15.731747866
   -1.745329252   -0.872664626  -72.863206252   -7.798456056  -19.587455302
   -1.570796327   -0.872664626  -74.421038301   -9.520054335  -23.812700905
   -1.396263402   -0.872664626  -75.980022258   -7.815407238  -28.010598436
   -1.221730476   -0.872664626  -76.963926601   -3.081434618  -31.440741246
   -1.047197551   -0.872664626  -76.931042645    3.622504033  -33.206167847
   -0.872664626   -0.872664626  -75.660947792   10.823720102  -32.580708674
   -0.698131701   -0.872664626  -73.211889014   16.816644508  -29.320180456
   -0.523598776   -0.872664626  -69.954422627   19.818851914  -23.821827339
   -0.349065850   -0.872664626  -66.555610363   18.205200151  -17.066659431
   -0.174532925   -0.872664626  -63.923965282   10.918912420  -10.335724123
    0.000000000   -0.872664626  -63.063399541   -1.953564453   -4.849315511
    0.174532925   -0.872664626  -64.817025664  -18.578858031   -1.420602322
    0.349065850   -0.872664626  -69.525097303  -34.951075707   -0.225736984
    0.523598776   -0.872664626  -76.666062048  -45.487044570   -0.797216808
    0.698131701   -0.872664626  -84.723010001  -44.669648894   -2.225032297
    0.872664626   -0.872664626  -91.416019718  -29.771054352   -3.524754944
    1.047197551   -0.872664626  -94.393548164   -2.853846039   -4.013156987
    1.221730476   -0.872664626  -92.100442407   29.185608683   -3.505359344
    1.396263402   -0.872664626  -84.436151362   57.144214517   -2.271418153
    1.570796327   -0.872664626  -72.842614439   73.229906438   -0.804902912
    1.745329252   -0.872664626  -59.780768243   73.789787067    0.432263171
    1.919862177   -0.872664626  -47.921057900   59.982707713    1.138751563
    2.094395102   -0.872664626  -39.408746134   36.382105441    1.177874346
    2.268928028   -0.872664626  -35.443324643    8.853788222    0.554328715
    2.443460953   -0.872664626  -36.212179605  -17.003452733   -0.599547629
    2.617993878   -0.872664626  -41.012470328  -36.733914925   -2.004417728
    2.792526803   -0.872664626  -48.494828367  -47.400536912   -3.283507699
    2.967059728   -0.872664626  -56.955660849  -48.036118641   -4.112130470

   -3.141592654   -0.698131701  -64.865736423  -40.446247732    2.665027210
   -2.967059728   -0.698131701  -70.786865777  -26.987686430    1.093592103
   -2.792526803   -0.698131701  -74.227062048  -12.732997900   -1.179435978
   -2.617993878   -0.698131701  -75.411488246   -1.658576542   -4.091413333
   -2.443460953   -0.698131701  -75.127871100    3.889632043   -7.377542964
   -2.268928028   -0.698131701  -74.390963702    3.681899944  -10.703477380
   -2.094395102   -0.698131701  -74.086579604   -0.678107343  -13.868838464
   -1.919862177   -0.698131701  -74.717314177   -6.574887782  -16.888019998
   -1.745329252   -0.698131701  -76.315212034  -11.363459914  -19.872270801
   -1.570796327   -0.698131701  -78.500321273  -13.078133368  -22.771687070
   -1.396263402   -0.698131701  -80.640713170  -10.797875481  -25.203991396
   -1.221730476   -0.698131701  -82.037584153   -4.694466636  -26.502014845
   -1.047197551   -0.698131701  -82.112567493    4.091788245  -25.991253834
   -0.872664626   -0.698131701  -80.553336463   13.672262988  -23.339815351
   -0.698131701   -0.698131701  -77.417821386   21.738690691  -18.784601318
   -0.523598776   -0.698131701  -73.180112251   25.947839317  -13.110861787
   -0.349065850   -0.698131701  -68.690004363   24.376744110   -7.424118715
   -0.174532925   -0.698131701  -65.060644057   16.011913689   -2.776645866
    0.000000000   -0.698131701  -63.463550216    1.306221971    0.144128771
    0.174532925   -0.698131701  -64.826090876  -17.335134198    1.194517632
    0.349065850   -0.698131701  -69.467206663  -35.317066127    0.794115785
    0.523598776   -0.698131701  -76.753251973  -46.628851698   -0.252008693
    0.698131701   -0.698131701  -85.008167234  -45.663355854   -1.048299647
    0.872664626   -0.698131701  -91.810271646  -29.967677371   -0.971336093
    1.047197551   -0.698131701  -94.737828203   -2.111960525    0.092909381
    1.221730476   -0.698131701  -92.253791808   30.544520487    1.756334746
    1.396263402   -0.698131701  -84.335699190   58.601777305    3.406412838
    1.570796327   -0.698131701  -72.510737528   74.372806280    4.573071124
    1.745329252   -0.698131701  -59.291757521   74.440866709    5.132167009
    1.919862177   -0.698131701  -47.361055379   60.157997767    5.252467847
    2.094395102   -0.698131701  -38.854210097   36.161924092    5.179985903
    2.268928028   -0.698131701  -34.956856151    8.310151724    5.062707234
    2.443460953   -0.698131701  -35.842727008  -17.777960923    4.913351896
    2.617993878   -0.698131701  -40.787986475  -37.591168667    4.676537361
    2.792526803   -0.698131701  -48.414308282  -48.173073754    4.289855981
    2.967059728   -0.698131701  -56.996379251  -48.660453582    3.668103899

   -3.141592654   -0.523598776  -63.857169803  -42.472637717    8.470258345
   -2.967059728   -0.523598776  -70.217759941  -29.973557314    4.995497552
   -2.792526803   -0.523598776  -74.248787201  -16.451842152    0.542461400
   -2.617993878   -0.523598776  -76.115160824   -5.669470108   -4.266803426
   -2.443460953   -0.523598776  -76.520452441    0.078703687   -8.753890042
   -2.268928028   -0.523598776  -76.406360261    0.381914915  -12.443649036
   -2.094395102   -0.523598776  -76.630887401   -3.461229102  -15.240861077
   -1.919862177   -0.523598776  -77.717085120   -9.049596761  -17.378158790
   -1.745329252   -0.523598776  -79.732323557  -13.670573577  -19.151830833
   -1.570796327   -0.523598776  -82.295433768  -15.036279014  -20.595275450
   -1.396263402   -0.523598776  -84.709186359  -11.857000180  -21.337647828
   -1.221730476   -0.523598776  -86.162595303   -4.175402248  -20.754229449
   -1.047197551   -0.523598776  -85.975224905    6.612674583  -18.340801970
   -0.872664626   -0.523598776  -83.806674475   18.058849581  -14.094765147
   -0.698131701   -0.523598776  -79.793512618   27.248035616   -8.664674871
   -0.523598776   -0.523598776  -74.576488727   31.458723104   -3.160499935
   -0.349065850   -0.523598776  -69.205272622   28.799652856    1.242473165
   -0.174532925   -0.523598776  -64.953408625   18.648284470    3.759802467
    0.000000000   -0.523598776  -63.063963026    2.047888216    4.251581224
    0.174532925   -0.523598776  -64.431471620  -18.012497265    3.223558705
    0.349065850   -0.523598776  -69.253574429  -36.553187735    1.628119814
    0.523598776   -0.523598776  -76.733940060  -47.476440497    0.506064384
    0.698131701   -0.523598776  -85.049812390  -45.452737791    0.629535150
    0.872664626   -0.523598776  -91.708244550  -28.570715900    2.189058882
    1.047197551   -0.523598776  -94.318063801    0.010549743    4.730684563
    1.221730476   -0.523598776  -91.455380297   32.623825224    7.365523341
    1.396263402   -0.523598776  -83.227360296   59.998806156    9.239289760
    1.570796327   -0.523598776  -71.235437212   74.903027607    9.978530330
    1.745329252   -0.523598776  -57.982546720   74.375934958    9.814363158
    1.919862177   -0.523598776  -46.081458522   59.962326466    9.360285827
    2.094395102   -0.523598776  -37.593717368   36.176199238    9.205234296
    2.268928028   -0.523598776  -33.669182551    8.597478944    9.604267405
    2.443460953   -0.523598776  -34.492915459  -17.395146738   10.414170428
    2.617993878   -0.523598776  -39.383958533  -37.404514192   11.202433594
    2.792526803   -0.523598776  -47.016867128  -48.488478344   11.433053474
    2.967059728   -0.523598776  -55.717380587  -49.744484920   10.620101878

   -3.141592654   -0.349065850  -62.070801919  -46.072249728   11.385405954
   -2.967059728   -0.349065850  -69.185269116  -34.902664253    6.325371278
   -2.792526803   -0.349065850  -74.139977478  -21.952793607    0.359306346
   -2.617993878   -0.349065850  -76.951221366  -10.856094925   -5.470828224
   -2.443460953   -0.349065850  -78.181744250   -4.111765705  -10.274268338
   -2.268928028   -0.349065850  -78.691305466   -2.578312519  -13.620923659
   -2.094395102   -0.349065850  -79.338721298   -5.411527602  -15.627766625
   -1.919862177   -0.349065850  -80.708684774  -10.418832630  -16.760476279
   -1.745329252   -0.349065850  -82.934052649  -14.716911364  -17.454098086
   -1.570796327   -0.349065850  -85.643127692  -15.590880292  -17.765234085
   -1.396263402   -0.349065850  -88.071747471  -11.358226250  -17.286343975
   -1.221730476   -0.349065850  -89.300698357   -2.015002997  -15.397271507
   -1.047197551   -0.349065850  -88.572486515   10.636108330  -11.715491076
   -0.872664626   -0.349065850  -85.568863985   23.465693221   -6.488032123
   -0.698131701   -0.349065850  -80.567331434   32.954470154   -0.664051493
   -0.523598776   -0.349065850  -74.422829626   36.168622718    4.431307321
   -0.349065850   -0.349065850  -68.391441507   31.536400402    7.620079632
   -0.174532925   -0.349065850  -63.860753951   19.120254600    8.376649133
    0.000000000   -0.349065850  -62.056454128    0.729212985    7.020507179
    0.174532925   -0.349065850  -63.737769538  -20.088096537    4.567036528
    0.349065850   -0.349065850  -68.900392708  -38.189543143    2.348359698
    0.523598776   -0.349065850  -76.555019953  -47.720651001    1.514565408
    0.698131701   -0.349065850  -84.759969502  -43.950702811    2.651566075
    0.872664626   -0.349065850  -91.025600282  -25.699240315    5.544584973
    1.047197551   -0.349065850  -93.082190166    3.283183514    9.282744681
    1.221730476   -0.349065850  -89.693951469   35.206287078   12.629488834
    1.396263402   -0.349065850  -81.129737609   61.217934046   14.603874253
    1.570796327   -0.349065850  -69.046093507   74.807171616   14.943053312
    1.745329252   -0.349065850  -55.880133840   73.620932563   14.145917351
    1.919862177   -0.349065850  -44.107497559   59.376978776   13.139927212
    2.094395102   -0.349065850  -35.664016941   36.305688172   12.755140221
    2.268928028   -0.349065850  -31.647995898    9.480273405   13.323201870
    2.443460953   -0.349065850  -32.280908453  -16.194429133   14.582999021
    2.617993878   -0.349065850  -36.984887517  -36.587862233   15.810872027
    2.792526803   -0.349065850  -44.561933914  -48.778406215   16.114033136
    2.967059728   -0.349065850  -53.448441206  -51.642465262   14.742303676

   -3.141592654   -0.174532925  -60.063515343  -50.831592387   11.079424221
   -2.967059728   -0.174532925  -68.135904373  -40.945542787    5.342739382
   -2.792526803   -0.174532925  -74.178194237  -28.168340690   -0.936886306
   -2.617993878   -0.174532925  -78.008557327  -16.166197025   -6.584557461
   -2.443460953   -0.174532925  -80.035928570   -7.878045825  -10.774393539
   -2.268928028   -0.174532925  -81.061910362   -4.775163200  -13.293337729
   -2.094395102   -0.174532925  -81.986703432   -6.491623932  -14.495065168
   -1.919862177   -0.174532925  -83.490115239  -10.946410499  -14.979953883
   -1.745329252   -0.174532925  -85.782458727  -14.955970086  -15.169350315
   -1.570796327   -0.174532925  -88.494483751  -15.298792971  -15.008983354
   -1.396263402   -0.174532925  -90.782259122   -9.918310998  -13.979670052
   -1.221730476   -0.174532925  -91.616919658    1.132307892  -11.444634422
   -1.047197551   -0.174532925  -90.183864056   15.512780996   -7.136387830
   -0.872664626   -0.174532925  -86.226228650   29.336109369   -1.510276380
   -0.698131701   -0.174532925  -80.206003119   38.514081911    4.280714589
   -0.523598776   -0.174532925  -73.219271320   40.052645257    8.817224955
   -0.349065850   -0.174532925  -66.722025405   32.915355170   11.000930644
   -0.174532925   -0.174532925  -62.172250683   18.042227916   10.549371236
    0.000000000   -0.174532925  -60.709123506   -1.901893162    8.113415612
    0.174532925   -0.174532925  -62.884663767  -22.869618050    5.018299904
    0.349065850   -0.174532925  -68.443725213  -39.754418387    2.772527844
    0.523598776   -0.174532925  -76.196777435  -47.201697727    2.500513627
    0.698131701   -0.174532925  -84.118214813  -41.296249047    4.579177495
    0.872664626   -0.174532925  -89.784424511  -21.675920165    8.488744065
    1.047197551   -0.174532925  -91.111770709    7.378181305   13.040448165
    1.221730476   -0.174532925  -87.096878325   38.114422536   16.837959075
    1.396263402   -0.174532925  -78.183165340   62.284152473   18.874652058
    1.570796327   -0.174532925  -66.065782445   74.234236172   18.959840088
    1.745329252   -0.174532925  -53.082215253   72.287837380   17.707419763
    1.919862177   -0.174532925  -41.532148653   58.322962468   16.173620854
    2.094395102   -0.174532925  -33.194622085   36.207269848   15.303930488
    2.268928028   -0.174532925  -29.104358609   10.379993065   15.494581825
    2.443460953   -0.174532925  -29.531552535  -14.876679304   16.468609329
    2.617993878   -0.174532925  -34.036956350  -35.800518391   17.397080690
    2.792526803   -0.174532925  -41.593789894  -49.477093759   17.252383139
    2.967059728   -0.174532925  -50.778049828  -54.403621328   15.219506030

   -3.141592654    0.000000000  -58.343647581  -55.891571073    8.278072248
   -2.967059728    0.000000000  -67.393883544  -46.895120832    2.988077179
   -2.792526803    0.000000000  -74.467356145  -33.834801106   -2.367328515
   -2.617993878    0.000000000  -79.188273889  -20.583882848   -6.784968502
   -2.443460953    0.000000000  -81.844662113  -10.659963746   -9.733952574
   -2.268928028    0.000000000  -83.226925688   -6.158187728  -11.304360604
   -2.094395102    0.000000000  -84.313651963   -7.072389739  -12.025504867
   -1.919862177    0.000000000  -85.889657211  -11.256252997  -12.473367918
   -1.745329252    0.000000000  -88.224087101  -15.095163470  -12.873007962
   -1.570796327    0.000000000  -90.918071844  -14.840482412  -12.919586621
   -1.396263402    0.000000000  -93.022801182   -8.158351709  -11.924314013
   -1.221730476    0.000000000  -93.397615703    4.686858844   -9.248698412
   -1.047197551    0.000000000  -91.194049171   20.696164914   -4.782716473
   -0.872664626    0.000000000  -86.253001396   35.204807997    0.804216771
   -0.698131701    0.000000000  -79.250400347   43.650824019    6.221538086
   -0.523598776    0.000000000  -71.529596600   43.142196713   10.073153546
   -0.349065850    0.000000000  -64.724025871   33.326973910   11.441459811
   -0.174532925    0.000000000  -60.319247470   16.098951467   10.297224615
    0.000000000    0.000000000  -59.320291299   -5.040181328    7.512468454
    0.174532925    0.000000000  -62.035538220  -25.652611929    4.525339395
    0.349065850    0.000000000  -67.946682100  -40.827120921    2.811761642
    0.523598776    0.000000000  -75.680262671  -45.861599565    3.334735368
    0.698131701    0.000000000  -83.164317805  -37.741772421    6.246213070
    0.872664626    0.000000000  -88.084554113  -16.905542408   10.829148070
    1.047197551    0.000000000  -88.575901913   11.939448209   15.793291922
    1.221730476    0.000000000  -83.879653022   41.189132681   19.756107627
    1.396263402    0.000000000  -74.610666818   63.260746219   21.772338763
    1.570796327    0.000000000  -62.493992567   73.362698293   21.685540037
    1.745329252    0.000000000  -49.760163798   70.487833461   20.089402644
    1.919862177    0.000000000  -38.525569896   56.681222045   18.005485416
    2.094395102    0.000000000  -30.402371901   35.464354624   16.384726230
    2.268928028    0.000000000  -26.350616399   10.638791888   15.686074222
    2.443460953    0.000000000  -26.681659715  -14.174919632   15.731844448
    2.617993878    0.000000000  -31.094955582  -35.620624030   15.792510786
    2.792526803    0.000000000  -38.737612154  -50.778890835   14.937458630
    2.967059728    0.000000000  -48.320269384  -57.692174337   12.462486230

   -3.141592654    0.174532925  -57.243273994  -60.311886242    4.176295904
   -2.967059728    0.174532925  -67.109433278  -51.653989218    0.226025007
   -2.792526803    0.174532925  -74.972670817  -37.974944841   -3.380454355
   -2.617993878    0.174532925  -80.312896802  -23.479923221   -6.014666047
   -2.443460953    0.174532925  -83.359439724  -12.277299952   -7.539926038
   -2.268928028    0.174532925  -84.943800431   -6.959688897   -8.325914638
   -2.094395102    0.174532925  -86.144289898   -7.664963005   -8.966444082
   -1.919862177    0.174532925  -87.833364715  -11.971570216   -9.870519488
   -1.745329252    0.174532925  -90.292927647  -15.730315632  -10.946994965
   -1.570796327    0.174532925  -93.043721714  -14.714950704  -11.577104090
   -1.396263402    0.174532925  -95.001905016   -6.488709296  -10.909860460
   -1.221730476    0.174532925  -94.919023153    8.271572498   -8.361275162
   -1.047197551    0.174532925  -91.945505999   25.801246278   -4.039396652
   -0.872664626    0.174532925  -86.058478795   40.702793794    1.163712300
   -0.698131701    0.174532925  -78.166202287   48.110045490    5.888664018
   -0.523598776    0.174532925  -69.844736356   45.423438554    8.885476586
   -0.349065850    0.174532925  -62.863624521   33.073518387    9.531143843
   -0.174532925    0.174532925  -58.689084742   13.875879073    8.083736742
    0.000000000    0.174532925  -58.160448822   -7.962629501    5.561511381
    0.174532925    0.174532925  -61.337402894  -27.779700390    3.355021953
    0.349065850    0.174532925  -67.460621269  -40.992269665    2.724765175
    0.523598776    0.174532925  -75.012354451  -43.611215431    4.340951909
    0.698131701    0.174532925  -81.916468103  -33.490778459    8.089392566
    0.872664626    0.174532925  -85.996472066  -11.758484808   13.109779631
    1.047197551    0.174532925  -85.612443840   16.592315562   18.123181512
    1.221730476    0.174532925  -80.236180968   44.178081436   21.886519833
    1.396263402    0.174532925  -70.635785846   64.056555904   23.604897273
    1.570796327    0.174532925  -58.559642856   72.204886620   23.178056897
    1.745329252    0.174532925  -46.140292073   68.215630476   21.137937369
    1.919862177    0.174532925  -35.325364605   54.310673227   18.391079633
    2.094395102    0.174532925  -27.565975818   33.746105838   15.822749857
    2.268928028    0.174532925  -23.737355084    9.780771308   13.940825332
    2.443460953    0.174532925  -24.167760006  -14.566933035   12.733810813
    2.617993878    0.174532925  -28.664515151  -36.327541060   11.709674611
    2.792526803    0.174532925  -36.516658933  -52.581905658   10.189841803
    2.967059728    0.174532925  -46.540557802  -60.946952336    7.675904930

   -3.141592654    0.349065850  -56.887969855  -63.435373098   -0.080597250
   -2.967059728    0.349065850  -67.294118589  -54.604156654   -2.300223020
   -2.792526803    0.349065850  -75.613769088  -40.176005126   -3.936180371
   -2.617993878    0.349065850  -81.254756945  -24.730153668   -4.788424043
   -2.443460953    0.349065850  -84.454931704  -12.868982918   -5.075930464
   -2.268928028    0.349065850  -86.127321961   -7.479797642   -5.341397168
   -2.094395102    0.349065850  -87.450852615   -8.607988096   -6.125677991
   -1.919862177    0.349065850  -89.348766315  -13.376551873   -7.595306245
   -1.745329252    0.349065850  -92.058263848  -17.055291398   -9.337808367
   -1.570796327    0.349065850  -94.968173957  -15.052994480  -10.480640248
   -1.396263402    0.349065850  -96.838512563   -5.046800515  -10.109795675
   -1.221730476    0.349065850  -96.329967292   11.671061134   -7.785717688
   -1.047197551    0.349065850  -92.633685368   30.511492735   -3.869874536
   -0.872664626    0.349065850  -85.898925095   45.466389404    0.571232614
   -0.698131701    0.349065850  -77.268980288   51.599792914    4.228607921
   -0.523598776    0.349065850  -68.515157163   46.809285542    6.139889437
   -0.349065850    0.349065850  -61.482194628   32.352024162    6.082279933
   -0.174532925    0.349065850  -57.564323773   11.838519278    4.624268945
    0.000000000    0.349065850  -57.415049136  -10.046109673    2.866443361
    0.174532925    0.349065850  -60.864855653  -28.631941265    2.026911068
    0.349065850    0.349065850  -66.963796523  -39.785633566    3.010588017
    0.523598776    0.349065850  -74.111095555  -40.234674358    6.083022473
    0.698131701    0.349065850  -80.278483618  -28.592735626   10.798860546
    0.872664626    0.349065850  -83.452647447   -6.500596293   16.143388890
    1.047197551    0.349065850  -82.212810298   20.944581823   20.886423599
    1.221730476    0.349065850  -76.229844172   46.665054755   23.999569322
    1.396263402    0.349065850  -66.390206845   64.314400058   24.938906444
    1.570796327    0.349065850  -54.448215884   70.503551877   23.756612709
    1.745329252    0.349065850  -42.444826757   65.300806386   20.985710657
    1.919862177    0.349065850  -32.179279584   51.079026447   17.424946012
    2.094395102    0.349065850  -24.956598123   30.911770689   13.857430729
    2.268928028    0.349065850  -21.561832420    7.652766039   10.798309760
    2.443460953    0.349065850  -22.311064376  -16.158683258    8.390003143
    2.617993878    0.349065850  -27.073848551  -37.877855482    6.408351053
    2.792526803    0.349065850  -35.231830604  -54.606699603    4.470292105
    2.967059728    0.349065850  -45.669325738  -63.648307058    2.292604918

   -3.141592654    0.523598776  -57.226872945  -65.056967249   -3.662462712
   -2.967059728    0.523598776  -67.874224131  -55.698301231   -4.262804774
   -2.792526803    0.523598776  -76.325040439  -40.576812715   -4.210029885
   -2.617993878    0.523598776  -81.985545444  -24.608952020   -3.667692653
   -2.443460953    0.523598776  -85.154352015  -12.729262063   -3.089312359
   -2.268928028    0.523598776  -86.844385173   -7.905953945   -3.054582987
   -2.094395102    0.523598776  -88.317315528   -9.902929102   -3.958944405
   -1.919862177    0.523598776  -90.503584426  -15.292444560   -5.723601413
   -1.745329252    0.523598776  -93.546959496  -18.801103161   -7.713569038
   -1.570796327    0.523598776  -96.673445747  -15.634199608   -8.969381233
   -1.396263402    0.523598776  -98.490068755   -3.788637823   -8.682861540
   -1.221730476    0.523598776  -97.600451010   14.695570129   -6.653862101
   -1.047197551    0.523598776  -93.279648826   34.447718723   -3.472964020
   -0.872664626    0.523598776  -85.869056343   49.058119057   -0.247151928
   -0.698131701    0.523598776  -76.723116835   53.785038796    1.946017409
   -0.523598776    0.523598776  -67.745191192   47.192392201    2.578156970
   -0.349065850    0.523598776  -60.779086105   31.326161776    1.887214538
   -0.174532925    0.523598776  -57.094612048   10.379430726    0.718951816
    0.000000000    0.523598776  -57.152404262  -10.771362710    0.164148414
    0.174532925    0.523598776  -60.593373332  -27.684925761    1.159582970
    0.349065850    0.523598776  -66.347789447  -36.784783538    4.161756969
    0.523598776    0.523598776  -72.809137368  -35.489124260    8.966176304
    0.698131701    0.523598776  -78.059617999  -23.026462393   14.751016614
    0.872664626    0.523598776  -80.278825909   -1.338067276   20.320677628
    1.047197551    0.523598776  -78.256437875   24.596622967   24.496119280
    1.221730476    0.523598776  -71.820972115   48.139256822   26.504969432
    1.396263402    0.523598776  -61.924784469   63.526676123   26.148217865
    1.570796327    0.523598776  -50.290479876   67.866465601   23.753530651
    1.745329252    0.523598776  -38.857639661   61.532374479   19.964652537
    1.919862177    0.523598776  -29.291632738   46.957357946   15.524015305
    2.094395102    0.523598776  -22.771083734   27.066669991   11.093128092
    2.268928028    0.523598776  -19.995157168    4.436383649    7.128874479
    2.443460953    0.523598776  -21.247006025  -18.725440794    3.850302763
    2.617993878    0.523598776  -26.415916244  -40.009861043    1.240962263
    2.792526803    0.523598776  -34.927503344  -56.560491989   -0.831574567
    2.967059728    0.523598776  -45.699614525  -65.511103231   -2.476518458

   -3.141592654    0.698131701  -58.090975623  -65.370279530   -6.036061672
   -2.967059728    0.698131701  -68.730934220  -55.309589103   -5.435662536
   -2.792526803    0.698131701  -77.063638890  -39.658022121   -4.233922042
   -2.617993878    0.698131701  -82.546965492  -23.581776962   -2.838003733
   -2.443460953    0.698131701  -85.568807501  -12.165357505   -1.795661332
   -2.268928028    0.698131701  -87.237301987   -8.275423233   -1.601098107
   -2.094395102    0.698131701  -88.866009661  -11.287708859   -2.447513354
   -1.919862177    0.698131701  -91.353389440  -17.239128548   -4.057671223
   -1.745329252    0.698131701  -94.724078810  -20.444663412   -5.728240986
   -1.570796327    0.698131701  -98.044597962  -16.096013895   -6.625828727
   -1.396263402    0.698131701  -99.803603802   -2.655111824   -6.229256727
   -1.221730476    0.698131701  -98.595618492   17.089015884   -4.640192230
   -1.047197551    0.698131701  -93.812449575   37.163749559   -2.586251626
   -0.872664626    0.698131701  -85.977936681   51.042195157   -1.016595204
   -0.698131701    0.698131701  -76.599312652   54.418064583   -0.573116970
   -0.523598776    0.698131701  -67.625567338   46.594510460   -1.237402660
   -0.349065850    0.698131701  -60.819250991   30.256257479   -2.326040950
   -0.174532925    0.698131701  -57.285975449    9.892872383   -2.827612569
    0.000000000    0.698131701  -57.306852452   -9.730676562   -1.802281588
    0.174532925    0.698131701  -60.391927220  -24.609358761    1.294655553
    0.349065850    0.698131701  -65.434930173  -31.788382461    6.420808225
    0.523598776    0.698131701  -70.906394664  -29.319956466   12.905386029
    0.698131701    0.698131701  -75.063352113  -16.887194011   19.581525737
    0.872664626    0.698131701  -76.308080567    3.489025948   25.108676856
    1.047197551    0.698131701  -73.629670374   27.182990795   28.393038281
    1.221730476    0.698131701  -66.966722528   48.166364251   28.952062454
    1.396263402    0.698131701  -57.271859957   61.283028648   26.985148507
    1.570796327    0.698131701  -46.180505143   64.012923595   23.166214117
    1.745329252    0.698131701  -35.504548351   56.835332552   18.316658953
    1.919862177    0.698131701  -26.781781690   42.091283583   13.155470546
    2.094395102    0.698131701  -21.087300440   22.529606426    8.201991540
    2.268928028    0.698131701  -19.050583249    0.537819093    3.786778589
    2.443460953    0.698131701  -20.916975679  -21.863845851    0.108653366
    2.617993878    0.698131701  -26.567623831  -42.399514250   -2.738565174
    2.792526803    0.698131701  -35.435383009  -58.257311995   -4.718525013
    2.967059728    0.698131701  -46.445926904  -66.530392805   -5.818650978

   -3.141592654    0.872664626  -59.250424494  -64.763138245   -7.120555979
   -2.967059728    0.872664626  -69.716281275  -53.972129395   -5.817584949
   -2.792526803    0.872664626  -77.779777462  -37.989515370   -4.028235539
   -2.617993878    0.872664626  -82.982209801  -22.122261923   -2.280895661
   -2.443460953    0.872664626  -85.806477994  -11.430347381   -1.100008715
   -2.268928028    0.872664626  -87.432945308   -8.542503910   -0.810237224
   -2.094395102    0.872664626  -89.189496414  -12.425072362   -1.384860382
   -1.919862177    0.872664626  -91.913957398  -18.701134871   -2.421658131
   -1.745329252    0.872664626  -95.513762814  -21.486957875   -3.306624692
   -1.570796327    0.872664626  -98.935024421  -16.153796978   -3.520514410
   -1.396263402    0.872664626 -100.610297729   -1.681722915   -2.956501156
   -1.221730476    0.872664626  -99.178492570   18.543609504   -2.015566491
   -1.047197551    0.872664626  -94.160258588   38.257337376   -1.420909260
   -0.872664626    0.872664626  -86.216278617   51.136785526   -1.760299657
   -0.698131701    0.872664626  -76.915768025   53.478694116   -3.082144951
   -0.523598776    0.872664626  -68.153688904   45.262846541   -4.786606768
   -0.349065850    0.872664626  -61.541207338   29.544253389   -5.843187103
   -0.174532925    0.872664626  -58.005265815   10.770456951   -5.245655405
    0.000000000    0.872664626  -57.688439733   -6.684359882   -2.373930234
    0.174532925    0.872664626  -60.047694433  -19.388072722    2.818980991
    0.349065850    0.872664626  -64.028781062  -24.993169105    9.778802497
    0.523598776    0.872664626  -68.254936408  -22.071065119   17.442465679
    0.698131701    0.872664626  -71.208068467  -10.575573813   24.428952362
    0.872664626    0.872664626  -71.527765847    7.603459249   29.392081937
    1.047197551    0.872664626  -68.379748468   28.399316808   31.426765586
    1.221730476    0.872664626  -61.758949620   46.541471931   30.378696412
    1.396263402    0.872664626  -52.549049641   57.496041308   26.830362297
    1.570796327    0.872664626  -42.239429241   58.993277729   21.764191446
    1.745329252    0.872664626  -32.484574558   51.414346787   16.145657395
    1.919862177    0.872664626  -24.699711735   36.834727722   10.649725701
    2.094395102    0.872664626  -19.883160289   17.763727715    5.631629409
    2.268928028    0.872664626  -18.620939076   -3.545493335    1.254050088
    2.443460953    0.872664626  -21.130735268  -25.135032102   -2.372940727
    2.617993878    0.872664626  -27.273958258  -44.757123153   -5.128040961
    2.792526803    0.872664626  -36.468046273  -59.623684710   -6.881236525
    2.967059728    0.872664626  -47.629087192  -66.875526807   -7.539827039

   -3.141592654    1.047197551  -60.521743691  -63.659042787   -7.443201460
   -2.967059728    1.047197551  -70.729779716  -52.196016017   -5.854933572
   -2.792526803    1.047197551  -78.461653960  -36.058142806   -3.900952998
   -2.617993878    1.047197551  -83.354366090  -20.585099022   -2.136664231
   -2.443460953    1.047197551  -85.974514472  -10.664266280   -0.989171693
   -2.268928028    1.047197551  -87.541339870   -8.600626752   -0.579370584
   -2.094395102    1.047197551  -89.360039022  -13.002741414   -0.682219123
   -1.919862177    1.047197551  -92.193239070  -19.278509076   -0.853039052
   -1.745329252    1.047197551  -95.858252151  -21.602096408   -0.689621834
   -1.570796327    1.047197551  -99.246827967  -15.687573221   -0.099060401
   -1.396263402    1.047197551 -100.812334168   -0.982912750    0.576046469
   -1.221730476    1.047197551  -99.285141032   18.812737101    0.705332449
   -1.047197551    1.047197551  -94.300801475   37.529752608   -0.281041655
   -0.872664626    1.047197551  -86.580092767   49.350206512   -2.466896796
   -0.698131701    1.047197551  -77.644158391   51.235495149   -5.252719395
   -0.523598776    1.047197551  -69.236451050   43.647598453   -7.519020421
   -0.349065850    1.047197551  -62.768997958   29.658548995   -8.041878970
   -0.174532925    1.047197551  -59.006456242   13.319296824   -5.994665762
    0.000000000    1.047197551  -58.021614145   -1.617440717   -1.217028019
    0.174532925    1.047197551  -59.311915477  -12.342682863    5.772235160
    0.349065850    1.047197551  -61.962961717  -17.004552577   13.930605887
    0.523598776    1.047197551  -64.809345944  -14.493353049   21.919931318
    0.698131701    1.047197551  -66.578859830   -4.804647936   28.337838493
    0.872664626    1.047197551  -66.131502462   10.497715780   32.043132993
    1.047197551    1.047197551  -62.763452641   28.035231199   32.474790638
    1.221730476    1.047197551  -56.464999771   43.344027664   29.847863334
    1.396263402    1.047197551  -47.990099554   52.455361127   25.050223619
    1.570796327    1.047197551  -38.639273401   53.210606002   19.234452085
    1.745329252    1.047197551  -29.894733707   45.718071254   13.381230833
    1.919862177    1.047197551  -23.062638334   31.651002532    8.049085868
    2.094395102    1.047197551  -19.095011595   13.229506408    3.409184594
    2.268928028    1.047197551  -18.564645910   -7.388012534   -0.548311940
    2.443460953    1.047197551  -21.679450882  -28.204187004   -3.820804666
    2.617993878    1.047197551  -28.280510236  -46.905429891   -6.299318375
    2.792526803    1.047197551  -37.757810557  -60.691012646   -7.802739364
    2.967059728    1.047197551  -49.006030530  -66.795645583   -8.179109166

   -3.141592654    1.221730476  -61.864255629  -62.399795532   -8.170106434
   -2.967059728    1.221730476  -71.793109440  -50.340310360   -6.595778698
   -2.792526803    1.221730476  -79.189021588  -34.156624797   -4.719708361
   -2.617993878    1.221730476  -83.783332474  -19.128621502   -3.062294163
   -2.443460953    1.221730476  -86.206109153   -9.859818838   -1.925027241
   -2.268928028    1.221730476  -87.680713663   -8.292992236   -1.242593249
   -2.094395102    1.221730476  -89.459871242  -12.779686125   -0.651701665
   -1.919862177    1.221730476  -92.231097899  -18.743698018    0.250894354
   -1.745329252    1.221730476  -95.765789614  -20.667487839    1.582768337
   -1.570796327    1.221730476  -98.979129532  -14.713195884    2.987170988
   -1.396263402    1.221730476 -100.420260507   -0.657499592    3.725647317
   -1.221730476    1.221730476  -98.941717519   17.841139503    3.050119558
   -1.047197551    1.221730476  -94.256495916   35.096673696    0.658491599
   -0.872664626    1.221730476  -87.052128834   46.020205982   -2.985317786
   -0.698131701    1.221730476  -78.692449966   48.190029971   -6.697599393
   -0.523598776    1.221730476  -70.690110945   42.268647455   -8.982618437
   -0.349065850    1.221730476  -64.238673384   30.972002811   -8.588893093
   -0.174532925    1.221730476  -59.983402010   17.633015104   -4.990988182
    0.000000000    1.221730476  -58.013770179    5.215279782    1.457068098
    0.174532925    1.221730476  -57.967065801   -4.071885913    9.679033038
    0.349065850    1.221730476  -59.148940187   -8.681407426   18.209991859
    0.523598776    1.221730476  -60.642400240   -7.541994801   25.562138347
    0.698131701    1.221730476  -61.408172728   -0.411995458   30.496965770
    0.872664626    1.221730476  -60.472561698   11.651054464   32.281235476
    1.047197551    1.221730476  -57.188653319   25.991270015   30.847691140
    1.221730476    1.221730476  -51.474894245   38.860217802   26.809787149
    1.396263402    1.221730476  -43.911637082   46.687585387   21.251085049
    1.570796327    1.221730476  -35.596755225   47.257013266   15.309241724
    1.745329252    1.221730476  -27.852347302   40.279420545    9.806605142
    1.919862177    1.221730476  -21.903965302   26.967605231    5.088774118
    2.094395102    1.221730476  -18.690591612    9.254653257    1.129493444
    2.268928028    1.221730476  -18.799896274  -10.748215522   -2.227449925
    2.443460953    1.221730476  -22.447081947  -30.923207279   -5.061251129
    2.617993878    1.221730476  -29.455434241  -48.815344328   -7.271922332
    2.792526803    1.221730476  -39.179869530  -61.572083551   -8.634957500
    2.967059728    1.221730476  -50.483770593  -66.539797232   -8.939535380

   -3.141592654    1.396263402  -63.450520420  -61.234013512  -10.360603210
   -2.967059728    1.396263402  -73.118543812  -48.601802050   -8.965298883
   -2.792526803    1.396263402  -80.199860963  -32.375102024   -7.234942533
   -2.617993878    1.396263402  -84.511318970  -17.710002992   -5.628708311
   -2.443460953    1.396263402  -86.725367751   -8.859552037   -4.338322747
   -2.268928028    1.396263402  -88.041713718   -7.406483124   -3.171987150
   -2.094395102    1.396263402  -89.643356130  -11.566531542   -1.708536776
   -1.919862177    1.396263402  -92.155882443  -16.995170565    0.350836482
   -1.745329252    1.396263402  -95.356057397  -18.682012344    2.832365228
   -1.570796327    1.396263402  -98.256443537  -13.271693329    4.995278694
   -1.396263402    1.396263402  -99.561301598   -0.675011468    5.825037813
   -1.221730476    1.396263402  -98.255370653   15.843997776    4.573863504
   -1.047197551    1.396263402  -94.076958889   31.401269272    1.256293064
   -0.872664626    1.396263402  -87.588824172   41.750541725   -3.180197898
   -0.698131701    1.396263402  -79.908748880   44.949838028   -7.133757777
   -0.523598776    1.396263402  -72.269701656   41.556026541   -8.931284994
   -0.349065850    1.396263402  -65.655630846   33.608240812   -7.446593146
   -0.174532925    1.396263402  -60.650468749   23.485368688   -2.506551346
    0.000000000    1.396263402  -57.447453541   13.268583350    5.068094530
    0.174532925    1.396263402  -55.913300200    4.637155152   13.748702407
    0.349065850    1.396263402  -55.637705513   -0.944861707   21.770105291
    0.523598776    1.396263402  -55.967452576   -2.128619673   27.618428479
    0.698131701    1.396263402  -56.055281230    1.870652406   30.349318899
    0.872664626    1.396263402  -55.010237007   10.668742096   29.762152920
    1.047197551    1.396263402  -52.147623723   22.286843719   26.365292623
    1.221730476    1.396263402  -47.244176985   33.472023680   21.166686878
    1.396263402    1.396263402  -40.682058188   40.779250979   15.337713495
    1.570796327    1.396263402  -33.374200800   41.733283099    9.835305726
    1.745329252    1.396263402  -26.524407145   35.574504450    5.168460563
    1.919862177    1.396263402  -21.322784140   23.085863411    1.382406553
    2.094395102    1.396263402  -18.730553801    5.984043763   -1.754992188
    2.268928028    1.396263402  -19.372598277  -13.594870980   -4.509113573
    2.443460953    1.396263402  -23.481670692  -33.344281126   -6.993494746
    2.617993878    1.396263402  -30.862310110  -50.611060732   -9.085711134
    2.792526803    1.396263402  -40.825412549  -62.458663807  -10.499535596
    2.967059728    1.396263402  -52.191577258  -66.348639842  -10.949880651

   -3.141592654    1.570796327  -65.577438605  -60.301332058  -14.326219931
   -2.967059728    1.570796327  -75.020336693  -47.034066097  -13.132694061
   -2.792526803    1.570796327  -81.808166518  -30.655285412  -11.478763943
   -2.617993878    1.570796327  -85.832847309  -16.170000927   -9.770422948
   -2.443460953    1.570796327  -87.794013780   -7.460012030   -8.137953638
   -2.268928028    1.570796327  -88.852726796   -5.777229861   -6.344495991
   -2.094395102    1.570796327  -90.119263803   -9.310828105   -3.989220601
   -1.919862177    1.570796327  -92.178484716  -14.105287418   -0.904562322
   -1.745329252    1.570796327  -94.858999481  -15.773636972    2.505084823
   -1.570796327    1.570796327  -97.326362464  -11.412683276    5.256784759
   -1.396263402    1.570796327  -98.474167966   -0.864194574    6.226603780
   -1.221730476    1.570796327  -97.409503911   13.287151368    4.778666178
   -1.047197551    1.570796327  -93.841075181   27.156754578    1.232117027
   -0.872664626    1.570796327  -88.134539966   37.333684359   -3.131784127
   -0.698131701    1.570796327  -81.108663283   42.159561391   -6.532619394
   -0.523598776    1.570796327  -73.706070069   41.810262328   -7.359394191
   -0.349065850    1.570796327  -66.735717909   37.434294053   -4.758996429
   -0.174532925    1.570796327  -60.782565660   30.348776263    1.083130089
    0.000000000    1.570796327  -56.214957238   21.751736699    9.004913903
    0.174532925    1.570796327  -53.192050964   12.892797777   17.221704169
    0.349065850    1.570796327  -51.624299192    5.357339995   23.860596779
    0.523598776    1.570796327  -51.115218792    1.055996476   27.519309360
    0.698131701    1.570796327  -50.951318871    1.594770077   27.619305639
    0.872664626    1.570796327  -50.228322460    7.399795146   24.511139828
    1.047197551    1.570796327  -48.123636473   17.074274697   19.256143147
    1.221730476    1.570796327  -44.207422004   27.568445468   13.200385220
    1.396263402    1.570796327  -38.656405880   35.230439082    7.512327936
    1.570796327    1.570796327  -32.240289355   37.108789995    2.862372156
    1.745329252    1.570796327  -26.108444655   31.937980408   -0.646593091
    1.919862177    1.570796327  -21.473250076   20.167952956   -3.322256547
    2.094395102    1.570796327  -19.354596020    3.426929388   -5.606012791
    2.268928028    1.570796327  -20.430730637  -16.023870972   -7.839415937
    2.443460953    1.570796327  -24.953736068  -35.623839545  -10.122378891
    2.617993878    1.570796327  -32.701943577  -52.478934213  -12.268738411
    2.792526803    1.570796327  -42.928912224  -63.547812369  -13.901154036
    2.967059728    1.570796327  -54.397605338  -66.406990777  -14.640071086

   -3.141592654    1.745329252  -68.496412405  -59.590415557  -19.201549840
   -2.967059728    1.745329252  -77.742196878  -45.559506613  -18.120580405
   -2.792526803    1.745329252  -84.238450236  -28.858349291  -16.416520874
   -2.617993878    1.745329252  -87.945275495  -14.345868341  -14.469616935
   -2.443460953    1.745329252  -89.584003773   -5.547531425  -12.407804782
   -2.268928028    1.745329252  -90.276315301   -3.423758394  -10.029448728
   -2.094395102    1.745329252  -91.068777007   -6.209283583   -7.014333878
   -1.919862177    1.745329252  -92.527805815  -10.409156323   -3.314957742
   -1.745329252    1.745329252  -94.564653885  -12.278115241    0.548021694
   -1.570796327    1.745329252  -96.523661282   -9.281772000    3.544759845
   -1.396263402    1.745329252  -97.490157171   -1.020691228    4.637072332
   -1.221730476    1.745329252  -96.665084583   10.766307805    3.402602269
   -1.047197551    1.745329252  -93.678752482   23.238304926    0.409498674
   -0.872664626    1.745329252  -88.658605328   33.689285374   -2.930232958
   -0.698131701    1.745329252  -82.117168050   40.509478653   -4.936050892
   -0.523598776    1.745329252  -74.740028854   43.279856915   -4.317530614
   -0.349065850    1.745329252  -67.221700522   42.179862268   -0.641076371
   -0.174532925    1.745329252  -60.210055160   37.515278702    5.558992761
    0.000000000    1.745329252  -54.294340015   29.720489112   12.940060240
    0.174532925    1.745329252  -49.949231769   19.755060239   19.714647621
    0.349065850    1.745329252  -47.403382574    9.485833024   24.153893216
    0.523598776    1.745329252  -46.483570088    1.575606982   25.131352664
    0.698131701    1.745329252  -46.542704842   -1.366216028   22.470593421
    0.872664626    1.745329252  -46.572158363    1.968311518   17.001597556
    1.047197551    1.745329252  -45.524609340   10.643463790   10.212284123
    1.221730476    1.745329252  -42.714048349   21.516563510    3.668813109
    1.396263402    1.745329252  -38.119296854   30.405523896   -1.542715046
    1.570796327    1.745329252  -32.421307264   33.679720248   -5.079715839
    1.745329252    1.745329252  -26.788452351   29.555024152   -7.261703259
    1.919862177    1.745329252  -22.517939990   18.275120952   -8.750688472
    2.094395102    1.745329252  -20.724228441    1.539091590  -10.186656018
    2.268928028    1.745329252  -22.149785645  -18.144405961  -11.960018737
    2.443460953    1.745329252  -27.060194946  -37.892372236  -14.120480037
    2.617993878    1.745329252  -35.193285959  -54.536995142  -16.385507995
    2.792526803    1.745329252  -45.727349429  -64.926301030  -18.267805947
    2.967059728    1.745329252  -57.350346941  -66.758145288  -19.287748492

   -3.141592654    1.919862177  -72.234622114  -58.981716640  -23.405652426
   -2.967059728    1.919862177  -81.289651970  -44.051066776  -22.281143695
   -2.792526803    1.919862177  -87.474471172  -26.866998421  -20.410364251
   -2.617993878    1.919862177  -90.815397431  -12.169860805  -18.174282376
   -2.443460953    1.919862177  -92.059344750   -3.170638277  -15.741981319
   -2.268928028    1.919862177  -92.300307355   -0.579669876  -13.003730727
   -2.094395102    1.919862177  -92.538807466   -2.702331434   -9.755787626
   -1.919862177    1.919862177  -93.341084834   -6.480101240   -6.037710528
   -1.745329252    1.919862177  -94.709719946   -8.725778194   -2.354695284
   -1.570796327    1.919862177  -96.157746675   -7.147203135    0.422149351
   -1.396263402    1.919862177  -96.929960647   -0.988280049    1.533626534
   -1.221730476    1.919862177  -96.276047482    8.878502111    0.855760615
   -1.047197551    1.919862177  -93.711115934   20.533423348   -0.873624216
   -0.872664626    1.919862177  -89.120745416   31.731113200   -2.330617628
   -0.698131701    1.919862177  -82.753040739   40.656576446   -2.208522014
   -0.523598776    1.919862177  -75.113979623   46.159942331    0.224948690
   -0.349065850    1.919862177  -66.868209741   47.512651065    4.861440490
   -0.174532925    1.919862177  -58.785756093   44.220094709   10.839996136
    0.000000000    1.919862177  -51.693879068   36.203964945   16.801037296
    0.174532925    1.919862177  -46.360308812   24.325771052   21.213936620
    0.349065850    1.919862177  -43.283203055   10.846464046   22.761782964
    0.523598776    1.919862177  -42.449023547   -0.755354079   20.770263894
    0.698131701    1.919862177  -43.204812043   -6.832859895   15.487413341
    0.872664626    1.919862177  -44.364177769   -5.228889820    8.099114620
    1.047197551    1.919862177  -44.597142709    3.441253121    0.321107800
    1.221730476    1.919862177  -42.937617123   15.694307871   -6.235386292
    1.396263402    1.919862177  -39.188328896   26.565737529  -10.654562460
    1.570796327    1.919862177  -33.999330456   31.595940822  -12.924054006
    1.745329252    1.919862177  -28.628462081   28.488905991  -13.738377002
    1.919862177    1.919862177  -24.515653879   17.408583281  -14.058346612
    2.094395102    1.919862177  -22.901554883    0.286201836  -14.681261694
    2.268928028    1.919862177  -24.598557397  -19.994485769  -16.012399732
    2.443460953    1.919862177  -29.874433824  -40.161492608  -18.024043679
    2.617993878    1.919862177  -38.407992305  -56.753575905  -20.321811243
    2.792526803    1.919862177  -49.283040706  -66.520679168  -22.313249329
    2.967059728    1.919862177  -61.096536427  -67.299026296  -23.440977696

   -3.141592654    2.094395102  -76.527989081  -58.293083326  -25.369033810
   -2.967059728    2.094395102  -85.372057471  -42.388619308  -24.077508255
   -2.792526803    2.094395102  -91.211047535  -24.637872630  -21.998944950
   -2.617993878    2.094395102  -94.138477828   -9.695330444  -19.518188174
   -2.443460953    2.094395102  -94.935640141   -0.516202704  -16.858449090
   -2.268928028    2.094395102  -94.687652821    2.394493120  -14.030738285
   -2.094395102    2.094395102  -94.371075713    0.673071173  -10.968538778
   -1.919862177    2.094395102  -94.564134276   -2.952981665   -7.768169639
   -1.745329252    2.094395102  -95.347766666   -5.682861648   -4.810056120
   -1.570796327    2.094395102  -96.360404252   -5.308089477   -2.639318564
   -1.396263402    2.094395102  -96.943739416   -0.666091826   -1.589308040
   -1.221730476    2.094395102  -96.339748174    8.112479590   -1.445555659
   -1.047197551    2.094395102  -93.927497226   19.753793549   -1.405069054
   -0.872664626    2.094395102  -89.384674591   32.143895999   -0.440410178
   -0.698131701    2.094395102  -82.780612460   43.019920482    2.161566299
   -0.523598776    2.094395102  -74.554015822   50.456159959    6.424617261
   -0.349065850    2.094395102  -65.439106942   53.002058617   11.663077323
   -0.174532925    2.094395102  -56.379853354   49.702453315   16.761358684
    0.000000000    2.094395102  -48.430592899   40.322168818   20.501943654
    0.174532925    2.094395102  -42.587705920   25.862845738   21.824346535
    0.349065850    2.094395102  -39.527097445    9.052722502   20.036428827
    0.523598776    2.094395102  -39.303047616   -5.871767935   15.053099902
    0.698131701    2.094395102  -41.181888808  -14.353911055    7.551031489
    0.872664626    2.094395102  -43.749495807  -13.545547671   -1.067759806
    1.047197551    2.094395102  -45.372915031   -3.912137286   -9.082857490
    1.221730476    2.094395102  -44.815939342   10.542547202  -15.045400705
    1.396263402    2.094395102  -41.743941611   23.929112341  -18.317119945
    1.570796327    2.094395102  -36.833067380   30.900857764  -19.209737525
    1.745329252    2.094395102  -31.488977769   28.691377839  -18.707847459
    1.919862177    2.094395102  -27.337952114   17.500709335  -17.966427269
    2.094395102    2.094395102  -25.767816131   -0.368246472  -17.859045480
    2.268928028    2.094395102  -27.659364960  -21.547102115  -18.755531745
    2.443460953    2.094395102  -33.267147948  -42.325445667  -20.530221083
    2.617993878    2.094395102  -42.191652807  -58.951315817  -22.683866987
    2.792526803    2.094395102  -53.406326792  -68.111279356  -24.552221837
    2.967059728    2.094395102  -65.407556768  -67.809560327  -25.549466389

   -3.141592654    2.268928028  -80.888292196  -57.405005416  -24.036813733
   -2.967059728    2.268928028  -89.488553153  -40.545270020  -22.552048661
   -2.792526803    2.268928028  -94.949944939  -22.225469725  -20.334837109
   -2.617993878    2.268928028  -97.431821234   -7.044794988  -17.746631381
   -2.443460953    2.268928028  -97.757714954    2.220902612  -15.041696353
   -2.268928028    2.268928028  -97.024896180    5.213035516  -12.345268608
   -2.094395102    2.268928028  -96.210267800    3.540213703   -9.726875573
   -1.919862177    2.268928028  -95.911878688   -0.241255051   -7.314559787
   -1.745329252    2.268928028  -96.261090086   -3.484843362   -5.299686631
   -1.570796327    2.268928028  -96.956216326   -3.894647068   -3.817303240
   -1.396263402    2.268928028  -97.355842205    0.079793351   -2.729220040
   -1.221730476    2.268928028  -96.637837774    8.803028842   -1.530452706
   -1.047197551    2.268928028  -94.045656294   21.263450097    0.504272518
   -0.872664626    2.268928028  -89.116683810   35.123910840    3.930537209
   -0.698131701    2.268928028  -81.856877747   47.495791132    8.751930743
   -0.523598776    2.268928028  -72.763770358   55.745036372   14.282946591
   -0.349065850    2.268928028  -62.734710926   57.983473872   19.368979146
   -0.174532925    2.268928028  -52.919702096   53.197537252   22.796487023
    0.000000000    2.268928028  -44.561809214   41.380214737   23.644483865
    0.174532925    2.268928028  -38.791422406   23.913351820   21.450978572
    0.349065850    2.268928028  -36.342678408    4.028336185   16.246472220
    0.523598776    2.268928028  -37.229213261  -13.424135350    8.581364746
    0.698131701    2.268928028  -40.564011080  -23.232269761   -0.471881667
    0.872664626    2.268928028  -44.679542255  -22.127503099   -9.432307376
    1.047197551    2.268928028  -47.657652905  -10.637092860  -16.783104728
    1.221730476    2.268928028  -48.038750602    6.592891617  -21.445965147
    1.396263402    2.268928028  -45.409697295   22.723143705  -23.179625792
    1.570796327    2.268928028  -40.529032197   31.578618903  -22.616814210
    1.745329252    2.268928028  -34.991961655   30.023577310  -20.927237730
    1.919862177    2.268928028  -30.633078826   18.406705817  -19.317880959
    2.094395102    2.268928028  -28.990855935   -0.494522285  -18.620192399
    2.268928028    2.268928028  -31.002787444  -22.761547454  -19.103477677
    2.443460953    2.268928028  -36.891960473  -44.235124467  -20.533188362
    2.617993878    2.268928028  -46.164673243  -60.907933011  -22.337694687
    2.792526803    2.268928028  -57.676292586  -69.457638857  -23.840208367
    2.967059728    2.268928028  -69.823315829  -68.089700099  -24.493380474

   -3.141592654    2.443460953  -84.701903261  -56.299737983  -19.123975884
   -2.967059728    2.443460953  -93.032339667  -38.611619762  -17.551919509
   -2.792526803    2.443460953  -98.107113999  -19.791873964  -15.383636121
   -2.617993878    2.443460953 -100.142594129   -4.407008439  -12.899455296
   -2.443460953    2.443460953 -100.005595214    4.857102795  -10.331252481
   -2.268928028    2.443460953  -98.822549669    7.712408969   -7.880757572
   -2.094395102    2.443460953  -97.592715982    5.771078071   -5.729798088
   -1.919862177    2.443460953  -96.937732453    1.594348210   -4.017878833
   -1.745329252    2.443460953  -97.004720015   -2.082590083   -2.736483831
   -1.570796327    2.443460953  -97.480592210   -2.732345945   -1.631294540
   -1.396263402    2.443460953  -97.663859532    1.491832349   -0.175151869
   -1.221730476    2.443460953  -96.629311685   11.122764614    2.276835458
   -1.047197551    2.443460953  -93.513198637   24.994895860    6.199388700
   -0.872664626    2.443460953  -87.806009875   40.252569880   11.562791962
   -0.698131701    2.443460953  -79.574534911   53.331562989   17.681148706
   -0.523598776    2.443460953  -69.486576799   61.085940838   23.328340912
   -0.349065850    2.443460953  -58.664096411   61.532638711   27.135031550
   -0.174532925    2.443460953  -48.460620006   53.978888692   28.023603475
    0.000000000    2.443460953  -40.243678793   38.961802109   25.508054356
    0.174532925    2.443460953  -35.169257060   18.421852998   19.753449777
    0.349065850    2.443460953  -33.905018464   -3.912455913   11.474595135
    0.523598776    2.443460953  -36.317297352  -22.757996356    1.789986361
    0.698131701    2.443460953  -41.303354874  -32.568321337   -7.918264361
    0.872664626    2.443460953  -46.939992110  -29.997335378  -16.221015019
    1.047197551    2.443460953  -51.074909077  -15.885776881  -21.975226515
    1.221730476    2.443460953  -52.105807353    4.397384335  -24.648271829
    1.396263402    2.443460953  -49.619922813   23.146456128  -24.500740043
    1.570796327    2.443460953  -44.513417440   33.542774852  -22.474465851
    1.745329252    2.443460953  -38.593074340   32.260719977  -19.804828221
    1.919862177    2.443460953  -33.896687173   19.915432072  -17.586426279
    2.094395102    2.443460953  -32.094032551   -0.188259840  -16.469755839
    2.268928028    2.443460953  -34.155939759  -23.585576856  -16.557915384
    2.443460953    2.443460953  -40.255487429  -45.716981762  -17.516199785
    2.617993878    2.443460953  -49.797216992  -62.392512732  -18.763141668
    2.792526803    2.443460953  -61.523193235  -70.346283003  -19.692305828
    2.967059728    2.443460953  -73.743240503  -68.007981538  -19.869464185

   -3.141592654    2.617993878  -87.363701017  -55.070904957  -10.931808926
   -2.967059728    2.617993878  -95.424942485  -36.790084026   -9.463049972
   -2.792526803    2.617993878 -100.144684482  -17.587374021   -7.620523834
   -2.617993878    2.617993878 -101.775833001   -2.012469592   -5.529731066
   -2.443460953    2.617993878 -101.218461373    7.240663936   -3.327965274
   -2.268928028    2.617993878  -99.636104822    9.864259805   -1.227425795
   -2.094395102    2.617993878  -98.065683232    7.493345188    0.531977374
   -1.919862177    2.617993878  -97.152060654    2.847947049    1.828937883
   -1.745329252    2.617993878  -97.025235784   -1.050014594    2.845534995
   -1.570796327    2.617993878  -97.301381930   -1.367923980    4.116876906
   -1.396263402    2.617993878  -97.166542400    3.876181351    6.369868203
   -1.221730476    2.617993878  -95.586809169   15.035157050   10.167927252
   -1.047197551    2.617993878  -91.649897566   30.432602674   15.568562737
   -0.872664626    2.617993878  -84.905124627   46.539693446   21.929720240
   -0.698131701    2.617993878  -75.588919017   59.233859287   28.024394267
   -0.523598776    2.617993878  -64.609458377   65.169434225   32.374862984
   -0.349065850    2.617993878  -53.322539810   62.615144565   33.722673873
   -0.174532925    2.617993878  -43.239584517   51.477418386   31.371443772
    0.000000000    2.617993878  -35.767724321   33.006579147   25.362257099
    0.174532925    2.617993878  -31.983323128    9.768382395   16.426622314
    0.349065850    2.617993878  -32.379790207  -14.064459783    5.817764111
    0.523598776    2.617993878  -36.590085068  -32.958561374   -4.937867439
    0.698131701    2.617993878  -43.253344663  -41.356958577  -14.288164003
    0.872664626    2.617993878  -50.211127507  -36.198319516  -20.985234910
    1.047197551    2.617993878  -55.153784996  -18.905962282  -24.384175913
    1.221730476    2.617993878  -56.442130603    4.382852914  -24.606046292
    1.396263402    2.617993878  -53.756350124   25.273292456  -22.457366241
    1.570796327    2.617993878  -48.180131254   36.601149663  -19.133487006
    1.745329252    2.617993878  -41.731312633   35.105747703  -15.795085984
    1.919862177    2.617993878  -36.616489265   21.788570133  -13.256986236
    2.094395102    2.617993878  -34.593493899    0.471764350  -11.859842655
    2.268928028    2.617993878  -36.633234332  -23.924796952  -11.497485080
    2.443460953    2.617993878  -42.844281386  -46.560233744  -11.774501919
    2.617993878    2.617993878  -52.535470068  -63.169929443  -12.192811579
    2.792526803    2.617993878  -64.356664755  -70.606958413  -12.320158454
    2.967059728    2.617993878  -76.557649849  -67.519642548  -11.915249113

   -3.141592654    2.792526803  -88.379348471  -53.852777977   -0.497744997
   -2.967059728    2.792526803  -96.206815157  -35.335059919    0.671580579
   -2.792526803    2.792526803 -100.653345217  -15.919678466    1.907623014
   -2.617993878    2.792526803 -101.975323467   -0.149749181    3.306324050
   -2.443460953    2.792526803 -101.083448424    9.175615821    4.893205879
   -2.268928028    2.792526803  -99.173632545   11.636179563    6.520634701
   -2.094395102    2.792526803  -97.324404168    8.893667121    7.962538308
   -1.919862177    2.792526803  -96.197504228    3.929956535    9.151089548
   -1.745329252    2.792526803  -95.879509413    0.162452759   10.391494429
   -1.570796327    2.792526803  -95.880275473    0.702927314   12.339286725
   -1.396263402    2.792526803  -95.258923538    7.453540707   15.684864889
   -1.221730476    2.792526803  -92.906930577   20.277572476   20.689964377
   -1.047197551    2.792526803  -87.946523787   36.764502817   26.894743963
   -0.872664626    2.792526803  -80.087325764   52.739922171   33.126685974
   -0.698131701    2.792526803  -69.809622336   63.795073178   37.861940222
   -0.523598776    2.792526803  -58.277370682   66.760218146   39.696169918
   -0.349065850    2.792526803  -47.034277672   60.448648057   37.771542885
   -0.174532925    2.792526803  -37.666668841   45.501396937   31.942339645
    0.000000000    2.792526803  -31.527004694   23.883722951   22.787389944
    0.174532925    2.792526803  -29.523520526   -1.266028387   11.477499255
    0.349065850    2.792526803  -31.898682153  -25.427412967   -0.398963897
    0.523598776    2.792526803  -37.998837249  -42.983906177  -11.118840573
    0.698131701    2.792526803  -46.190480727  -48.657537740  -19.139676476
    0.872664626    2.792526803  -54.122755092  -40.004070640  -23.523531878
    1.047197551    2.792526803  -59.422608113  -19.270554434  -24.194701260
    1.221730476    2.792526803  -60.530443209    6.644363279  -21.936129800
    1.396263402    2.792526803  -57.311241006   28.914215452  -18.039964746
    1.570796327    2.792526803  -51.070673257   40.403689696  -13.829218315
    1.745329252    2.792526803  -44.011245097   38.210543909  -10.235403926
    1.919862177    2.792526803  -38.446885799   23.820431162   -7.657092121
    2.094395102    2.792526803  -36.161497049    1.489524608   -6.046340918
    2.268928028    2.792526803  -38.088906657  -23.586089574   -5.089732437
    2.443460953    2.792526803  -44.268278791  -46.468201896   -4.401026801
    2.617993878    2.792526803  -53.936619217  -62.950944819   -3.672625378
    2.792526803    2.792526803  -65.691346954  -70.054203487   -2.751588232
    2.967059728    2.792526803  -77.762308804  -66.598485327   -1.660011815

   -3.141592654    2.967059728  -87.495705013  -52.758510113   10.503310387
   -2.967059728    2.967059728  -95.153793423  -34.458375043   11.257371975
   -2.792526803    2.967059728  -99.451042288  -15.049897584   11.711528616
   -2.617993878    2.967059728 -100.605207739    0.922118297   12.213175856
   -2.443460953    2.967059728  -99.505237147   10.467922651   12.987455172
   -2.268928028    2.967059728  -97.362562553   12.974328352   14.009774782
   -2.094395102    2.967059728  -95.288704742   10.119955894   15.136561970
   -1.919862177    2.967059728  -93.950013848    5.186424331   16.386590781
   -1.745329252    2.967059728  -93.373077375    1.987197380   18.133435555
   -1.570796327    2.967059728  -92.954631803    3.789629427   20.995440684
   -1.396263402    2.967059728  -91.652040230   12.184077231   25.422100178
   -1.221730476    2.967059728  -88.348883123   26.329404945   31.228586492
   -1.047197551    2.967059728  -82.293344852   43.032156539   37.441772776
   -0.872664626    2.967059728  -73.433799104   57.669934398   42.531870484
   -0.698131701    2.967059728  -62.522266830   65.909169810   44.951492961
   -0.523598776    2.967059728  -50.941048710   65.111358763   43.637540028
   -0.349065850    2.967059728  -40.335296022   54.821063203   38.299969309
   -0.174532925    2.967059728  -32.264942480   36.404942683   29.382189839
    0.000000000    2.967059728  -27.939858327   12.413580484   17.920293637
    0.174532925    2.967059728  -28.037394021  -13.581838098    5.362062946
    0.349065850    2.967059728  -32.508998884  -36.842492711   -6.579188916
    0.523598776    2.967059728  -40.398995179  -51.825394057  -16.200823013
    0.698131701    2.967059728  -49.819419650  -53.770087861  -22.161369509
    0.872664626    2.967059728  -58.291090932  -41.106200512  -23.944956170
    1.047197551    2.967059728  -63.478143739  -17.055759814  -22.047538582
    1.221730476    2.967059728  -64.008137794   10.811703725  -17.802096318
    1.396263402    2.967059728  -60.001591636   33.554377137  -12.805415605
    1.570796327    2.967059728  -52.992652565   44.451644639   -8.317674917
    1.745329252    2.967059728  -45.316016786   41.223587957   -4.903438528
    1.919862177    2.967059728  -39.313672775   25.878618675   -2.484513845
    2.094395102    2.967059728  -36.727200707    2.952906412   -0.634506107
    2.268928028    2.967059728  -38.421586617  -22.320928256    1.107036644
    2.443460953    2.967059728  -44.375554881  -45.127048885    3.032273646
    2.617993878    2.967059728  -53.795648629  -61.456431790    5.172251172
    2.792526803    2.967059728  -65.282459917  -68.519770934    7.331898519
    2.967059728    2.967059728  -77.095665091  -65.221916507    9.191347080
