#! FIELDS phi psi file.free der_phi der_psi
#! SET min_phi -pi
#! SET max_phi pi
#! SET nbins_phi  36
#! SET periodic_phi true
#! SET min_psi -pi
#! SET max_psi pi
#! SET nbins_psi  36
#! SET periodic_psi true
   -3.141592654   -3.141592654  -81.787723255  -52.109191868   19.825423486
   -2.967059728   -3.141592654  -89.375999033  -34.230500367   20.390188966
   -2.792526803   -3.141592654  -93.637325868  -14.794442762   20.243745856
   -2.617993878   -3.141592654  -94.718911410    1.529414949   19.924957343
   -2.443460953   -3.141592654  -93.478827737   11.439146119   19.841549334
   -2.268928028   -3.141592654  -91.149100064   14.111306236   20.135621681
   -2.094395102   -3.141592654  -88.872333665   11.321787568   20.817492684
   -1.919862177   -3.141592654  -87.300754292    6.737420347   22.028499369
   -1.745329252   -3.141592654  -86.377996328    4.517270186   24.161033365
   -1.570796327   -3.141592654  -85.390460341    7.841773389   27.661302993
   -1.396263402   -3.141592654  -83.248686958   17.662410189   32.594157663
   -1.221730476   -3.141592654  -78.931477000   32.246651704   38.278608859
   -1.047197551   -3.141592654  -71.923686314   47.739184827   43.338710159
   -0.872664626   -3.141592654  -62.473502103   59.492380260   46.145386916
   -0.698131701   -3.141592654  -51.579437345   63.782081250   45.438481738
   -0.523598776   -3.141592654  -40.731023322   58.902474470   40.750012487
   -0.349065850   -3.141592654  -31.518126402   45.249047885   32.474303016
   -0.174532925   -3.141592654  -25.322007372   24.750200165   21.611322991
    0.000000000   -3.141592654  -23.103568791    0.195545616    9.486236854
    0.174532925   -3.141592654  -25.270784250  -24.821879357   -2.451748018
    0.349065850   -3.141592654  -31.516988951  -45.734586812  -12.715297002
    0.523598776   -3.141592654  -40.677655091  -57.365032650  -19.970184597
    0.698131701   -3.141592654  -50.739944764  -55.583745020  -23.324594431
    0.872664626   -3.141592654  -59.227003545  -39.584933119  -22.727358683
    1.047197551   -3.141592654  -63.932914174  -13.263657562  -19.068937951
    1.221730476   -3.141592654  -63.702895667   15.526058623  -13.904869508
    1.396263402   -3.141592654  -58.880178141   38.057630540   -8.805382698
    1.570796327   -3.141592654  -51.150115315   48.180769940   -4.750228485
    1.745329252   -3.141592654  -42.892762780   44.200419748   -1.881584548
    1.919862177   -3.141592654  -36.412158239   28.459123837    0.284671487
    2.094395102   -3.141592654  -33.381035032    5.520474765    2.430359423
    2.268928028   -3.141592654  -34.612425580  -19.575914792    5.054639438
    2.443460953   -3.141592654  -40.074256799  -42.271943132    8.298129263
    2.617993878   -3.141592654  -49.005337968  -58.769240030   11.915321755
    2.792526803   -3.141592654  -60.063488414  -66.354611493   15.396825025
    2.967059728   -3.141592654  -71.563574696  -63.829121482   18.163036172

   -3.141592654   -2.967059728  -77.717659303  -51.061951655   26.156659254
   -2.967059728   -2.967059728  -85.230394000  -34.329303597   26.480291396
   -2.792526803   -2.967059728  -89.567063226  -15.450136247   25.812887749
   -2.617993878   -2.967059728  -90.766423072    0.913460090   24.838997097
   -2.443460953   -2.967059728  -89.602429168   11.211189111   24.099223507
   -2.268928028   -2.967059728  -87.270168203   14.375812978   23.866419090
   -2.094395102   -2.967059728  -84.898911410   12.169768355   24.279280533
   -1.919862177   -2.967059728  -83.108950199    8.456561392   25.557616330
   -1.745329252   -2.967059728  -81.779134441    7.526513201   28.044479953
   -1.570796327   -2.967059728  -80.137812591   12.315130368   31.955036836
   -1.396263402   -2.967059728  -77.117334137   23.115716452   36.982476570
   -1.221730476   -2.967059728  -71.849161550   37.445654142   42.082953319
   -1.047197551   -2.967059728  -64.076693183   51.038181372   45.705225237
   -0.872664626   -2.967059728  -54.324438984   59.473601447   46.344579054
   -0.698131701   -2.967059728  -43.778339627   59.778124153   43.128691630
   -0.523598776   -2.967059728  -33.964553799   51.163143107   36.097813147
   -0.349065850   -2.967059728  -26.363160210   34.722411338   26.090176542
   -0.174532925   -2.967059728  -22.153784420   12.750026929   14.386134503
    0.000000000   -2.967059728  -22.055618476  -11.856546064    2.405043055
    0.174532925   -2.967059728  -26.226891891  -35.491781709   -8.459010189
    0.349065850   -2.967059728  -34.115961615  -53.686718432  -16.903944698
    0.523598776   -2.967059728  -44.350406524  -61.592029759  -21.900510807
    0.698131701   -2.967059728  -54.797395923  -55.789594250  -22.980037784
    0.872664626   -2.967059728  -63.010566127  -36.413888632  -20.539347398
    1.047197551   -2.967059728  -66.971287725   -8.164884723  -15.805758160
    1.221730476   -2.967059728  -65.808310412   20.871268688  -10.426367151
    1.396263402   -2.967059728  -60.126648195   42.427679373   -5.787471449
    1.570796327   -2.967059728  -51.751546049   51.224402646   -2.493196046
    1.745329252   -2.967059728  -43.051698658   46.348764841   -0.283073363
    1.919862177   -2.967059728  -36.217984581   30.493815089    1.622871968
    2.094395102   -2.967059728  -32.789890263    8.116210021    4.035111386
    2.268928028   -2.967059728  -33.494884527  -16.134194265    7.414390587
    2.443460953   -2.967059728  -38.290791826  -38.157214254   11.734789507
    2.617993878   -2.967059728  -46.481910328  -54.526394964   16.507613311
    2.792526803   -2.967059728  -56.839698315  -62.700633311   20.965007501
    2.967059728   -2.967059728  -67.798952005  -61.371947346   24.336814189

   -3.141592654   -2.792526803  -72.872643070  -50.013853535   28.688194498
   -2.967059728   -2.792526803  -80.331239140  -34.663885555   29.022450983
   -2.792526803   -2.792526803  -84.799324161  -16.499006035   28.250882205
   -2.617993878   -2.792526803  -86.193277394   -0.176100872   27.067832178
   -2.443460953   -2.792526803  -85.188523299   10.521659463   26.043881919
   -2.268928028   -2.792526803  -82.924920743   14.307322297   25.528540527
   -2.094395102   -2.792526803  -80.498098141   12.916727589   25.761913334
   -1.919862177   -2.792526803  -78.485280506   10.317555258   27.011301421
   -1.745329252   -2.792526803  -76.712449767   10.766223836   29.535254748
   -1.570796327   -2.792526803  -74.391163843   16.799916451   33.315969204
   -1.396263402   -2.792526803  -70.534658441   28.021091761   37.753194436
   -1.221730476   -2.792526803  -64.476213609   41.339718658   41.610959761
   -1.047197551   -2.792526803  -56.229653950   52.349482266   43.375895619
   -0.872664626   -2.792526803  -46.558393676   57.125790744   41.836020641
   -0.698131701   -2.792526803  -36.762201187   53.581324909   36.558414337
   -0.523598776   -2.792526803  -28.320953617   41.806727778   28.012777582
   -0.349065850   -2.792526803  -22.541023869   23.440393074   17.323037217
   -0.174532925   -2.792526803  -20.366422099    0.958840291    5.883432512
    0.000000000   -2.792526803  -22.270335063  -22.780839606   -4.924142386
    0.174532925   -2.792526803  -28.180141405  -44.288150990  -13.861719799
    0.349065850   -2.792526803  -37.340920208  -59.317801113  -19.916218881
    0.523598776   -2.792526803  -48.235214733  -63.476165125  -22.468775150
    0.698131701   -2.792526803  -58.690377703  -54.095893034  -21.536951205
    0.872664626   -2.792526803  -66.364796949  -32.147959572  -17.910054451
    1.047197551   -2.792526803  -69.469467710   -2.881768811  -12.957933147
    1.221730476   -2.792526803  -67.408450456   25.682568351   -8.146658864
    1.396263402   -2.792526803  -60.995713643   45.937259992   -4.455179301
    1.570796327   -2.792526803  -52.123719052   53.489297339   -2.047730070
    1.745329252   -2.792526803  -43.088185892   48.080969419   -0.373104626
    1.919862177   -2.792526803  -35.933317926   32.580040990    1.432553515
    2.094395102   -2.792526803  -32.060574901   11.188740179    4.109033353
    2.268928028   -2.792526803  -32.127905825  -11.922635150    7.979023553
    2.443460953   -2.792526803  -36.110740013  -33.157513556   12.874547100
    2.617993878   -2.792526803  -43.410880934  -49.469258025   18.191780944
    2.792526803   -2.792526803  -52.943908505  -58.452488075   23.079012152
    2.967059728   -2.792526803  -63.284356382  -58.619635506   26.732790855

   -3.141592654   -2.617993878  -67.895577736  -48.820002323   27.832211190
   -2.967059728   -2.617993878  -75.274275725  -34.859820441   28.444523324
   -2.792526803   -2.617993878  -79.854389676  -17.475982065   27.984754409
   -2.617993878   -2.617993878  -81.440157579   -1.309145070   27.025129915
   -2.443460953   -2.617993878  -80.611949220    9.686942403   26.070751084
   -2.268928028   -2.617993878  -78.445959295   14.068306465   25.492754274
   -2.094395102   -2.617993878  -75.989777792   13.539560828   25.593931219
   -1.919862177   -2.617993878  -73.772500399   12.076247934   26.651813432
   -1.745329252   -2.617993878  -71.583906280   13.759394359   28.821035188
   -1.570796327   -2.617993878  -68.656296618   20.646201852   31.891996745
   -1.396263402   -2.617993878  -64.124208310   31.709408954   35.099489600
   -1.221730476   -2.617993878  -57.539328217   43.449469043   37.209139860
   -1.047197551   -2.617993878  -49.162522996   51.564088511   36.930063583
   -0.872664626   -2.617993878  -39.935791176   52.782369463   33.436269714
   -0.698131701   -2.617993878  -31.198007142   45.909239232   26.700077894
   -0.523598776   -2.617993878  -24.318996870   31.786411057   17.487109275
   -0.349065850   -2.617993878  -20.395719910   12.426840614    7.047197564
   -0.174532925   -2.617993878  -20.128750147   -9.658653800   -3.243053760
    0.000000000   -2.617993878  -23.760144062  -31.763698030  -12.128450008
    0.174532925   -2.617993878  -31.020288856  -50.634273510  -18.598917858
    0.349065850   -2.617993878  -41.008488058  -62.381404581  -22.006466486
    0.523598776   -2.617993878  -52.139971742  -63.170648404  -22.203813631
    0.698131701   -2.617993878  -62.287639407  -51.033217054  -19.687849913
    0.872664626   -2.617993878  -69.273669692  -27.542987887  -15.522721529
    1.047197551   -2.617993878  -71.545203501    1.850470283  -11.011475241
    1.221730476   -2.617993878  -68.730027246   29.476364141   -7.223799314
    1.396263402   -2.617993878  -61.767930144   48.454384543   -4.613169256
    1.570796327   -2.617993878  -52.543733247   55.121698742   -2.941344359
    1.745329252   -2.617993878  -43.243430863   49.624669189   -1.530616531
    1.919862177   -2.617993878  -35.768488486   34.812408260    0.360795488
    2.094395102   -2.617993878  -31.409325588   14.562882381    3.245596882
    2.268928028   -2.617993878  -30.783683984   -7.399305161    7.257794461
    2.443460953   -2.617993878  -33.904264885  -27.911417849   12.149837600
    2.617993878   -2.617993878  -40.277282525  -44.242577035   17.352104197
    2.792526803   -2.617993878  -48.960758962  -54.078871308   22.111047435
    2.967059728   -2.617993878  -58.661260399  -55.741825967   25.738373412

   -3.141592654   -2.443460953  -63.290315768  -47.360842661   24.581346953
   -2.967059728   -2.443460953  -70.525688989  -34.622529270   25.605753048
   -2.792526803   -2.443460953  -75.140046176  -18.026035416   25.678466434
   -2.617993878   -2.443460953  -76.854822284   -2.165621234   25.169645337
   -2.443460953   -2.443460953  -76.172367307    8.931447910   24.463146540
   -2.268928028   -2.443460953  -74.105131823   13.746565636   23.912781370
   -2.094395102   -2.443460953  -71.645210122   13.950587575   23.844168967
   -1.919862177   -2.443460953  -69.274968827   13.438382456   24.508342161
   -1.745329252   -2.443460953  -66.766796959   16.019068145   25.948749904
   -1.570796327   -2.443460953  -63.401985895   23.268989815   27.823474490
   -1.396263402   -2.443460953  -58.453137009   33.668751177   29.336480371
   -1.221730476   -2.443460953  -51.674636684   43.522647955   29.423826813
   -1.047197551   -2.443460953  -43.523377433   48.807026084   27.146947425
   -0.872664626   -2.443460953  -35.049427625   46.940725731   22.094355824
   -0.698131701   -2.443460953  -27.566835691   37.518980109   14.563646284
   -0.523598776   -2.443460953  -22.296475489   21.961606572    5.473691281
   -0.349065850   -2.443460953  -20.116346800    2.506866846   -3.936738679
   -0.174532925   -2.443460953  -21.495656865  -18.402221289  -12.408088172
    0.000000000   -2.443460953  -26.473327281  -38.294449732  -18.878970831
    0.174532925   -2.443460953  -34.627660477  -54.272945437  -22.626787604
    0.349065850   -2.443460953  -44.980513797  -62.929868329  -23.418372128
    0.523598776   -2.443460953  -55.963469542  -61.039480289  -21.584928313
    0.698131701   -2.443460953  -65.572540926  -47.183043326  -18.021172513
    0.872664626   -2.443460953  -71.827798348  -23.212544902  -13.900520891
    1.047197551   -2.443460953  -73.383679436    5.590707239  -10.266034052
    1.221730476   -2.443460953  -70.009952983   32.111462994   -7.660591699
    1.396263402   -2.443460953  -62.678411033   50.126759180   -6.003586703
    1.570796327   -2.443460953  -53.204906308   56.423247988   -4.764639646
    1.745329252   -2.443460953  -43.658427313   51.246750935   -3.305905221
    1.919862177   -2.443460953  -35.833074354   37.263394296   -1.157657017
    2.094395102   -2.443460953  -30.956266452   18.041125358    1.881129568
    2.268928028   -2.443460953  -29.639301748   -3.007611931    5.752136844
    2.443460953   -2.443460953  -31.939950096  -22.999851448   10.195761369
    2.617993878   -2.443460953  -37.451999488  -39.409024518   14.791739677
    2.792526803   -2.443460953  -45.346524978  -49.974421417   19.012741087
    2.967059728   -2.443460953  -54.432925613  -52.874617999   22.378844786

   -3.141592654   -2.268928028  -59.390070524  -45.662639148   19.867798831
   -2.967059728   -2.268928028  -66.415439654  -33.895274166   21.207759413
   -2.792526803   -2.268928028  -70.972560638  -18.056320496   21.755858221
   -2.617993878   -2.268928028  -72.736889198   -2.652906780   21.672684652
   -2.443460953   -2.268928028  -72.155467205    8.317309300   21.208128039
   -2.268928028   -2.268928028  -70.182556215   13.336530540   20.670125769
   -2.094395102   -2.268928028  -67.754578432   14.033669560   20.362988054
   -1.919862177   -2.268928028  -65.315052588   14.150216293   20.474915038
   -1.745329252   -2.268928028  -62.638488921   17.178444560   20.938682088
   -1.570796327   -2.268928028  -59.073011071   24.283092787   21.339177511
   -1.396263402   -2.268928028  -54.024601801   33.639268819   20.958565961
   -1.221730476   -2.268928028  -47.409568511   41.557689928   19.019154778
   -1.047197551   -2.268928028  -39.812451969   44.392366090   15.003630111
   -0.872664626   -2.268928028  -32.319772022   40.185876308    8.902476300
   -0.698131701   -2.268928028  -26.171649224   29.148255302    1.253870470
   -0.523598776   -2.268928028  -22.424214142   13.087870834   -6.988515343
   -0.349065850   -2.268928028  -21.748414826   -5.654612857  -14.706232213
   -0.174532925   -2.268928028  -24.410152166  -24.773415597  -20.844316781
    0.000000000   -2.268928028  -30.284973552  -42.103814615  -24.607055012
    0.174532925   -2.268928028  -38.854249300  -55.215220014  -25.618474498
    0.349065850   -2.268928028  -49.136721848  -61.267337969  -24.077741615
    0.523598776   -2.268928028  -59.659813305  -57.610556263  -20.737935041
    0.698131701   -2.268928028  -68.600033246  -43.142665968  -16.742917145
    0.872664626   -2.268928028  -74.178229951  -19.631379248  -13.187024178
    1.047197551   -2.268928028  -75.197032748    8.127660551  -10.703512463
    1.221730476   -2.268928028  -71.471517225   33.664990735   -9.267705208
    1.396263402   -2.268928028  -63.917835300   51.228264640   -8.339811569
    1.570796327   -2.268928028  -54.243754385   57.714911721   -7.235238842
    1.745329252   -2.268928028  -44.419919759   53.177846706   -5.482392230
    1.919862177   -2.268928028  -36.187890863   39.991531092   -2.955610094
    2.094395102   -2.268928028  -30.768680537   21.493243542    0.218835025
    2.268928028   -2.268928028  -28.798988079    0.969201930    3.812406566
    2.443460953   -2.268928028  -30.379755627  -18.786848541    7.593525350
    2.617993878   -2.268928028  -35.161269327  -35.324990629   11.337023983
    2.792526803   -2.268928028  -42.383122141  -46.411211390   14.786812743
    2.967059728   -2.268928028  -50.918001628  -50.164419813   17.698764900

   -3.141592654   -2.094395102  -56.404569300  -43.933317858   14.103033739
   -2.967059728   -2.094395102  -63.188217422  -32.865407162   15.470163573
   -2.792526803   -2.094395102  -67.625669728  -17.707952294   16.243508277
   -2.617993878   -2.094395102  -69.379499864   -2.852071991   16.419640960
   -2.443460953   -2.094395102  -68.864008323    7.810215743   16.124710766
   -2.268928028   -2.094395102  -66.985708355   12.809951989   15.590603220
   -2.094395102   -2.094395102  -64.633317714   13.719944499   15.049285787
   -1.919862177   -2.094395102  -62.225646020   14.080702862   14.588590606
   -1.745329252   -2.094395102  -59.558479429   17.072081037   14.031560678
   -1.570796327   -2.094395102  -56.055425713   23.564823461   12.934040762
   -1.396263402   -2.094395102  -51.235598530   31.634073661   10.725810998
   -1.221730476   -2.094395102  -45.121357430   37.775625322    6.975517906
   -1.047197551   -2.094395102  -38.348807690   38.762053431    1.611460447
   -0.872664626   -2.094395102  -31.972693547   33.131288114   -4.995154428
   -0.698131701   -2.094395102  -27.122613603   21.492066209  -12.121287262
   -0.523598776   -2.094395102  -24.691205876    5.841799208  -18.855549612
   -0.349065850   -2.094395102  -25.171357770  -11.494392910  -24.288756097
   -0.174532925   -2.094395102  -28.669774410  -28.411294935  -27.669270729
    0.000000000   -2.094395102  -34.953120925  -43.111801962  -28.564069531
    0.174532925   -2.094395102  -43.471892537  -53.699701021  -27.007416721
    0.349065850   -2.094395102  -53.316029336  -57.910207515  -23.611302372
    0.523598776   -2.094395102  -63.172810037  -53.538133649  -19.431130948
    0.698131701   -2.094395102  -71.426002176  -39.509360066  -15.662588726
    0.872664626   -2.094395102  -76.467017223  -17.169282013  -13.135337943
    1.047197551   -2.094395102  -77.166232748    9.384642628  -11.980480318
    1.221730476   -2.094395102  -73.287138927   34.293655699  -11.641655076
    1.396263402   -2.094395102  -65.620427691   52.015582681  -11.243964816
    1.570796327   -2.094395102  -55.750572536   59.226411091  -10.080563211
    1.745329252   -2.094395102  -45.585961608   55.552415344   -7.919129030
    1.919862177   -2.094395102  -36.876777465   43.027728822   -4.981694684
    2.094395102   -2.094395102  -30.892473631   24.870360715   -1.689908947
    2.268928028   -2.094395102  -28.322330410    4.427811965    1.587092154
    2.443460953   -2.094395102  -29.304695080  -15.412746054    4.651164510
    2.617993878   -2.094395102  -33.513132672  -32.157628325    7.454845960
    2.792526803   -2.094395102  -40.209648635  -43.578249393    9.991255386
    2.967059728   -2.094395102  -48.290020966  -47.816128932   12.237343982

   -3.141592654   -1.919862177  -54.503185970  -42.490024431    7.481851896
   -2.967059728   -1.919862177  -61.068274683  -31.831793011    8.572086256
   -2.792526803   -1.919862177  -65.369193409  -17.194114282    9.332415966
   -2.617993878   -1.919862177  -67.079508123   -2.858259210    9.645836499
   -2.443460953   -1.919862177  -66.601911734    7.417123181    9.516699805
   -2.268928028   -1.919862177  -64.811838335   12.226574347    9.061479504
   -2.094395102   -1.919862177  -62.567475964   13.072313861    8.390598024
   -1.919862177   -1.919862177  -60.283181624   13.277573067    7.464328646
   -1.745329252   -1.919862177  -57.794658162   15.755839510    6.004758784
   -1.570796327   -1.919862177  -54.603062583   21.228471173    3.572445029
   -1.396263402   -1.919862177  -50.311350881   27.873568251   -0.219528642
   -1.221730476   -1.919862177  -44.985614104   32.526236684   -5.441452717
   -1.047197551   -1.919862177  -39.236002125   32.387937960  -11.727497976
   -0.872664626   -1.919862177  -34.020775072   26.341046168  -18.346286415
   -0.698131701   -1.919862177  -30.329116979   15.158966107  -24.413161134
   -0.523598776   -1.919862177  -28.901303205    0.810105148  -29.096816389
   -0.349065850   -1.919862177  -30.095066741  -14.540376300  -31.767616171
   -0.174532925   -1.919862177  -33.920109759  -29.069397157  -32.083092389
    0.000000000   -1.919862177  -40.107131551  -41.390498491  -30.082723186
    0.174532925   -1.919862177  -48.152394086  -50.134030190  -26.264981674
    0.349065850   -1.919862177  -57.284590555  -53.508315661  -21.596581145
    0.523598776   -1.919862177  -66.389770282  -49.523848911  -17.271523549
    0.698131701   -1.919862177  -74.049524394  -36.832286289  -14.327579678
    0.872664626   -1.919862177  -78.765671126  -16.097443149  -13.178898385
    1.047197551   -1.919862177  -79.385428412    9.361240428  -13.429158939
    1.221730476   -1.919862177  -75.535489872   34.151383865  -14.085393550
    1.396263402   -1.919862177  -67.835116255   52.654152113  -14.081365325
    1.570796327   -1.919862177  -57.751531593   61.045199068  -12.795586752
    1.745329252   -1.919862177  -47.175501545   58.370797850  -10.259867753
    1.919862177   -1.919862177  -37.923337667   46.327340418   -7.001379940
    2.094395102   -1.919862177  -31.359619069   28.128204686   -3.678690276
    2.268928028   -1.919862177  -28.247939068    7.336599446   -0.769573957
    2.443460953   -1.919862177  -28.759196808  -12.919067002    1.548294699
    2.617993878   -1.919862177  -32.563106838  -29.999332140    3.358943810
    2.792526803   -1.919862177  -38.904780767  -41.653147903    4.855957868
    2.967059728   -1.919862177  -46.666621026  -46.096351747    6.214321400

   -3.141592654   -1.745329252  -53.807530968  -41.573636611    0.408848145
   -2.967059728   -1.745329252  -60.216239063  -30.990097469    1.111118595
   -2.792526803   -1.745329252  -64.390037787  -16.613619209    1.819304539
   -2.617993878   -1.745329252  -66.031552124   -2.662726767    2.314164265
   -2.443460953   -1.745329252  -65.554716118    7.225575469    2.456106659
   -2.268928028   -1.745329252  -63.827501110   11.709146386    2.208678368
   -2.094395102   -1.745329252  -61.701505220   12.219169007    1.536518726
   -1.919862177   -1.745329252  -59.609193522   11.878176258    0.277041567
   -1.745329252   -1.745329252  -57.441590868   13.406458933   -1.917201020
   -1.570796327   -1.745329252  -54.773672158   17.523576439   -5.445752433
   -1.396263402   -1.745329252  -51.258831857   22.690188409  -10.498941065
   -1.221730476   -1.745329252  -46.945212146   26.207622209  -16.807275160
   -1.047197551   -1.745329252  -42.343647825   25.706248591  -23.608312846
   -0.872664626   -1.745329252  -38.255640369   20.270258105  -29.844522785
   -0.698131701   -1.745329252  -35.502860422   10.605867613  -34.483533947
   -0.523598776   -1.745329252  -34.688642550   -1.585639358  -36.788868539
   -0.349065850   -1.745329252  -36.088671043  -14.486185344  -36.455707492
   -0.174532925   -1.745329252  -39.694737737  -26.664248740  -33.632392513
    0.000000000   -1.745329252  -45.291717970  -37.158193702  -28.910291306
    0.174532925   -1.745329252  -52.504678327  -45.022009787  -23.266077200
    0.349065850   -1.745329252  -60.755280210  -48.719769926  -17.927199882
    0.523598776   -1.745329252  -69.137300318  -46.178492863  -14.052475918
    0.698131701   -1.745329252  -76.386557209  -35.503619176  -12.346723514
    0.872664626   -1.745329252  -81.034340754  -16.532276116  -12.724563413
    1.047197551   -1.745329252  -81.815650629    8.143241265  -14.307202880
    1.221730476   -1.745329252  -78.155587421   33.379775774  -15.800130401
    1.396263402   -1.745329252  -70.481136164   53.213126576  -16.087616335
    1.570796327   -1.745329252  -60.164331824   63.119545886  -14.710540350
    1.745329252   -1.745329252  -49.123929828   61.493321378  -11.955037962
    1.919862177   -1.745329252  -39.289997576   49.732644299   -8.586846373
    2.094395102   -1.745329252  -32.157449023   31.146738787   -5.429917917
    2.268928028   -1.745329252  -28.579838000    9.623433301   -3.031006144
    2.443460953   -1.745329252  -28.757714826  -11.361097319   -1.551790532
    2.617993878   -1.745329252  -32.337398489  -28.938151204   -0.811488086
    2.792526803   -1.745329252  -38.515675170  -40.791795358   -0.453144198
    2.967059728   -1.745329252  -46.128202577  -45.226059860   -0.115757788

   -3.141592654   -1.570796327  -54.317816732  -41.178946532   -6.139415078
   -2.967059728   -1.570796327  -60.627406974  -30.288362560   -5.669039093
   -2.792526803   -1.570796327  -64.670439008  -15.870563827   -4.845887370
   -2.617993878   -1.570796327  -66.199071974   -2.150653090   -4.026533772
   -2.443460953   -1.570796327  -65.666397033    7.338819276   -3.524514908
   -2.268928028   -1.570796327  -63.960809231   11.336027569   -3.535440061
   -2.094395102   -1.570796327  -61.951079916   11.229764120   -4.212072475
   -1.919862177   -1.570796327  -60.105022492    9.985753703   -5.784063257
   -1.745329252   -1.570796327  -58.375864478   10.210923304   -8.603567631
   -1.570796327   -1.570796327  -56.401720880   12.746953419  -12.986125340
   -1.396263402   -1.570796327  -53.852297800   16.470843624  -18.929299411
   -1.221730476   -1.570796327  -50.703146442   19.238438445  -25.882241093
   -1.047197551   -1.570796327  -47.303592124   19.103801492  -32.774670822
   -0.872664626   -1.570796327  -44.247455739   15.235456450  -38.301719213
   -0.698131701   -1.570796327  -42.166053235    8.064718383  -41.325952660
   -0.523598776   -1.570796327  -41.543251349   -1.213274651  -41.219565409
   -0.349065850   -1.570796327  -42.630650746  -11.340928549  -38.011675141
   -0.174532925   -1.570796327  -45.490155451  -21.401010455  -32.354187024
    0.000000000   -1.570796327  -50.058153831  -30.834313248  -25.383125637
    0.174532925   -1.570796327  -56.167919835  -38.931569574  -18.490749976
    0.349065850   -1.570796327  -63.469023675  -44.113950806  -13.038001909
    0.523598776   -1.570796327  -71.243283902  -43.905126902   -9.998862491
    0.698131701   -1.570796327  -78.312760868  -35.660646035   -9.646455347
    0.872664626   -1.570796327  -83.150335043  -18.369107039  -11.403794700
    1.047197551   -1.570796327  -84.303750005    5.949437837  -14.025884873
    1.221730476   -1.570796327  -80.957776810   32.155183466  -16.079856618
    1.396263402   -1.570796327  -73.350001086   53.721898530  -16.530708968
    1.570796327   -1.570796327  -62.789944400   65.316840171  -15.127192523
    1.745329252   -1.570796327  -51.265734510   64.682816508  -12.371739862
    1.919862177   -1.570796327  -40.855726297   52.985406999   -9.184944674
    2.094395102   -1.570796327  -33.206917167   33.712063372   -6.472416918
    2.268928028   -1.570796327  -29.270399448   11.143915502   -4.795794023
    2.443460953   -1.570796327  -29.272334489  -10.824174831   -4.281972556
    2.617993878   -1.570796327  -32.819739355  -29.027879961   -4.659888915
    2.792526803   -1.570796327  -39.034155884  -41.035253430   -5.424771604
    2.967059728   -1.570796327  -46.672708673  -45.232111922   -6.038984711

   -3.141592654   -1.396263402  -55.817181741  -41.053401870  -10.680526919
   -2.967059728   -1.396263402  -62.042286038  -29.499506079  -10.141026860
   -2.792526803   -1.396263402  -65.917140826  -14.811975902   -9.023188217
   -2.617993878   -1.396263402  -67.271132722   -1.274885158   -7.858322082
   -2.443460953   -1.396263402  -66.627112864    7.700708915   -7.126365426
   -2.268928028   -1.396263402  -64.917928931   10.989838171   -7.128225800
   -2.094395102   -1.396263402  -63.043066454    9.997485458   -8.046796441
   -1.919862177   -1.396263402  -61.509091299    7.587640598  -10.080244104
   -1.745329252   -1.396263402  -60.324727302    6.318272531  -13.498958855
   -1.570796327   -1.396263402  -59.172386795    7.230252163  -18.487978412
   -1.396263402   -1.396263402  -57.705991659    9.684226873  -24.872379053
   -1.221730476   -1.396263402  -55.787164642   12.121455362  -31.913307866
   -1.047197551   -1.396263402  -53.561746979   12.996714102  -38.374660239
   -0.872664626   -1.396263402  -51.384330284   11.471458882  -42.847891719
   -0.698131701   -1.396263402  -49.685497175    7.542024576  -44.192818927
   -0.523598776   -1.396263402  -48.851382959    1.699747114  -41.927590172
   -0.349065850   -1.396263402  -49.166011174   -5.545259448  -36.390047580
   -0.174532925   -1.396263402  -50.843682691  -13.886113820  -28.655497455
    0.000000000   -1.396263402  -54.058039240  -23.102735654  -20.276538781
    0.174532925   -1.396263402  -58.910508070  -32.491621756  -12.899561412
    0.349065850   -1.396263402  -65.288369801  -40.117738557   -7.858975254
    0.523598776   -1.396263402  -72.618992323  -42.826357664   -5.833801707
    0.698131701   -1.396263402  -79.733147464  -37.118377429   -6.655331876
    0.872664626   -1.396263402  -84.966921418  -21.224802734   -9.354797305
    1.047197551   -1.396263402  -86.631515773    3.186582019  -12.497809565
    1.221730476   -1.396263402  -83.662915751   30.748161352  -14.695361630
    1.396263402   -1.396263402  -76.133906051   54.233969774  -15.110975442
    1.570796327   -1.396263402  -65.329781011   67.487843990  -13.719078895
    1.745329252   -1.396263402  -53.340595887   67.667032279  -11.173815724
    1.919862177   -1.396263402  -42.411291047   55.789094957   -8.446886818
    2.094395102   -1.396263402  -34.346668465   35.582722629   -6.425385703
    2.268928028   -1.396263402  -30.192061088   11.757180572   -5.616928277
    2.443460953   -1.396263402  -30.190154034  -11.335262877   -6.078161940
    2.617993878   -1.396263402  -33.892393472  -30.189689041   -7.442443073
    2.792526803   -1.396263402  -40.320709910  -42.216849886   -9.077184900
    2.967059728   -1.396263402  -48.125731749  -45.886315629  -10.308739389

   -3.141592654   -1.221730476  -57.836586071  -40.867115079  -11.915131719
   -2.967059728   -1.221730476  -63.948088363  -28.461708246  -11.158661746
   -2.792526803   -1.221730476  -67.606734776  -13.479001035   -9.850637402
   -2.617993878   -1.221730476  -68.748037094   -0.258138221   -8.661991650
   -2.443460953   -1.221730476  -67.987033707    7.977243780   -8.147469113
   -2.268928028   -1.221730476  -66.310026132   10.323064279   -8.596884662
   -2.094395102   -1.221730476  -64.642863654    8.264578251  -10.112967932
   -1.919862177   -1.221730476  -63.517178706    4.606431286  -12.774576568
   -1.745329252   -1.221730476  -62.977076382    1.891734607  -16.711469388
   -1.570796327   -1.221730476  -62.724230089    1.382886940  -21.958846936
   -1.396263402   -1.221730476  -62.369843161    2.919401079  -28.209115712
   -1.221730476   -1.221730476  -61.638259780    5.489741978  -34.645271476
   -1.047197551   -1.221730476  -60.457387539    7.889887179  -40.033596258
   -0.872664626   -1.221730476  -58.940506600    9.196501692  -43.050602256
   -0.698131701   -1.221730476  -57.330112016    8.872450091  -42.711439501
   -0.523598776   -1.221730476  -55.945779305    6.594231083  -38.750582651
   -0.349065850   -1.221730476  -55.154068521    2.030322440  -31.768726285
   -0.174532925   -1.221730476  -55.382449965   -5.140330859  -23.102377816
    0.000000000   -1.221730476  -57.094972008  -14.928538876  -14.480622200
    0.174532925   -1.221730476  -60.684757565  -26.411168495   -7.553195858
    0.349065850   -1.221730476  -66.256238569  -37.044275810   -3.442535571
    0.523598776   -1.221730476  -73.324166630  -42.827563315   -2.462291957
    0.698131701   -1.221730476  -80.655643734  -39.421648240   -4.066225821
    0.872664626   -1.221730476  -86.395628899  -24.483280605   -7.063233504
    1.047197551   -1.221730476  -88.604235155    0.424623437  -10.045284177
    1.221730476   -1.221730476  -85.993011196   29.524410310  -11.858459113
    1.396263402   -1.221730476  -78.514090295   54.851659379  -11.971523411
    1.570796327   -1.221730476  -67.467796610   69.514020528  -10.579830467
    1.745329252   -1.221730476  -55.064976109   70.212703937   -8.398112536
    1.919862177   -1.221730476  -43.715156380   57.915016988   -6.320333604
    2.094395102   -1.221730476  -35.367560952   36.627579289   -5.096483279
    2.268928028   -1.221730476  -31.145762085   11.483937561   -5.105457806
    2.443460953   -1.221730476  -31.294009902  -12.708725362   -6.306838293
    2.617993878   -1.221730476  -35.292737614  -32.095635036   -8.260368256
    2.792526803   -1.221730476  -42.046863636  -43.922003215  -10.272309985
    2.967059728   -1.221730476  -50.084725203  -46.769985669  -11.635057817

   -3.141592654   -1.047197551  -59.742293384  -40.499361169   -9.415748341
   -2.967059728   -1.047197551  -65.717041937  -27.361174531   -8.691245715
   -2.792526803   -1.047197551  -69.167406227  -12.310399410   -7.740101461
   -2.617993878   -1.047197551  -70.147731668    0.332824795   -7.218173369
   -2.443460953   -1.047197551  -69.363624313    7.617587721   -7.574557487
   -2.268928028   -1.047197551  -67.840462502    8.918550610   -8.946353188
   -2.094395102   -1.047197551  -66.509148544    5.823149055  -11.284635858
   -1.919862177   -1.047197551  -65.902936724    1.082463424  -14.536648237
   -1.745329252   -1.047197551  -66.076938659   -2.769028572  -18.709729636
   -1.570796327   -1.047197551  -66.727840013   -4.260087444  -23.720871335
   -1.396263402   -1.047197551  -67.405430043   -3.126734542  -29.182059807
   -1.221730476   -1.047197551  -67.691675822    0.068141243  -34.289969657
   -1.047197551   -1.047197551  -67.310190453    4.352409148  -37.955720150
   -0.872664626   -1.047197551  -66.164105505    8.632203225  -39.120802133
   -0.698131701   -1.047197551  -64.350268383   11.794633391  -37.128809364
   -0.523598776   -1.047197551  -62.167285770   12.703075783  -32.021381030
   -0.349065850   -1.047197551  -60.105866364   10.234186607  -24.614261683
   -0.174532925   -1.047197551  -58.834997095    3.542842892  -16.306521906
    0.000000000   -1.047197551  -59.114430201   -7.456108342   -8.708864569
    0.174532925   -1.047197551  -61.604298197  -21.440616167   -3.183346227
    0.349065850   -1.047197551  -66.572722398  -35.124731278   -0.453310238
    0.523598776   -1.047197551  -73.554719565  -43.645811723   -0.433406799
    0.698131701   -1.047197551  -81.197410783  -41.964383017   -2.314995429
    0.872664626   -1.047197551  -87.433756641  -27.414517907   -4.894146366
    1.047197551   -1.047197551  -90.097169595   -1.699186337   -7.016724922
    1.221730476   -1.047197551  -87.731567053   28.882619140   -7.942667771
    1.396263402   -1.047197551  -80.228930470   55.699168239   -7.524477091
    1.570796327   -1.047197551  -68.940289689   71.314788155   -6.140084089
    1.745329252   -1.047197551  -56.197654062   72.167280476   -4.442690739
    1.919862177   -1.047197551  -44.548794224   59.276857150   -3.098431700
    2.094395102   -1.047197551  -36.052726396   36.923887461   -2.596945469
    2.268928028   -1.047197551  -31.883413551   10.605179238   -3.130059732
    2.443460953   -1.047197551  -32.270143275  -14.482186165   -4.572835661
    2.617993878   -1.047197551  -36.615695148  -34.179145320   -6.493925709
    2.792526803   -1.047197551  -43.708267580  -45.602831937   -8.276214759
    2.967059728   -1.047197551  -51.961518321  -47.493682261   -9.341469004

   -3.141592654   -0.872664626  -60.940429221  -40.234376422   -4.015286999
   -2.967059728   -0.872664626  -66.836610405  -26.822500181   -3.970046338
   -2.792526803   -0.872664626  -70.213059157  -12.094807396   -4.220835951
   -2.617993878   -0.872664626  -71.219909721   -0.235614709   -5.166956305
   -2.443460953   -0.872664626  -70.616592173    6.115920755   -6.945169305
   -2.268928028   -0.872664626  -69.431113129    6.574197407   -9.439639937
   -2.094395102   -0.872664626  -68.572977177    2.762429835  -12.465917982
   -1.919862177   -0.872664626  -68.560545275   -2.661790523  -15.928736492
   -1.745329252   -0.872664626  -69.446624222   -7.171553424  -19.816417361
   -1.570796327   -0.872664626  -70.908838823   -9.090945480  -24.008267993
   -1.396263402   -0.872664626  -72.426318120   -7.789131677  -28.088961374
   -1.221730476   -0.872664626  -73.446023480   -3.507857821  -31.317115867
   -1.047197551   -0.872664626  -73.520079559    2.856469723  -32.820949202
   -0.872664626   -0.872664626  -72.398613043    9.926108785  -31.916390395
   -0.698131701   -0.872664626  -70.102007306   16.001329890  -28.398505950
   -0.523598776   -0.872664626  -66.968283845   19.236426153  -22.687216442
   -0.349065850   -0.872664626  -63.645935500   17.916379853  -15.769545247
   -0.174532925   -0.872664626  -61.040131367   10.907615449   -8.928780631
    0.000000000   -0.872664626  -60.161572709   -1.745967153   -3.393776952
    0.174532925   -0.872664626  -61.864096250  -18.207254114    0.011724036
    0.349065850   -0.872664626  -66.496366730  -34.457813161    1.106152653
    0.523598776   -0.872664626  -73.544125841  -44.917093213    0.364928936
    0.698131701   -0.872664626  -81.500806874  -44.103603340   -1.281072326
    0.872664626   -0.872664626  -88.103694725  -29.323137531   -2.822877480
    1.047197551   -0.872664626  -91.021676138   -2.634595300   -3.554287535
    1.221730476   -0.872664626  -88.715328325   29.118757916   -3.274029208
    1.396263402   -0.872664626  -81.086405558   56.822237311   -2.240892427
    1.570796327   -0.872664626  -69.562336436   72.787093027   -0.939697819
    1.745329252   -0.872664626  -56.573770901   73.429761262    0.170972483
    1.919862177   -0.872664626  -44.754401350   59.914152768    0.790325411
    2.094395102   -0.872664626  -36.218734299   36.731060738    0.783027297
    2.268928028   -0.872664626  -32.156221944    9.602901543    0.163471485
    2.443460953   -0.872664626  -32.771246425  -16.028640038   -0.919953854
    2.617993878   -0.872664626  -37.401838822  -35.810545229   -2.180093536
    2.792526803   -0.872664626  -44.748368554  -46.806166189   -3.257148049
    2.967059728   -0.872664626  -53.147778271  -47.938932772   -3.875790380

   -3.141592654   -0.698131701  -61.076585836  -40.674706513    2.391477084
   -2.967059728   -0.698131701  -67.079445046  -27.661906216    1.008057918
   -2.792526803   -0.698131701  -70.660117288  -13.621868427   -1.171360366
   -2.617993878   -0.698131701  -71.999538901   -2.502681991   -4.072630496
   -2.443460953   -0.698131701  -71.843542902    3.302152435   -7.393957203
   -2.268928028   -0.698131701  -71.177100835    3.477219818  -10.769014231
   -2.094395102   -0.698131701  -70.872835937   -0.477840597  -13.983217693
   -1.919862177   -0.698131701  -71.439473369   -6.067136947  -17.047291074
   -1.745329252   -0.698131701  -72.935969826  -10.747344367  -20.063491726
   -1.570796327   -0.698131701  -75.022153845  -12.596933888  -22.959942796
   -1.396263402   -0.698131701  -77.105051302  -10.639446255  -25.328311242
   -1.221730476   -0.698131701  -78.507978461   -4.915588726  -26.489722064
   -1.047197551   -0.698131701  -78.649887140    3.572698102  -25.784178357
   -0.872664626   -0.698131701  -77.195633253   13.021698963  -22.913933365
   -0.698131701   -0.698131701  -74.171839122   21.139041405  -18.152392285
   -0.523598776   -0.698131701  -70.024067203   25.536315300  -12.308703170
   -0.349065850   -0.698131701  -65.584667598   24.212314173   -6.495377498
   -0.174532925   -0.698131701  -61.963596909   16.075939591   -1.763399078
    0.000000000   -0.698131701  -60.340185071    1.532448869    1.198346674
    0.174532925   -0.698131701  -61.654035891  -17.010944031    2.241305716
    0.349065850   -0.698131701  -66.233579768  -34.938658371    1.779425760
    0.523598776   -0.698131701  -73.451538622  -46.228728058    0.620548197
    0.698131701   -0.698131701  -81.638915997  -45.298681057   -0.324290681
    0.872664626   -0.698131701  -88.386833229  -29.725837935   -0.407818680
    1.047197551   -0.698131701  -91.289693745   -2.083262367    0.508115974
    1.221730476   -0.698131701  -88.823494567   30.312364709    2.048551542
    1.396263402   -0.698131701  -80.967476154   58.138300012    3.596631901
    1.570796327   -0.698131701  -69.235452919   73.800037106    4.661722828
    1.745329252   -0.698131701  -56.112543695   73.947585749    5.088861581
    1.919862177   -0.698131701  -44.246288558   59.946881820    5.024626377
    2.094395102   -0.698131701  -35.740852337   36.374864423    4.720975701
    2.268928028   -0.698131701  -31.766811181    8.969869384    4.371896053
    2.443460953   -0.698131701  -32.506932046  -16.799801405    4.062822311
    2.617993878   -0.698131701  -37.271937328  -36.549818426    3.801197795
    2.792526803   -0.698131701  -44.733380377  -47.372413654    3.540072660
    2.967059728   -0.698131701  -53.215076378  -48.336046230    3.147030027

   -3.141592654   -0.523598776  -60.163854343  -42.440255075    7.690191058
   -2.967059728   -0.523598776  -66.565995028  -30.455831502    4.474495629
   -2.792526803   -0.523598776  -70.711847053  -17.238072657    0.209975242
   -2.617993878   -0.523598776  -72.721633174   -6.477497468   -4.486426540
   -2.443460953   -0.523598776  -73.251594075   -0.505924808   -8.910842302
   -2.268928028   -0.523598776  -73.208792083    0.166795263  -12.564674965
   -2.094395102   -0.523598776  -73.436200969   -3.282329033  -15.346124587
   -1.919862177   -0.523598776  -74.462988876   -8.573278222  -17.491773356
   -1.745329252   -0.523598776  -76.382156374  -13.080836532  -19.292819652
   -1.570796327   -0.523598776  -78.848329032  -14.546911834  -20.759646421
   -1.396263402   -0.523598776  -81.198041418  -11.628894816  -21.488648804
   -1.221730476   -0.523598776  -82.639434094   -4.260768588  -20.833060617
   -1.047197551   -0.523598776  -82.491004827    6.273323176  -18.293032730
   -0.872664626   -0.523598776  -80.394959361   17.594510079  -13.894280883
   -0.698131701   -0.523598776  -76.462937620   26.807980390   -8.322110263
   -0.523598776   -0.523598776  -71.311648017   31.163753711   -2.713931757
   -0.349065850   -0.523598776  -65.974616385   28.709134163    1.747393154
   -0.174532925   -0.523598776  -61.721330391   18.750426269    4.286676218
    0.000000000   -0.523598776  -59.801654580    2.281363493    4.777938880
    0.174532925   -0.523598776  -61.121981768  -17.713374196    3.737049757
    0.349065850   -0.523598776  -65.889897771  -36.234342839    2.117584333
    0.523598776   -0.523598776  -73.315294680  -47.165414830    0.959491465
    0.698131701   -0.523598776  -81.580658932  -45.191076984    1.039861424
    0.872664626   -0.523598776  -88.202535919  -28.424254884    2.562173841
    1.047197551   -0.523598776  -90.802421737   -0.032877244    5.086758522
    1.221730476   -0.523598776  -87.967993108   32.342145060    7.727506131
    1.396263402   -0.523598776  -79.810177857   59.486537593    9.611049912
    1.570796327   -0.523598776  -67.922535760   74.241828549   10.323088282
    1.745329252   -0.523598776  -54.787677422   73.714167190   10.043245597
    1.919862177   -0.523598776  -42.988793843   59.487880691    9.349960295
    2.094395102   -0.523598776  -34.554689605   36.064027064    8.841426741
    2.268928028   -0.523598776  -30.609988365    8.951069498    8.840627414
    2.443460953   -0.523598776  -31.332637814  -16.607916212    9.312192478
    2.617993878   -0.523598776  -36.061665889  -36.375729560    9.923626449
    2.792526803   -0.523598776  -43.516255527  -47.528742460   10.181779972
    2.967059728   -0.523598776  -52.078602341  -49.161572898    9.564987570

   -3.141592654   -0.349065850  -58.536325146  -45.767786519   10.400994026
   -2.967059728   -0.349065850  -65.647189975  -35.149096266    5.584961050
   -2.792526803   -0.349065850  -70.681475578  -22.572215919   -0.180512478
   -2.617993878   -0.349065850  -73.612415878  -11.554763127   -5.864776116
   -2.443460953   -0.349065850  -74.951726558   -4.619914393  -10.558980310
   -2.268928028   -0.349065850  -75.521121891   -2.737790592  -13.816785502
   -2.094395102   -0.349065850  -76.163927769   -5.204126666  -15.756192741
   -1.919862177   -0.349065850  -77.472435216   -9.947612523  -16.856054770
   -1.745329252   -0.349065850  -79.604874157  -14.155024086  -17.554375903
   -1.570796327   -0.349065850  -82.221654388  -15.121618961  -17.889902157
   -1.396263402   -0.349065850  -84.586553391  -11.109514718  -17.422759228
   -1.221730476   -0.349065850  -85.795158229   -2.025723959  -15.506683028
   -1.047197551   -0.349065850  -85.089053575   10.410601490  -11.757171942
   -0.872664626   -0.349065850  -82.137136538   23.119622975   -6.444851485
   -0.698131701   -0.349065850  -77.198335635   32.601999669   -0.554115859
   -0.523598776   -0.349065850  -71.108445631   35.912283431    4.562416409
   -0.349065850   -0.349065850  -65.108536677   31.440860537    7.722314595
   -0.174532925   -0.349065850  -60.579630948   19.194480609    8.419657533
    0.000000000   -0.349065850  -58.750268450    0.934841545    7.004780671
    0.174532925   -0.349065850  -60.388292182  -19.804747172    4.519405162
    0.349065850   -0.349065850  -65.498338761  -37.873831211    2.305528231
    0.523598776   -0.349065850  -73.097660778  -47.402961974    1.510259309
    0.698131701   -0.349065850  -81.249926135  -43.669837656    2.713500743
    0.872664626   -0.349065850  -87.473991786  -25.513081145    5.698858788
    1.047197551   -0.349065850  -89.511630983    3.302953542    9.554293999
    1.221730476   -0.349065850  -86.139391611   34.997312948   13.031388387
    1.396263402   -0.349065850  -77.634389354   60.751076465   15.117230494
    1.570796327   -0.349065850  -65.653446943   74.109295285   15.498231351
    1.745329252   -0.349065850  -52.622949121   72.789867855   14.617693351
    1.919862177   -0.349065850  -40.995175594   58.584405511   13.369517522
    2.094395102   -0.349065850  -32.671206590   35.768966755   12.598223463
    2.268928028   -0.349065850  -28.711503564    9.401888567   12.709620544
    2.443460953   -0.349065850  -29.310621539  -15.727549778   13.556797017
    2.617993878   -0.349065850  -33.892065649  -35.682368782   14.523940860
    2.792526803   -0.349065850  -41.293744162  -47.734512441   14.771722765
    2.967059728   -0.349065850  -50.013565618  -50.831964290   13.527194734

   -3.141592654   -0.174532925  -56.695449619  -50.318979986   10.208980720
   -2.967059728   -0.174532925  -64.728463307  -40.998381381    4.628740767
   -2.792526803   -0.174532925  -70.820287649  -28.638161010   -1.518778041
   -2.617993878   -0.174532925  -74.747576492  -16.749815821   -7.062890948
   -2.443460953   -0.174532925  -76.865142254   -8.285127907  -11.158915414
   -2.268928028   -0.174532925  -77.933954996   -4.840835243  -13.579323044
   -2.094395102   -0.174532925  -78.839336255   -6.211731235  -14.682981299
   -1.919862177   -0.174532925  -80.271753143  -10.440112016  -15.091804673
   -1.745329252   -0.174532925  -82.468414743  -14.395968703  -15.242164385
   -1.570796327   -0.174532925  -85.090130906  -14.845911761  -15.075597862
   -1.396263402   -0.174532925  -87.316076407   -9.670692018  -14.051710735
   -1.221730476   -0.174532925  -88.127937525    1.151427664  -11.512695090
   -1.047197551   -0.174532925  -86.709610341   15.338415004   -7.186982236
   -0.872664626   -0.174532925  -82.794976267   29.033111406   -1.546991687
   -0.698131701   -0.174532925  -76.833013798   38.165263475    4.227263658
   -0.523598776   -0.174532925  -69.904899530   39.746316103    8.696900805
   -0.349065850   -0.174532925  -63.451764742   32.729214283   10.767122980
   -0.174532925   -0.174532925  -58.920744474   18.018873515   10.184343068
    0.000000000   -0.174532925  -57.447417818   -1.763256632    7.640850231
    0.174532925   -0.174532925  -59.586889531  -22.599794698    4.497033698
    0.349065850   -0.174532925  -65.090721854  -39.395498808    2.275972129
    0.523598776   -0.174532925  -72.776580946  -46.793015527    2.097631520
    0.698131701   -0.174532925  -80.625983529  -40.885953275    4.325315133
    0.872664626   -0.174532925  -86.225223702  -21.329212452    8.425515921
    1.047197551   -0.174532925  -87.503727731    7.576977841   13.193267603
    1.221730476   -0.174532925  -83.473850252   38.075165201   17.205725610
    1.396263402   -0.174532925  -74.593736341   61.932297212   19.415106831
    1.570796327   -0.174532925  -62.567777763   73.541926282   19.580570574
    1.745329252   -0.174532925  -49.731599956   71.310003314   18.272487782
    1.919862177   -0.174532925  -38.366121454   57.224654349   16.530404291
    2.094395102   -0.174532925  -30.212295333   35.252751560   15.324429528
    2.268928028   -0.174532925  -26.254411264    9.866268363   15.119232583
    2.443460953   -0.174532925  -26.717262213  -14.753112731   15.731310628
    2.617993878   -0.174532925  -31.145797692  -35.066554686   16.415572574
    2.792526803   -0.174532925  -38.540564324  -48.417631471   16.185221319
    2.967059728   -0.174532925  -47.542347085  -53.440061327   14.208953786

   -3.141592654    0.000000000  -55.101841898  -55.277562378    7.726709188
   -2.967059728    0.000000000  -64.095575896  -46.857389706    2.474563823
   -2.792526803    0.000000000  -71.204880463  -34.237168717   -2.859458634
   -2.617993878    0.000000000  -76.011892385  -21.106689763   -7.260861988
   -2.443460953    0.000000000  -78.746714817  -10.989966960  -10.173489552
   -2.268928028    0.000000000  -80.156350686   -6.124055963  -11.669549687
   -2.094395102    0.000000000  -81.205429094   -6.687877379  -12.283010698
   -1.919862177    0.000000000  -82.693678714  -10.666423590  -12.616384579
   -1.745329252    0.000000000  -84.920935876  -14.488065683  -12.923143239
   -1.570796327    0.000000000  -87.519330232  -14.372105327  -12.914078130
   -1.396263402    0.000000000  -89.561090668   -7.910355693  -11.898985497
   -1.221730476    0.000000000  -89.913427662    4.702833985   -9.230488952
   -1.047197551    0.000000000  -87.725644703   20.510701637   -4.794331925
   -0.872664626    0.000000000  -82.831493284   34.864869557    0.733959124
   -0.698131701    0.000000000  -75.897269455   43.220695798    6.053607132
   -0.523598776    0.000000000  -68.253519359   42.707073048    9.765180607
   -0.349065850    0.000000000  -61.517282736   32.985678411   10.965282585
   -0.174532925    0.000000000  -57.157815904   15.933529579    9.656929106
    0.000000000    0.000000000  -56.169266355   -4.989450977    6.751716069
    0.174532925    0.000000000  -58.857123276  -25.391841715    3.718562203
    0.349065850    0.000000000  -64.707394294  -40.395411196    2.044656209
    0.523598776    0.000000000  -72.354747470  -45.310497313    2.686573623
    0.698131701    0.000000000  -79.737023869  -37.135859406    5.780095870
    0.872664626    0.000000000  -84.552842433  -16.328583583   10.588904450
    1.047197551    0.000000000  -84.953940948   12.377414551   15.797600613
    1.221730476    0.000000000  -80.202870583   41.359990318   19.988425070
    1.396263402    0.000000000  -70.936693353   63.043687906   22.173282850
    1.570796327    0.000000000  -58.897642842   72.688188604   22.156496116
    1.745329252    0.000000000  -46.320019054   69.390686520   20.512102633
    1.919862177    0.000000000  -35.302086661   55.339616634   18.271677293
    2.094395102    0.000000000  -27.412491394   34.191536542   16.423497535
    2.268928028    0.000000000  -23.550044063    9.803972068   15.480434485
    2.443460953    0.000000000  -23.967677752  -14.303274227   15.318119765
    2.617993878    0.000000000  -28.338328278  -35.022605727   15.243180342
    2.792526803    0.000000000  -35.831860797  -49.734874612   14.334378708
    2.967059728    0.000000000  -45.226563336  -56.658758497   11.870163846

   -3.141592654    0.174532925  -54.066084398  -59.705789625    3.980346474
   -2.967059728    0.174532925  -63.878782670  -51.642631422   -0.037644897
   -2.792526803    0.174532925  -71.783509825  -38.412176998   -3.725273106
   -2.617993878    0.174532925  -77.214791239  -24.019836058   -6.428347301
   -2.443460953    0.174532925  -80.339119746  -12.579090134   -7.979956079
   -2.268928028    0.174532925  -81.941116529   -6.842345161   -8.728185442
   -2.094395102    0.174532925  -83.085677655   -7.159246171   -9.268246439
   -1.919862177    0.174532925  -84.664882640  -11.255452943  -10.035875277
   -1.745329252    0.174532925  -86.997209026  -15.023834405  -10.978132873
   -1.570796327    0.174532925  -89.638809977  -14.191314424  -11.510523806
   -1.396263402    0.174532925  -91.528475365   -6.231692347  -10.801327564
   -1.221730476    0.174532925  -91.425244039    8.255180297   -8.270815126
   -1.047197551    0.174532925  -88.476520101   25.544970273   -4.021726880
   -0.872664626    0.174532925  -82.652115634   40.253462643    1.062498940
   -0.698131701    0.174532925  -74.850607635   47.533586934    5.633764097
   -0.523598776    0.174532925  -66.634195788   44.816653055    8.457462563
   -0.349065850    0.174532925  -59.752794839   32.560487877    8.932462771
   -0.174532925    0.174532925  -55.651073823   13.572473118    7.342904537
    0.000000000    0.174532925  -55.151734422   -7.986173207    4.731212963
    0.174532925    0.174532925  -58.307496715  -27.514342030    2.502236116
    0.349065850    0.174532925  -64.362162676  -40.478330298    1.918144204
    0.523598776    0.174532925  -71.807373498  -42.912565290    3.641427333
    0.698131701    0.174532925  -78.579447102  -32.688686562    7.544611592
    0.872664626    0.174532925  -82.518113809  -10.958749564   12.749913406
    1.047197551    0.174532925  -82.004814017   17.248864487   17.952790287
    1.221730476    0.174532925  -76.538793226   44.524114387   21.876299629
    1.396263402    0.174532925  -66.917200594   63.934087656   23.691813066
    1.570796327    0.174532925  -54.910784790   71.525247314   23.280211626
    1.745329252    0.174532925  -42.656766926   67.023326270   21.182630348
    1.919862177    0.174532925  -32.080519373   52.818939194   18.341811808
    2.094395102    0.174532925  -24.582324683   32.314377336   15.687908486
    2.268928028    0.174532925  -20.968646506    8.816136836   13.759831798
    2.443460953    0.174532925  -21.504299908  -14.778041105   12.549720726
    2.617993878    0.174532925  -25.968698151  -35.766687938   11.545528833
    2.792526803    0.174532925  -33.675249792  -51.544582169   10.041392310
    2.967059728    0.174532925  -43.511232789  -59.911045760    7.519422116

   -3.141592654    0.349065850  -53.721560472  -62.919912761   -0.035057653
   -2.967059728    0.349065850  -64.092491947  -54.706621068   -2.387352446
   -2.792526803    0.349065850  -72.473581360  -40.722950065   -4.160324881
   -2.617993878    0.349065850  -78.222197116  -25.345560634   -5.123571891
   -2.443460953    0.349065850  -81.508266496  -13.184483715   -5.470017978
   -2.268928028    0.349065850  -83.194270127   -7.302745705   -5.723454261
   -2.094395102    0.349065850  -84.445764656   -7.982174538   -6.424455510
   -1.919862177    0.349065850  -86.209972564  -12.514288220   -7.762072075
   -1.745329252    0.349065850  -88.767587196  -16.219044612   -9.363075351
   -1.570796327    0.349065850  -91.549746025  -14.450365361  -10.397275683
   -1.396263402    0.349065850  -93.343649547   -4.779172027   -9.981340489
   -1.221730476    0.349065850  -92.818973230   11.597021938   -7.687210520
   -1.047197551    0.349065850  -89.162662901   30.141532653   -3.867955166
   -0.872664626    0.349065850  -82.513909533   44.866338993    0.432096238
   -0.698131701    0.349065850  -74.002722528   50.857102142    3.932391046
   -0.523598776    0.349065850  -65.382685977   46.043047890    5.697543342
   -0.349065850    0.349065850  -58.475093608   31.707035621    5.524689144
   -0.174532925    0.349065850  -54.649394495   11.447180542    3.991812664
    0.000000000    0.349065850  -54.540281327  -10.105422619    2.199646784
    0.174532925    0.349065850  -57.970579330  -28.350439993    1.360278060
    0.349065850    0.349065850  -63.993989304  -39.208869601    2.372008520
    0.523598776    0.349065850  -71.020275317  -39.434480754    5.496109851
    0.698131701    0.349065850  -77.035278582  -27.661261520   10.282393824
    0.872664626    0.349065850  -80.044378033   -5.562058391   15.705885530
    1.047197551    0.349065850  -78.652142861   21.722507099   20.517060774
    1.221730476    0.349065850  -72.561958435   47.085593223   23.664456948
    1.396263402    0.349065850  -62.693657962   64.201638267   24.589427876
    1.570796327    0.349065850  -50.824968502   69.776926981   23.351368254
    1.745329252    0.349065850  -38.997568162   64.041386195   20.518245237
    1.919862177    0.349065850  -28.980601245   49.548495171   16.939884450
    2.094395102    0.349065850  -22.020710398   29.503204870   13.438531049
    2.268928028    0.349065850  -18.831387161    6.770232253   10.529337766
    2.443460953    0.349065850  -19.668993187  -16.266611771    8.309666350
    2.617993878    0.349065850  -24.383063241  -37.240541232    6.487750252
    2.792526803    0.349065850  -32.386886445  -53.550759150    4.627409202
    2.967059728    0.349065850  -42.638760161  -62.656005021    2.431481719

   -3.141592654    0.523598776  -54.044945067  -64.676580471   -3.560340400
   -2.967059728    0.523598776  -64.682374169  -55.948838441   -4.309591652
   -2.792526803    0.523598776  -73.219081830  -41.251428194   -4.389909426
   -2.617993878    0.523598776  -79.005993672  -25.309153774   -3.941689459
   -2.443460953    0.523598776  -82.270443141  -13.069376932   -3.407795793
   -2.268928028    0.523598776  -83.972449399   -7.686169946   -3.361490134
   -2.094395102    0.523598776  -85.360471104   -9.176175893   -4.201262551
   -1.919862177    0.523598776  -87.392296634  -14.299603355   -5.864121118
   -1.745329252    0.523598776  -90.261345994  -17.844691144   -7.744631114
   -1.570796327    0.523598776  -93.242891435  -14.959184664   -8.917943555
   -1.396263402    0.523598776  -94.976398284   -3.518522060   -8.602744339
   -1.221730476    0.523598776  -94.076442265   14.554341382   -6.608335781
   -1.047197551    0.523598776  -89.812072906   33.960689837   -3.513073139
   -0.872664626    0.523598776  -82.510053754   48.322094760   -0.395417823
   -0.698131701    0.523598776  -73.505969598   52.918405132    1.699926640
   -0.523598776    0.523598776  -64.680766315   46.335437580    2.268642197
   -0.349065850    0.523598776  -57.852405619   30.629246292    1.554215649
   -0.174532925    0.523598776  -54.266235465    9.967363918    0.388643708
    0.000000000    0.523598776  -54.366168265  -10.834847067   -0.160401306
    0.174532925    0.523598776  -57.787803876  -27.402254723    0.825113151
    0.349065850    0.523598776  -63.466240091  -36.203712040    3.797116782
    0.523598776    0.523598776  -69.805340837  -34.678827125    8.558853544
    0.698131701    0.523598776  -74.901195768  -22.080291275   14.296407478
    0.872664626    0.523598776  -76.953149239   -0.391854217   19.812047859
    1.047197551    0.523598776  -74.778946298   25.357440743   23.914383626
    1.221730476    0.523598776  -68.242425788   48.505619850   25.821620619
    1.396263402    0.523598776  -58.329921518   63.329793086   25.342252325
    1.570796327    0.523598776  -46.783912972   67.059548699   22.836357970
    1.745329252    0.523598776  -35.536972984   60.248920775   18.999494824
    1.919862177    0.523598776  -26.215284941   45.505277457   14.624744953
    2.094395102    0.523598776  -19.933801900   25.848670748   10.393407359
    2.268928028    0.523598776  -17.323121975    3.812722888    6.728445941
    2.443460953    0.523598776  -18.618051188  -18.587936016    3.766406532
    2.617993878    0.523598776  -23.702375548  -39.217643855    1.396099855
    2.792526803    0.523598776  -32.043486311  -55.473627737   -0.574523776
    2.967059728    0.523598776  -42.634419465  -64.594107239   -2.253231179

   -3.141592654    0.698131701  -54.898287930  -65.131393361   -6.033276929
   -2.967059728    0.698131701  -65.552552765  -55.689366148   -5.555674220
   -2.792526803    0.698131701  -73.990295627  -40.420681217   -4.434129077
   -2.617993878    0.698131701  -79.611285901  -24.323712296   -3.067357936
   -2.443460953    0.698131701  -82.732191396  -12.503654507   -2.014864117
   -2.268928028    0.698131701  -84.408817935   -8.015513018   -1.784662481
   -2.094395102    0.698131701  -85.942738562  -10.490489355   -2.581631789
   -1.919862177    0.698131701  -88.261884877  -16.162328156   -4.137208885
   -1.745329252    0.698131701  -91.444182433  -19.414702202   -5.759187445
   -1.570796327    0.698131701  -94.609684781  -15.381486438   -6.626646081
   -1.396263402    0.698131701  -96.282764863   -2.393095915   -6.227269398
   -1.221730476    0.698131701  -95.069765912   16.896816036   -4.662237858
   -1.047197551    0.698131701  -90.354140435   36.604929215   -2.644879166
   -0.872664626    0.698131701  -82.640352978   50.243650546   -1.100192826
   -0.698131701    0.698131701  -73.411827347   53.522489708   -0.648530325
   -0.523598776    0.698131701  -64.592342412   45.747959773   -1.265627228
   -0.349065850    0.698131701  -57.919629832   29.591566513   -2.286389706
   -0.174532925    0.698131701  -54.479317597    9.504123910   -2.736365197
    0.000000000    0.698131701  -54.541205653   -9.807644731   -1.712592474
    0.174532925    0.698131701  -57.613320602  -24.385606290    1.313320632
    0.349065850    0.698131701  -62.593766926  -31.298998460    6.311029346
    0.523598776    0.698131701  -67.960371960  -28.614492128   12.638565980
    0.698131701    0.698131701  -71.981375475  -16.049960837   19.151965556
    0.872664626    0.698131701  -73.078654033    4.315019708   24.513814593
    1.047197551    0.698131701  -70.271268500   27.801362422   27.619587052
    1.221730476    0.698131701  -63.533990327   48.371539748   27.984702793
    1.396263402    0.698131701  -53.850622246   60.935573342   25.831120061
    1.570796327    0.698131701  -42.869229361   63.117795820   21.881115224
    1.745329252    0.698131701  -32.385015039   55.581266035   17.013386738
    1.919862177    0.698131701  -23.888650457   40.817050980   11.986206014
    2.094395102    0.698131701  -18.390212830   21.618709456    7.315027301
    2.268928028    0.698131701  -16.459021504    0.275279234    3.270317086
    2.443460953    0.698131701  -18.308361392  -21.415737902   -0.049541046
    2.617993878    0.698131701  -23.831034302  -41.430966583   -2.648938764
    2.792526803    0.698131701  -32.511354878  -57.150427276   -4.540928470
    2.967059728    0.698131701  -43.348257499  -65.708821630   -5.692683712

   -3.141592654    0.872664626  -56.071646178  -64.639909231   -7.279044036
   -2.967059728    0.872664626  -66.568843284  -54.425571543   -6.045790843
   -2.792526803    0.872664626  -74.744840241  -38.764774906   -4.260586781
   -2.617993878    0.872664626  -80.082715743  -22.830853458   -2.458559776
   -2.443460953    0.872664626  -82.998153929  -11.716091799   -1.197594305
   -2.268928028    0.872664626  -84.623518495   -8.233259497   -0.837736390
   -2.094395102    0.872664626  -86.277688269  -11.591571956   -1.374679433
   -1.919862177    0.872664626  -88.828917874  -17.603370628   -2.408692902
   -1.745329252    0.872664626  -92.237980937  -20.450154475   -3.315293712
   -1.570796327    0.872664626  -95.504220208  -15.444679742   -3.559163766
   -1.396263402    0.872664626  -97.095330064   -1.433363433   -3.017802436
   -1.221730476    0.872664626  -95.660825009   18.340446654   -2.078715931
   -1.047197551    0.872664626  -90.710543162   37.707826440   -1.451665816
   -0.872664626    0.872664626  -82.882614569   50.384427770   -1.713019917
   -0.698131701    0.872664626  -73.720506803   52.669974171   -2.911392794
   -0.523598776    0.872664626  -65.095221830   44.524359942   -4.467587355
   -0.349065850    0.872664626  -58.598585570   28.966819412   -5.395114970
   -0.174532925    0.872664626  -55.145608906   10.402126747   -4.741641997
    0.000000000    0.872664626  -54.874279828   -6.834506803   -1.925363504
    0.174532925    0.872664626  -57.241135645  -19.322214716    3.100415836
    0.349065850    0.872664626  -61.191950160  -24.708564023    9.820075494
    0.523598776    0.872664626  -65.350014489  -21.576864148   17.224764045
    0.698131701    0.872664626  -68.203143896   -9.938411579   23.971029304
    0.872664626    0.872664626  -68.409789441    8.232531232   28.717504825
    1.047197551    0.872664626  -65.167907486   28.811520825   30.542806881
    1.221730476    0.872664626  -58.509172854   46.539686906   29.286011413
    1.396263402    0.872664626  -49.344290784   56.979944602   25.551747298
    1.570796327    0.872664626  -39.166565052   58.025225840   20.371146563
    1.745329252    0.872664626  -29.604102659   50.231668257   14.761855173
    1.919862177    0.872664626  -22.019342400   35.789079252    9.424843597
    2.094395102    0.872664626  -17.347767681   17.198410587    4.696525251
    2.268928028    0.872664626  -16.126711733   -3.433547586    0.671789182
    2.443460953    0.872664626  -18.559225736  -24.387437204   -2.634826320
    2.617993878    0.872664626  -24.534400082  -43.636552878   -5.184991854
    2.792526803    0.872664626  -33.528301605  -58.518010609   -6.881167606
    2.967059728    0.872664626  -44.525531233  -66.152100606   -7.598237137

   -3.141592654    1.047197551  -57.383245051  -63.605694318   -7.730761364
   -2.967059728    1.047197551  -67.629629647  -52.655406581   -6.154722623
   -2.792526803    1.047197551  -75.468408488  -36.766351614   -4.136421389
   -2.617993878    1.047197551  -80.480541785  -21.184929121   -2.248436737
   -2.443460953    1.047197551  -83.172649838  -10.846625735   -0.965811396
   -2.268928028    1.047197551  -84.723662528   -8.231761920   -0.460727532
   -2.094395102    1.047197551  -86.434471729  -12.166130074   -0.538797095
   -1.919862177    1.047197551  -89.098127441  -18.222576411   -0.752983970
   -1.745329252    1.047197551  -92.581761291  -20.625191698   -0.672238666
   -1.570796327    1.047197551  -95.825261175  -15.027222431   -0.162785618
   -1.396263402    1.047197551  -97.312416582   -0.749173958    0.469879506
   -1.221730476    1.047197551  -95.780835793   18.645114688    0.619762543
   -1.047197551    1.047197551  -90.853143139   37.074849644   -0.272345417
   -0.872664626    1.047197551  -83.226873782   48.748854726   -2.293497712
   -0.698131701    1.047197551  -74.399461952   50.612616527   -4.866590219
   -0.523598776    1.047197551  -66.096224170   43.084458495   -6.917084508
   -0.349065850    1.047197551  -59.719374237   29.184838100   -7.284752165
   -0.174532925    1.047197551  -56.031885858   12.931643959   -5.205111190
    0.000000000    1.047197551  -55.108117204   -1.924794847   -0.549320125
    0.174532925    1.047197551  -56.443361030  -12.538222758    6.183625988
    0.349065850    1.047197551  -59.114141969  -17.020121602   14.015872407
    0.523598776    1.047197551  -61.943593870  -14.277585518   21.686058598
    0.698131701    1.047197551  -63.657707562   -4.399435105   27.842327618
    0.872664626    1.047197551  -63.134430758   10.928955266   31.349440320
    1.047197551    1.047197551  -59.705803548   28.261242624   31.621025287
    1.221730476    1.047197551  -53.401247032   43.166038915   28.849871041
    1.396263402    1.047197551  -44.999193477   51.803804678   23.928213536
    1.570796327    1.047197551  -35.796819167   52.196691629   18.040527696
    1.745329252    1.047197551  -27.241917195   44.616854991   12.206365406
    1.919862177    1.047197551  -20.584122547   30.817061040    7.002303267
    2.094395102    1.047197551  -16.715994889   12.963191762    2.582714178
    2.268928028    1.047197551  -16.172498789   -6.967960188   -1.115397844
    2.443460953    1.047197551  -19.161682271  -27.223336510   -4.160712919
    2.617993878    1.047197551  -25.564695725  -45.679184233   -6.502553738
    2.792526803    1.047197551  -34.834520499  -59.601791744   -7.978498287
    2.967059728    1.047197551  -45.928539091  -66.153062252   -8.404591172

   -3.141592654    1.221730476  -58.781211542  -62.370458130   -8.497760419
   -2.967059728    1.221730476  -68.746620591  -50.751863902   -6.895821568
   -2.792526803    1.221730476  -76.234289834  -34.743249240   -4.917314313
   -2.617993878    1.221730476  -80.923021594  -19.572855836   -3.104728564
   -2.443460953    1.221730476  -83.391866743   -9.911082897   -1.812863141
   -2.268928028    1.221730476  -84.833531135   -7.865235063   -1.034130058
   -2.094395102    1.221730476  -86.502085684  -11.970430480   -0.438275743
   -1.919862177    1.221730476  -89.114695382  -17.779497329    0.384347921
   -1.745329252    1.221730476  -92.486443866  -19.801234515    1.591391686
   -1.570796327    1.221730476  -95.572094903  -14.133438430    2.881258280
   -1.396263402    1.221730476  -96.943541127   -0.437695604    3.564407345
   -1.221730476    1.221730476  -95.455717791   17.744738187    2.922807032
   -1.047197551    1.221730476  -90.807106576   34.798544261    0.661981241
   -0.872664626    1.221730476  -83.663559268   45.642020163   -2.767712787
   -0.698131701    1.221730476  -75.370510424   47.814987766   -6.219202643
   -0.523598776    1.221730476  -67.431744382   41.914489667   -8.255964922
   -0.349065850    1.221730476  -61.043105052   30.597105208   -7.699671211
   -0.174532925    1.221730476  -56.859190402   17.184075536   -4.088135141
    0.000000000    1.221730476  -54.975833728    4.685379636    2.200728054
    0.174532925    1.221730476  -55.023374741   -4.596821949   10.124049684
    0.349065850    1.221730476  -56.285546718   -9.046907838   18.297148580
    0.523598776    1.221730476  -57.819121072   -7.620349127   25.323135190
    0.698131701    1.221730476  -58.573236413   -0.212785216   30.024856507
    0.872664626    1.221730476  -57.590784636   11.949441844   31.679574471
    1.047197551    1.221730476  -54.265759789   26.121369728   30.188575726
    1.221730476    1.221730476  -48.561347787   38.599339660   26.123416896
    1.396263402    1.221730476  -41.084051452   45.971811915   20.543072535
    1.570796327    1.221730476  -32.925266949   46.225498193   14.587720444
    1.745329252    1.221730476  -25.367478695   39.233620390    9.099582145
    1.919862177    1.221730476  -19.576818056   26.267417853    4.440008066
    2.094395102    1.221730476  -16.434459115    9.174587135    0.582139483
    2.268928028    1.221730476  -16.496994855  -10.138956933   -2.652772104
    2.443460953    1.221730476  -19.989239239  -29.803623978   -5.380345498
    2.617993878    1.221730476  -26.782404366  -47.534302098   -7.532608489
    2.792526803    1.221730476  -36.296919986  -60.505080816   -8.896150029
    2.967059728    1.221730476  -47.454102116  -65.950694991   -9.238519127

   -3.141592654    1.396263402  -60.422073271  -61.203808609  -10.642303813
   -2.967059728    1.396263402  -70.120668752  -48.943318870   -9.212276350
   -2.792526803    1.396263402  -77.275345062  -32.825329617   -7.380330736
   -2.617993878    1.396263402  -81.654434217  -17.993000186   -5.629125909
   -2.443460953    1.396263402  -83.888623479   -8.785274483   -4.202125840
   -2.268928028    1.396263402  -85.156959162   -6.937435951   -2.963096844
   -2.094395102    1.396263402  -86.649317306  -10.812469391   -1.520358119
   -1.919862177    1.396263402  -89.019492757  -16.154757058    0.434940237
   -1.745329252    1.396263402  -92.080510827  -17.954347782    2.772910788
   -1.570796327    1.396263402  -94.874486082  -12.788362794    4.810780305
   -1.396263402    1.396263402  -96.119650699   -0.467859747    5.584001836
   -1.221730476    1.396263402  -94.797838430   15.836834919    4.374558661
   -1.047197551    1.396263402  -90.631752551   31.289321648    1.201856487
   -0.872664626    1.396263402  -84.165290530   41.627889431   -3.004486268
   -0.698131701    1.396263402  -76.504718943   44.848752660   -6.683299297
   -0.523598776    1.396263402  -68.884846029   41.424030679   -8.223150609
   -0.349065850    1.396263402  -62.304746917   33.330976357   -6.570397480
   -0.174532925    1.396263402  -57.368475688   22.963299632   -1.611712295
    0.000000000    1.396263402  -54.279380733   12.501222262    5.812398934
    0.174532925    1.396263402  -52.891024050    3.773428649   14.209258482
    0.349065850    1.396263402  -52.756834335   -1.655586822   21.895764868
    0.523598776    1.396263402  -53.181020704   -2.472999234   27.452682931
    0.698131701    1.396263402  -53.293297491    1.924453119   30.004712565
    0.872664626    1.396263402  -52.216760560   10.930726332   29.370270628
    1.047197551    1.396263402  -49.313133582   22.443372945   26.027281857
    1.221730476    1.396263402  -44.412606009   33.251522751   20.927212892
    1.396263402    1.396263402  -37.930361780   40.090486663   15.188419363
    1.570796327    1.396263402  -30.775268101   40.715252496    9.738201431
    1.745329252    1.396263402  -24.109925872   34.543050418    5.083764920
    1.919862177    1.396263402  -19.062390131   22.415290776    1.284337817
    2.094395102    1.396263402  -16.534474172    5.950447252   -1.873923257
    2.268928028    1.396263402  -17.120961827  -12.935306002   -4.645897314
    2.443460953    1.396263402  -21.067486666  -32.191517046   -7.147117329
    2.617993878    1.396263402  -28.230006596  -49.331461066   -9.263962543
    2.792526803    1.396263402  -37.986458037  -61.425207211  -10.716841226
    2.967059728    1.396263402  -49.212667111  -65.797090983  -11.210920433

   -3.141592654    1.570796327  -62.590832475  -60.278281918  -14.519042719
   -2.967059728    1.570796327  -72.060112789  -47.318785263  -13.316621126
   -2.792526803    1.570796327  -78.905977325  -30.990939708  -11.591994463
   -2.617993878    1.570796327  -82.975970764  -16.320358105   -9.775103954
   -2.443460953    1.570796327  -84.936639709   -7.291339694   -8.043799023
   -2.268928028    1.570796327  -85.937564573   -5.295154579   -6.210615935
   -2.094395102    1.570796327  -87.100507414   -8.633095417   -3.897939322
   -1.919862177    1.570796327  -89.036514547  -13.400257787   -0.925293621
   -1.745329252    1.570796327  -91.602851968  -15.186986688    2.345570930
   -1.570796327    1.570796327  -93.984840823  -11.021362719    4.984979247
   -1.396263402    1.570796327  -95.081798600   -0.661334241    5.912649776
   -1.221730476    1.570796327  -93.993105359   13.378241051    4.517320942
   -1.047197551    1.570796327  -90.411289866   27.237944511    1.119651454
   -0.872664626    1.570796327  -84.686344513   37.470334069   -3.017465373
   -0.698131701    1.570796327  -77.632415382   42.333984989   -6.151106472
   -0.523598776    1.570796327  -70.204266992   41.903382204   -6.725487750
   -0.349065850    1.570796327  -63.238017802   37.264563704   -3.951795225
   -0.174532925    1.570796327  -57.348641036   29.774512997    1.931550300
    0.000000000    1.570796327  -52.917895741   20.779311796    9.744216970
    0.174532925    1.570796327  -50.085921984   11.730594986   17.731893462
    0.349065850    1.570796327  -48.713258862    4.345910849   24.094481755
    0.523598776    1.570796327  -48.344757601    0.495688451   27.517726463
    0.698131701    1.570796327  -48.231611259    1.566910391   27.493379646
    0.872664626    1.570796327  -47.479483549    7.711466838   24.399477435
    1.047197551    1.570796327  -45.316880671   17.364562514   19.275173065
    1.221730476    1.570796327  -41.377664826   27.500479212   13.408204635
    1.396263402    1.570796327  -35.882428668   34.657894534    7.899081572
    1.570796327    1.570796327  -29.604220058   36.143292401    3.365428675
    1.745329252    1.570796327  -23.653381538   30.895732545   -0.112355753
    1.919862177    1.570796327  -19.178365270   19.443047448   -2.835893767
    2.094395102    1.570796327  -17.135534575    3.320014284   -5.220485711
    2.268928028    1.570796327  -18.169109767  -15.438533601   -7.576183194
    2.443460953    1.570796327  -22.542043823  -34.539809463   -9.980114951
    2.617993878    1.570796327  -30.083904093  -51.266434483  -12.236012948
    2.792526803    1.570796327  -40.115904582  -62.580198419  -13.966182288
    2.967059728    1.570796327  -51.455083107  -65.905717464  -14.785913142

   -3.141592654    1.745329252  -65.535318627  -59.611990861  -19.300081298
   -2.967059728    1.745329252  -74.809729430  -45.824218798  -18.254869392
   -2.792526803    1.745329252  -81.355317815  -29.118476543  -16.521720150
   -2.617993878    1.745329252  -85.092057544  -14.402946068  -14.505622670
   -2.443460953    1.745329252  -86.716182329   -5.318821009  -12.378716114
   -2.268928028    1.745329252  -87.346016473   -2.951299639   -9.983372779
   -2.094395102    1.745329252  -88.043192451   -5.614729980   -7.017579462
   -1.919862177    1.745329252  -89.397925336   -9.830582322   -3.419686376
   -1.745329252    1.745329252  -91.342958198  -11.812558645    0.328888884
   -1.570796327    1.745329252  -93.233722444   -8.959175110    3.244265503
   -1.396263402    1.745329252  -94.154431279   -0.803177519    4.322706436
   -1.221730476    1.745329252  -93.294714317   10.964300514    3.158067155
   -1.047197551    1.745329252  -90.268880809   23.508496828    0.314488907
   -0.872664626    1.745329252  -85.191956374   34.070543783   -2.815141828
   -0.698131701    1.745329252  -78.577922003   40.941225231   -4.582282965
   -0.523598776    1.745329252  -71.133203237   43.587179384   -3.740313145
   -0.349065850    1.745329252  -63.589527713   42.125389008    0.094548750
   -0.174532925    1.745329252  -56.633055089   36.921520150    6.347434677
    0.000000000    1.745329252  -50.869333266   28.598454172   13.661990609
    0.174532925    1.745329252  -46.749356054   18.361897210   20.274207965
    0.349065850    1.745329252  -44.440464331    8.239482139   24.512192675
    0.523598776    1.745329252  -43.696776004    0.854184868   25.319760077
    0.698131701    1.745329252  -43.824363799   -1.431057334   22.579532632
    0.872664626    1.745329252  -43.819496651    2.373513003   17.149836009
    1.047197551    1.745329252  -42.688796276   11.120324366   10.508356447
    1.221730476    1.745329252  -39.819095023   21.664838235    4.177640622
    1.396263402    1.745329252  -35.244595600   30.014103226   -0.815897584
    1.570796327    1.745329252  -29.659481189   32.815186760   -4.186342093
    1.745329252    1.745329252  -24.198440595   28.517265603   -6.290525256
    1.919862177    1.745329252  -20.095070031   17.470127980   -7.801516046
    2.094395102    1.745329252  -18.396491189    1.297180299   -9.345150750
    2.268928028    1.745329252  -19.805360897  -17.715978029  -11.280896319
    2.443460953    1.745329252  -24.593106011  -36.962596300  -13.626362858
    2.617993878    1.745329252  -32.545727201  -53.465975855  -16.074858058
    2.792526803    1.745329252  -42.908078945  -64.082495038  -18.126019426
    2.967059728    1.745329252  -54.420850122  -66.351550370  -19.288122512

   -3.141592654    1.919862177  -69.283638495  -59.097777195  -23.420232330
   -2.967059728    1.919862177  -78.377474278  -44.337193305  -22.375048521
   -2.792526803    1.919862177  -84.609624227  -27.087036137  -20.507897063
   -2.617993878    1.919862177  -87.970721220  -12.162455906  -18.226055233
   -2.443460953    1.919862177  -89.190182364   -2.900754039  -15.741866157
   -2.268928028    1.919862177  -89.366096138   -0.121428271  -12.987495867
   -2.094395102    1.919862177  -89.517033440   -2.179434244   -9.775755779
   -1.919862177    1.919862177  -90.230598299   -6.001893406   -6.132784793
   -1.745329252    1.919862177  -91.524340301   -8.346296443   -2.528310998
   -1.570796327    1.919862177  -92.914972647   -6.858012394    0.205683058
   -1.396263402    1.919862177  -93.640977996   -0.730340946    1.335200641
   -1.221730476    1.919862177  -92.938786422    9.190977733    0.742057887
   -1.047197551    1.919862177  -90.308899848   20.977086104   -0.848337692
   -0.872664626    1.919862177  -85.628061442   32.319864467   -2.134481142
   -0.698131701    1.919862177  -79.150958030   41.296360379   -1.836522801
   -0.523598776    1.919862177  -71.410812917   46.636190097    0.748788179
   -0.349065850    1.919862177  -63.116418281   47.550881679    5.484892835
   -0.174532925    1.919862177  -55.081429001   43.620688732   11.492057484
    0.000000000    1.919862177  -48.150819327   34.984609381   17.409984125
    0.174532925    1.919862177  -43.064891215   22.779998628   21.728222971
    0.349065850    1.919862177  -40.252289774    9.446682447   23.165870790
    0.523598776    1.919862177  -39.617088003   -1.577480648   21.087178221
    0.698131701    1.919862177  -40.451447913   -6.909270604   15.769919465
    0.872664626    1.919862177  -41.569807768   -4.736192751    8.415785714
    1.047197551    1.919862177  -41.696858880    4.086494361    0.742268270
    1.221730476    1.919862177  -39.944482251   16.053025637   -5.652042116
    1.396263402    1.919862177  -36.178583193   26.378061972   -9.876876780
    1.570796327    1.919862177  -31.070946428   30.882112523  -11.956779423
    1.745329252    1.919862177  -25.852800278   27.515748558  -12.628156783
    1.919862177    1.919862177  -21.904401263   16.570499110  -12.886699938
    2.094395102    1.919862177  -20.399081547   -0.074841132  -13.546891929
    2.268928028    1.919862177  -22.105768802  -19.744251104  -15.006525301
    2.443460953    1.919862177  -27.292924935  -39.437631814  -17.213463517
    2.617993878    1.919862177  -35.682523807  -55.891481010  -19.741007354
    2.792526803    1.919862177  -46.421180906  -65.869154034  -21.966029273
    2.967059728    1.919862177  -58.155068370  -67.047427110  -23.301543527

   -3.141592654    2.094395102  -73.572732198  -58.546173944  -25.306090100
   -2.967059728    2.094395102  -82.472021308  -42.725353915  -24.119067272
   -2.792526803    2.094395102  -88.360443328  -24.836047559  -22.057123810
   -2.617993878    2.094395102  -91.300626088   -9.631738376  -19.533949218
   -2.443460953    2.094395102  -92.063964418   -0.202899864  -16.816747077
   -2.268928028    2.094395102  -91.746952400    2.852537596  -13.958132120
   -2.094395102    2.094395102  -91.347096041    1.149670802  -10.908291537
   -1.919862177    2.094395102  -91.461772164   -2.540833776   -7.751570241
   -1.745329252    2.094395102  -92.181008484   -5.351183086   -4.836400019
   -1.570796327    2.094395102  -93.140631953   -5.017948337   -2.674933349
   -1.396263402    2.094395102  -93.672424996   -0.347929757   -1.584508138
   -1.221730476    2.094395102  -93.005139367    8.533669110   -1.357043511
   -1.047197551    2.094395102  -90.506347733   20.331522678   -1.213187147
   -0.872664626    2.094395102  -85.849291631   32.866655308   -0.153715167
   -0.698131701    2.094395102  -79.114134812   43.771073175    2.512779860
   -0.523598776    2.094395102  -70.770298931   51.003711977    6.800153328
   -0.349065850    2.094395102  -61.598526767   53.063081898   12.025322793
   -0.174532925    2.094395102  -52.586924549   49.080131782   17.087600085
    0.000000000    2.094395102  -44.805767252   39.050596462   20.792068711
    0.174532925    2.094395102  -39.220482521   24.258922465   22.098749426
    0.349065850    2.094395102  -36.433484831    7.609400826   20.323680631
    0.523598776    2.094395102  -36.413873620   -6.712076015   15.372518447
    0.698131701    2.094395102  -38.371902270  -14.419032952    7.903022343
    0.872664626    2.094395102  -40.893661060  -13.007289598   -0.693522673
    1.047197551    2.094395102  -42.399658426   -3.178922841   -8.684902785
    1.221730476    2.094395102  -41.730271428   11.037896713  -14.592368870
    1.396263402    2.094395102  -38.614011180   23.918898580  -17.749341912
    1.570796327    2.094395102  -33.751967717   30.375695924  -18.464986549
    1.745329252    2.094395102  -28.530018870   27.872186159  -17.758430099
    1.919862177    2.094395102  -24.522970985   16.736227291  -16.843105634
    2.094395102    2.094395102  -23.057887814   -0.761649329  -16.651089531
    2.268928028    2.094395102  -24.974051009  -21.433162140  -17.583568912
    2.443460953    2.094395102  -30.524146722  -41.815173815  -19.511653351
    2.617993878    2.094395102  -39.345983816  -58.341892702  -21.902471765
    2.792526803    2.094395102  -50.468838812  -67.710433338  -24.042675714
    2.967059728    2.094395102  -62.431186638  -67.767875911  -25.294059226

   -3.141592654    2.268928028  -77.915812184  -57.812540705  -23.904520614
   -2.967059728    2.268928028  -86.589716483  -40.938821769  -22.520650081
   -2.792526803    2.268928028  -92.103014640  -22.400460122  -20.311304035
   -2.617993878    2.268928028  -94.589521337   -6.918341658  -17.670715578
   -2.443460953    2.268928028  -94.870616768    2.589851130  -14.897736794
   -2.268928028    2.268928028  -94.062084888    5.689752279  -12.157233784
   -2.094395102    2.268928028  -93.164601544    3.995893495   -9.533842254
   -1.919862177    2.268928028  -92.793314536    0.134585215   -7.143640125
   -1.745329252    2.268928028  -93.083362460   -3.171386810   -5.148961261
   -1.570796327    2.268928028  -93.725261710   -3.582010074   -3.658342556
   -1.396263402    2.268928028  -94.065759939    0.459993029   -2.527627468
   -1.221730476    2.268928028  -93.271793618    9.301969460   -1.271807491
   -1.047197551    2.268928028  -90.580549684   21.901210577    0.798013176
   -0.872664626    2.268928028  -85.530442232   35.862461664    4.202956663
   -0.698131701    2.268928028  -78.141456349   48.209773511    8.932151214
   -0.523598776    2.268928028  -68.941465625   56.214810052   14.315196667
   -0.349065850    2.268928028  -58.870514840   57.957151300   19.239971672
   -0.174532925    2.268928028  -49.116470143   52.516810194   22.551029308
    0.000000000    2.268928028  -40.931887704   40.110846727   23.379003984
    0.174532925    2.268928028  -35.412667866   22.379076586   21.281264012
    0.349065850    2.268928028  -33.221152659    2.696079365   16.259191486
    0.523598776    2.268928028  -34.292651226  -14.161271492    8.792246116
    0.698131701    2.268928028  -37.692622883  -23.245184033   -0.127317360
    0.872664626    2.268928028  -41.758525894  -21.594968999   -9.062854019
    1.047197551    2.268928028  -44.622785269   -9.929348298  -16.476370397
    1.221730476    2.268928028  -44.893088936    7.105861457  -21.213026252
    1.396263402    2.268928028  -42.209206547   22.821497074  -22.942998716
    1.570796327    2.268928028  -37.350054862   31.253107604  -22.249199648
    1.745329252    2.268928028  -31.895787059   29.443879187  -20.320037041
    1.919862177    2.268928028  -27.641329643   17.841990978  -18.437662103
    2.094395102    2.268928028  -26.078071114   -0.797556793  -17.530004291
    2.268928028    2.268928028  -28.111104397  -22.699505201  -17.938425410
    2.443460953    2.268928028  -33.963376919  -43.905645274  -19.451230119
    2.617993878    2.268928028  -43.172925573  -60.560268927  -21.466972906
    2.792526803    2.268928028  -54.640982971  -69.336315979  -23.244594960
    2.967059728    2.268928028  -66.795074290  -68.286111530  -24.163286392

   -3.141592654    2.443460953  -81.703036982  -56.842719607  -18.959739074
   -2.967059728    2.443460953  -90.121906236  -39.040764352  -17.450306069
   -2.792526803    2.443460953  -95.247669486  -19.926886307  -15.260617329
   -2.617993878    2.443460953  -97.277340310   -4.207882851  -12.709177549
   -2.443460953    2.443460953  -97.083297212    5.287193251  -10.071143848
   -2.268928028    2.443460953  -95.816908895    8.213566993   -7.581230381
   -2.094395102    2.443460953  -94.503372686    6.215062476   -5.430071182
   -1.919862177    2.443460953  -93.779104225    1.945878577   -3.741978273
   -1.745329252    2.443460953  -93.790123145   -1.777105060   -2.481422231
   -1.570796327    2.443460953  -94.211526288   -2.397357663   -1.374615777
   -1.396263402    2.443460953  -94.329886397    1.910969940    0.100803536
   -1.221730476    2.443460953  -93.213736332   11.639728071    2.556422103
   -1.047197551    2.443460953  -90.000451050   25.586321031    6.419182957
   -0.872664626    2.443460953  -84.187915936   40.854816615   11.621590015
   -0.698131701    2.443460953  -75.858525795   53.828892493   17.474844216
   -0.523598776    2.443460953  -65.705224035   61.307462601   22.797736190
   -0.349065850    2.443460953  -54.881443763   61.303554873   26.306842428
   -0.174532925    2.443460953  -44.764577744   53.218749553   27.025786578
    0.000000000    2.443460953  -36.720378987   37.781299074   24.544344202
    0.174532925    2.443460953  -31.867641035   17.127438778   19.037408328
    0.349065850    2.443460953  -30.811213874   -4.936618658   11.145118026
    0.523598776    2.443460953  -33.357253322  -23.236156215    1.849583831
    0.698131701    2.443460953  -38.374794019  -32.464821734   -7.606066909
    0.872664626    2.443460953  -43.955974630  -29.509308305  -15.864942885
    1.047197551    2.443460953  -47.994401606  -15.314735110  -21.751136163
    1.221730476    2.443460953  -48.937911301    4.799321945  -24.613780688
    1.396263402    2.443460953  -46.406551888   23.261464063  -24.574869104
    1.570796327    2.443460953  -41.304513184   33.393838243  -22.487154904
    1.745329252    2.443460953  -35.425252091   31.968541694  -19.587468882
    1.919862177    2.443460953  -30.780690002   19.646249991  -17.051202806
    2.094395102    2.443460953  -29.012587536   -0.293251079  -15.647279403
    2.268928028    2.443460953  -31.074653852  -23.487571094  -15.578532427
    2.443460953    2.443460953  -37.145737647  -45.515416332  -16.553259187
    2.617993878    2.443460953  -46.657388962  -62.283531527  -17.965568823
    2.792526803    2.443460953  -58.385457529  -70.494328384  -19.136289141
    2.967059728    2.443460953  -70.656727797  -68.430243700  -19.545603734

   -3.141592654    2.617993878  -84.338614209  -55.689336728  -10.804935979
   -2.967059728    2.617993878  -92.493404800  -37.206319566   -9.327498849
   -2.792526803    2.617993878  -97.256533219  -17.655249563   -7.417351725
   -2.617993878    2.617993878  -98.868744475   -1.736613492   -5.243972005
   -2.443460953    2.617993878  -98.242928224    7.719809720   -2.983761054
   -2.268928028    2.617993878  -96.572368916   10.371480964   -0.870199006
   -2.094395102    2.617993878  -94.920561595    7.908662204    0.858985474
   -1.919862177    2.617993878  -93.943988021    3.160902151    2.103752961
   -1.745329252    2.617993878  -93.766923453   -0.768498220    3.072068229
   -1.570796327    2.617993878  -93.990923019   -1.037184449    4.311548156
   -1.396263402    2.617993878  -93.791782032    4.285516893    6.534758587
   -1.221730476    2.617993878  -92.136059874   15.488222958   10.262223422
   -1.047197551    2.617993878  -88.121550978   30.856850760   15.497965781
   -0.872664626    2.617993878  -81.311404138   46.851702351   21.565423656
   -0.698131701    2.617993878  -71.956813941   59.349748023   27.250963391
   -0.523598776    2.617993878  -60.980635693   65.004232226   31.151382391
   -0.349065850    2.617993878  -49.751806629   62.112840791   32.130253692
   -0.174532925    2.617993878  -39.785112784   50.665389926   29.621436181
    0.000000000    2.617993878  -32.471729481   32.041917620   23.749113190
    0.174532925    2.617993878  -28.850852277    8.907343725   15.232540034
    0.349065850    2.617993878  -29.370232002  -14.578037264    5.203629063
    0.523598776    2.617993878  -33.631365531  -33.025379983   -5.000380202
    0.698131701    2.617993878  -40.273106954  -41.071334666  -14.003665912
    0.872664626    2.617993878  -47.166094036  -35.777722886  -20.639607373
    1.047197551    2.617993878  -52.039502499  -18.555565215  -24.214282772
    1.221730476    2.617993878  -53.280943359    4.568542407  -24.702527520
    1.396263402    2.617993878  -50.576577800   25.314050772  -22.746972456
    1.570796327    2.617993878  -45.000661589   36.574311709  -19.436412728
    1.745329252    2.617993878  -38.556884487   35.090083103  -15.922181343
    1.919862177    2.617993878  -33.439747766   21.841372318  -13.094360994
    2.094395102    2.617993878  -31.400028006    0.613689837  -11.411219700
    2.268928028    2.617993878  -33.409703010  -23.735733821  -10.870872907
    2.443460953    2.617993878  -39.591356509  -46.435002576  -11.126454746
    2.617993878    2.617993878  -49.276877820  -63.250720407  -11.658449323
    2.792526803    2.617993878  -61.137061144  -70.971647929  -11.961647124
    2.967059728    2.617993878  -73.423614756  -68.108364000  -11.710754213

   -3.141592654    2.792526803  -85.340597271  -54.453333729   -0.476094296
   -2.967059728    2.792526803  -93.252419257  -35.670579184    0.790927181
   -2.792526803    2.792526803  -97.726001325  -15.888833165    2.146004103
   -2.617993878    2.792526803  -99.013582158    0.198901819    3.638009281
   -2.443460953    2.792526803  -98.044879306    9.675619719    5.261245191
   -2.268928028    2.792526803  -96.047996644   12.110837845    6.861780971
   -2.094395102    2.792526803  -94.126545516    9.241554003    8.228435232
   -1.919862177    2.792526803  -92.949623343    4.167435155    9.320497651
   -1.745329252    2.792526803  -92.593694842    0.380215440   10.467068029
   -1.570796327    2.792526803  -92.552395855    0.978796580   12.329312825
   -1.396263402    2.792526803  -91.877694824    7.783979472   15.577036504
   -1.221730476    2.792526803  -89.469326878   20.575117481   20.427066436
   -1.047197551    2.792526803  -84.468712547   36.910411430   26.370665730
   -0.872664626    2.792526803  -76.604377062   52.643755192   32.213532966
   -0.698131701    2.792526803  -66.367385845   63.427812690   36.464568980
   -0.523598776    2.792526803  -54.921302943   66.151421002   37.815869626
   -0.349065850    2.792526803  -43.799875187   59.684898312   35.548366634
   -0.174532925    2.792526803  -34.569402961   44.725528037   29.649140062
    0.000000000    2.792526803  -28.552968153   23.282583582   20.763616781
    0.174532925    2.792526803  -26.626498668   -1.523874606   10.017845165
    0.349065850    2.792526803  -29.011364649  -25.282720335   -1.157373946
    0.523598776    2.792526803  -35.058061108  -42.545583137  -11.252012220
    0.698131701    2.792526803  -43.164266385  -48.157589244  -18.901388377
    0.872664626    2.792526803  -51.021283727  -39.667012039  -23.231808223
    1.047197551    2.792526803  -56.284648227  -19.184693126  -24.098985268
    1.221730476    2.792526803  -57.395035044    6.556225306  -22.131768103
    1.396263402    2.792526803  -54.194919961   28.814917477  -18.465288276
    1.570796327    2.792526803  -47.962457390   40.428334576  -14.326520095
    1.745329252    2.792526803  -40.884218676   38.403798715  -10.637784562
    1.919862177    2.792526803  -35.274043261   24.142944699   -7.858783327
    2.094395102    2.792526803  -32.927590936    1.852211910   -6.036255617
    2.268928028    2.792526803  -34.796539863  -23.300333118   -4.940997349
    2.443460953    2.792526803  -40.941799487  -46.381566447   -4.224253050
    2.617993878    2.792526803  -50.619697439  -63.154493004   -3.556601600
    2.792526803    2.792526803  -62.436485736  -70.545678991   -2.720931404
    2.967059728    2.792526803  -74.610506297  -67.253154026   -1.671818791

   -3.141592654    2.967059728  -84.464582197  -53.238505418   10.399221151
   -2.967059728    2.967059728  -92.182834605  -34.646339669   11.328060443
   -2.792526803    2.967059728  -96.482868921  -14.896077066   11.936428049
   -2.617993878    2.967059728  -97.586316005    1.330750810   12.528323450
   -2.443460953    2.967059728  -96.405579434   10.953447326   13.310156600
   -2.268928028    2.967059728  -94.184005951   13.373098137   14.266846125
   -2.094395102    2.967059728  -92.054639782   10.357722778   15.280101004
   -1.919862177    2.967059728  -90.686250692    5.305751036   16.397081887
   -1.745329252    2.967059728  -90.091599817    2.091657100   18.009017839
   -1.570796327    2.967059728  -89.650930859    3.947343495   20.731191724
   -1.396263402    2.967059728  -88.318355378   12.357033313   24.989329146
   -1.221730476    2.967059728  -84.993074060   26.384100290   30.560524429
   -1.047197551    2.967059728  -78.949702521   42.818503029   36.439583338
   -0.872664626    2.967059728  -70.157478163   57.110227412   41.097530544
   -0.698131701    2.967059728  -59.371742502   65.048229818   43.039523479
   -0.523598776    2.967059728  -47.956614283   64.104286162   41.307381905
   -0.349065850    2.967059728  -37.523465258   53.893197199   35.740932011
   -0.174532925    2.967059728  -29.590976664   35.793935124   26.889457716
    0.000000000    2.967059728  -25.331048006   12.302796096   15.818110623
    0.174532925    2.967059728  -25.399595991  -13.144554026    3.895299771
    0.349065850    2.967059728  -29.756167405  -36.000341055   -7.338575375
    0.523598776    2.967059728  -37.485839969  -50.888505978  -16.381097123
    0.698131701    2.967059728  -46.760197572  -53.081677291  -22.032333379
    0.872664626    2.967059728  -55.150240900  -40.870341074  -23.801137159
    1.047197551    2.967059728  -60.335077973  -17.234775354  -22.096775915
    1.221730476    2.967059728  -60.916576361   10.451593441  -18.112303925
    1.396263402    2.967059728  -56.968179869   33.292649665  -13.324198245
    1.570796327    2.967059728  -49.982524953   44.464480976   -8.931582130
    1.745329252    2.967059728  -42.277575437   41.527432287   -5.500485122
    1.919862177    2.967059728  -36.204306018   26.363912146   -2.995176282
    2.094395102    2.967059728  -33.529420121    3.453659302   -1.046095821
    2.268928028    2.967059728  -35.147334785  -21.971738539    0.760714580
    2.443460953    2.967059728  -41.063175347  -45.053366411    2.702820720
    2.617993878    2.967059728  -50.498833136  -61.704901455    4.834925651
    2.792526803    2.967059728  -62.053909649  -69.026815944    7.009109528
    2.967059728    2.967059728  -73.967112916  -65.822922134    8.944930443
