#! FIELDS phi psi file.free der_phi der_psi
#! SET min_phi -pi
#! SET max_phi pi
#! SET nbins_phi  36
#! SET periodic_phi true
#! SET min_psi -pi
#! SET max_psi pi
#! SET nbins_psi  36
#! SET periodic_psi true
   -3.141592654   -3.141592654  -89.931234006  -52.205429294   20.131584924
   -2.967059728   -3.141592654  -97.560589964  -34.637115386   20.223974883
   -2.792526803   -3.141592654 -101.926429628  -15.582982199   19.826314246
   -2.617993878   -3.141592654 -103.167918544    0.522407810   19.539283533
   -2.443460953   -3.141592654 -102.098786685   10.542460075   19.710128836
   -2.268928028   -3.141592654  -99.893648069   13.601628862   20.332477670
   -2.094395102   -3.141592654  -97.666265899   11.240762363   21.259196157
   -1.919862177   -3.141592654  -96.087086842    6.844203611   22.534942358
   -1.745329252   -3.141592654  -95.153092087    4.487633065   24.566688349
   -1.570796327   -3.141592654  -94.192867165    7.564038740   27.926298541
   -1.396263402   -3.141592654  -92.101660467   17.437897711   32.862916159
   -1.221730476   -3.141592654  -87.773438246   32.711130770   38.855806343
   -1.047197551   -3.141592654  -80.576309734   49.521600064   44.578616757
   -0.872664626   -3.141592654  -70.679124069   62.813680622   48.291893379
   -0.698131701   -3.141592654  -59.096537179   68.219353074   48.485406135
   -0.523598776   -3.141592654  -47.444506841   63.470834041   44.385628191
   -0.349065850   -3.141592654  -37.511077536   48.729849382   36.144378209
   -0.174532925   -3.141592654  -30.879503800   26.113686793   24.683483961
    0.000000000   -3.141592654  -28.647394817   -1.040722380   11.462782331
    0.174532925   -3.141592654  -31.243528477  -28.397872920   -1.755536977
    0.349065850   -3.141592654  -38.251808782  -50.689132007  -13.104462226
    0.523598776   -3.141592654  -48.298054305  -62.325377870  -20.957949072
    0.698131701   -3.141592654  -59.129728873  -59.268175166  -24.344586342
    0.872664626   -3.141592654  -68.090449733  -41.285490665  -23.368666012
    1.047197551   -3.141592654  -72.919746795  -13.065740363  -19.211821114
    1.221730476   -3.141592654  -72.536942736   16.922817829  -13.697033909
    1.396263402   -3.141592654  -67.429784989   39.779509887   -8.509416974
    1.570796327   -3.141592654  -59.420415663   49.582127504   -4.566221181
    1.745329252   -3.141592654  -50.967512067   45.027109147   -1.837578662
    1.919862177   -3.141592654  -44.390877358   28.754898394    0.331746133
    2.094395102   -3.141592654  -41.342882929    5.444108194    2.701178520
    2.268928028   -3.141592654  -42.607825438  -19.856665761    5.715886332
    2.443460953   -3.141592654  -48.125141435  -42.607376811    9.358672483
    2.617993878   -3.141592654  -57.108490039  -59.022864881   13.195532037
    2.792526803   -3.141592654  -68.196339615  -66.453901018   16.596711057
    2.967059728   -3.141592654  -79.702238815  -63.831223988   18.991449783

   -3.141592654   -2.967059728  -85.806980145  -51.663647338   26.425129722
   -2.967059728   -2.967059728  -93.436799869  -35.072400931   26.365933416
   -2.792526803   -2.967059728  -97.913067878  -16.297132022   25.553208740
   -2.617993878   -2.967059728  -99.258582826    0.108879378   24.699682343
   -2.443460953   -2.967059728  -98.216046384   10.650987674   24.260129419
   -2.268928028   -2.967059728  -95.950189540   14.169756029   24.352144261
   -2.094395102   -2.967059728  -93.588150623   12.229820215   24.971562709
   -1.919862177   -2.967059728  -91.782875631    8.515444681   26.272312202
   -1.745329252   -2.967059728  -90.460889831    7.351615186   28.646529554
   -1.570796327   -2.967059728  -88.868653285   11.966321911   32.454978946
   -1.396263402   -2.967059728  -85.891571090   23.069534148   37.563695630
   -1.221730476   -2.967059728  -80.552239050   38.423841081   43.040050623
   -1.047197551   -2.967059728  -72.474957818   53.604709563   47.310175847
   -0.872664626   -2.967059728  -62.129962764   63.634792245   48.696977752
   -0.698131701   -2.967059728  -50.764885018   64.820654875   46.063495187
   -0.523598776   -2.967059728  -40.081600468   55.848473260   39.197568013
   -0.349065850   -2.967059728  -31.791283553   37.721950524   28.805976310
   -0.174532925   -2.967059728  -27.277566120   13.125512245   16.222135778
    0.000000000   -2.967059728  -27.363355560  -14.311311011    3.102065147
    0.174532925   -2.967059728  -32.169825363  -40.151443957   -8.818812360
    0.349065850   -2.967059728  -40.974693834  -59.280144432  -17.923934820
    0.523598776   -2.967059728  -52.157000872  -66.627996558  -23.033083666
    0.698131701   -2.967059728  -63.344616298  -59.107904192  -23.759061469
    0.872664626   -2.967059728  -71.949117087  -37.591048478  -20.766157244
    1.047197551   -2.967059728  -75.949937544   -7.576296356  -15.586902858
    1.221730476   -2.967059728  -74.589964680   22.376783611  -10.056490394
    1.396263402   -2.967059728  -68.627961096   44.016263331   -5.553560305
    1.570796327   -2.967059728  -60.005856015   52.424161973   -2.518808027
    1.745329252   -2.967059728  -51.137196756   47.099698427   -0.481318699
    1.919862177   -2.967059728  -44.200751723   30.951056330    1.485318281
    2.094395102   -2.967059728  -40.707401817    8.417752314    4.210168929
    2.268928028   -2.967059728  -41.370612152  -15.960491387    8.043962127
    2.443460953   -2.967059728  -46.150050710  -38.157523508   12.776938492
    2.617993878   -2.967059728  -54.357333049  -54.720759700   17.741658150
    2.792526803   -2.967059728  -64.762670777  -63.058338630   22.084519999
    2.967059728   -2.967059728  -75.794487094  -61.851873453   25.081403772

   -3.141592654   -2.792526803  -80.935815058  -51.002992172   28.680649290
   -2.967059728   -2.792526803  -88.565513327  -35.617076728   28.782945702
   -2.792526803   -2.792526803  -93.188426550  -17.309430726   27.979079755
   -2.617993878   -2.792526803  -94.702954649   -0.740137816   26.959092136
   -2.443460953   -2.792526803  -93.768741848   10.278118318   26.205860915
   -2.268928028   -2.792526803  -91.520404831   14.349143828   25.941349144
   -2.094395102   -2.792526803  -89.072965118   13.061933526   26.305440960
   -1.919862177   -2.792526803  -87.044296752   10.307564166   27.540360308
   -1.745329252   -2.792526803  -85.297348678   10.479819476   29.975665336
   -1.570796327   -2.792526803  -83.036691545   16.458994956   33.731096953
   -1.396263402   -2.792526803  -79.201646183   28.233023608   38.338620664
   -1.221730476   -2.792526803  -73.002774241   42.843835118   42.608356497
   -1.047197551   -2.792526803  -64.344564547   55.580448981   44.940211053
   -0.872664626   -2.792526803  -53.969415173   61.851155688   43.919200694
   -0.698131701   -2.792526803  -43.283142700   58.837087285   38.875270889
   -0.523598776   -2.792526803  -33.978209301   46.199927923   30.112197140
   -0.349065850   -2.792526803  -27.604644120   25.659046183   18.740733914
   -0.174532925   -2.792526803  -25.291387867    0.263531710    6.314828830
    0.000000000   -2.792526803  -27.568586530  -26.275758276   -5.493601755
    0.174532925   -2.792526803  -34.268381397  -49.634413130  -15.129960418
    0.349065850   -2.792526803  -44.418698709  -65.055783893  -21.367235004
    0.523598776   -2.792526803  -56.239818520  -68.152932280  -23.578381878
    0.698131701   -2.792526803  -67.345915042  -56.800182397  -21.991027771
    0.872664626   -2.792526803  -75.306305828  -32.784054881  -17.724314217
    1.047197551   -2.792526803  -78.381638262   -2.063057485  -12.427115656
    1.221730476   -2.792526803  -76.115139033   27.068324960   -7.663585313
    1.396263402   -2.792526803  -69.463905743   47.202897898   -4.304031981
    1.570796327   -2.792526803  -60.402337288   54.392345184   -2.285796353
    1.745329252   -2.792526803  -51.233146049   48.748826269   -0.840470793
    1.919862177   -2.792526803  -43.965745154   33.231840359    1.007296333
    2.094395102   -2.792526803  -39.973845511   11.890730973    3.971349608
    2.268928028   -2.792526803  -39.923109094  -11.307854069    8.241054286
    2.443460953   -2.792526803  -43.822470927  -32.861980873   13.475523530
    2.617993878   -2.792526803  -51.109391454  -49.634839686   18.929431298
    2.792526803   -2.792526803  -60.709756880  -59.054476493   23.705445631
    2.967059728   -2.792526803  -71.181911752  -59.504253617   27.063771548

   -3.141592654   -2.617993878  -75.995064490  -50.035436475   27.408227188
   -2.967059728   -2.617993878  -83.572401290  -35.891249952   27.929077652
   -2.792526803   -2.617993878  -88.305675716  -18.193095207   27.510183128
   -2.617993878   -2.617993878  -89.984150965   -1.661695140   26.695778955
   -2.443460953   -2.617993878  -89.186404045    9.672033129   25.921248523
   -2.268928028   -2.617993878  -87.001584951   14.259415949   25.478927373
   -2.094395102   -2.617993878  -84.509489559   13.709375317   25.625380748
   -1.919862177   -2.617993878  -82.280831202   12.003173388   26.650460030
   -1.745329252   -2.617993878  -80.129288413   13.430908694   28.784437659
   -1.570796327   -2.617993878  -77.258586725   20.409889468   31.924386866
   -1.396263402   -2.617993878  -72.711130575   32.241178417   35.379980056
   -1.221730476   -2.617993878  -65.913692322   45.440659276   37.896883947
   -1.047197551   -2.617993878  -57.037145965   55.281069037   38.053115701
   -0.872664626   -2.617993878  -47.038077372   57.768873667   34.823066219
   -0.698131701   -2.617993878  -37.397842286   51.025118184   28.003304451
   -0.523598776   -2.617993878  -29.718931717   35.596094365   18.296772692
   -0.349065850   -2.617993878  -25.334696772   13.742685405    7.046829317
   -0.174532925   -2.617993878  -25.096265902  -11.315724360   -4.142448013
    0.000000000   -2.617993878  -29.251348428  -35.970357928  -13.726505152
    0.174532925   -2.617993878  -37.385553478  -56.204648684  -20.451282423
    0.349065850   -2.617993878  -48.354063509  -67.799218441  -23.576069233
    0.523598776   -2.617993878  -60.319612382  -67.148990328  -23.069677687
    0.698131701   -2.617993878  -70.986105617  -52.982159346  -19.716201434
    0.872664626   -2.617993878  -78.145293212  -27.685223221  -14.912033319
    1.047197551   -2.617993878  -80.337584169    2.739106020  -10.175265559
    1.221730476   -2.617993878  -77.339244570   30.564109808   -6.585117217
    1.396263402   -2.617993878  -70.207996734   49.266531190   -4.421234918
    1.570796327   -2.617993878  -60.868896340   55.658115825   -3.202066669
    1.745329252   -2.617993878  -51.478977424   50.169820197   -2.060461702
    1.919862177   -2.617993878  -43.889190204   35.605490217   -0.187277841
    2.094395102   -2.617993878  -39.369510230   15.573231502    2.874564460
    2.268928028   -2.617993878  -38.568472170   -6.464086984    7.131910607
    2.443460953   -2.617993878  -41.559226219  -27.427279597   12.205101787
    2.617993878   -2.617993878  -47.903535180  -44.423337027   17.440317345
    2.792526803   -2.617993878  -56.673994246  -54.877139375   22.080627188
    2.967059728   -2.617993878  -66.549468887  -56.902733179   25.504026711

   -3.141592654   -2.443460953  -71.498144455  -48.672717229   23.772022491
   -2.967059728   -2.443460953  -78.940394684  -35.650935370   24.780856610
   -2.792526803   -2.443460953  -83.699394584  -18.655190243   24.899405573
   -2.617993878   -2.443460953  -85.487425098   -2.393221829   24.461701481
   -2.443460953   -2.443460953  -84.814608160    9.020410879   23.812859456
   -2.268928028   -2.443460953  -82.715422068   13.980487329   23.280646397
   -2.094395102   -2.443460953  -80.217891153   14.101532914   23.191847113
   -1.919862177   -2.443460953  -77.841609403   13.335219855   23.832543911
   -1.745329252   -2.443460953  -75.370561124   15.735615336   25.309106017
   -1.570796327   -2.443460953  -72.042593564   23.226829199   27.342187130
   -1.396263402   -2.443460953  -67.030419245   34.547024488   29.150385639
   -1.221730476   -2.443460953  -59.972006211   45.913600184   29.594920326
   -1.047197551   -2.443460953  -51.259266178   52.798538102   27.585528591
   -0.872664626   -2.443460953  -41.989280413   51.899757909   22.542521914
   -0.698131701   -2.443460953  -33.642327927   42.223750304   14.669110489
   -0.523598776   -2.443460953  -27.673702424   25.041950643    4.925848203
   -0.349065850   -2.443460953  -25.173728154    2.977207551   -5.270155892
   -0.174532925   -2.443460953  -26.719489190  -20.747363148  -14.403712234
    0.000000000   -2.443460953  -32.308527658  -42.783754358  -21.170093319
    0.174532925   -2.443460953  -41.340702411  -59.598388636  -24.709167231
    0.349065850   -2.443460953  -52.588660151  -67.645241433  -24.822261891
    0.523598776   -2.443460953  -64.260495936  -64.109532072  -22.051971502
    0.698131701   -2.443460953  -74.236087571  -48.350226864  -17.603179980
    0.872664626   -2.443460953  -80.559163476  -22.958469842  -12.928633992
    1.047197551   -2.443460953  -82.007183791    6.418153080   -9.193130942
    1.221730476   -2.443460953  -78.492913562   32.807338844   -6.868428358
    1.396263402   -2.443460953  -71.072756216   50.449274846   -5.671119122
    1.570796327   -2.443460953  -61.562075758   56.585825796   -4.853526216
    1.745329252   -2.443460953  -51.972423604   51.639928635   -3.645160632
    1.919862177   -2.443460953  -44.040031255   38.106316128   -1.560853648
    2.094395102   -2.443460953  -38.983385719   19.201613502    1.524899471
    2.268928028   -2.443460953  -37.464812010   -1.941709465    5.450803534
    2.443460953   -2.443460953  -39.620803721  -22.487166213    9.881228870
    2.617993878   -2.443460953  -45.109807420  -39.679502832   14.375965159
    2.792526803   -2.443460953  -53.114641848  -50.936873938   18.442680681
    2.967059728   -2.443460953  -62.405973406  -54.199861502   21.660732672

   -3.141592654   -2.268928028  -67.760551646  -47.009957686   18.840822564
   -2.967059728   -2.268928028  -74.994310474  -34.911438048   20.169814744
   -2.792526803   -2.268928028  -79.692217850  -18.659695513   20.710061578
   -2.617993878   -2.268928028  -81.526294441   -2.869949314   20.595145978
   -2.443460953   -2.268928028  -80.955012893    8.388902989   20.071602398
   -2.268928028   -2.268928028  -78.955246416   13.532614300   19.464181928
   -2.094395102   -2.268928028  -76.496266673   14.154188152   19.107955866
   -1.919862177   -2.268928028  -74.052058640   14.071074629   19.230762017
   -1.745329252   -2.268928028  -71.399789022   17.025327249   19.803656250
   -1.570796327   -2.268928028  -67.837332268   24.497177966   20.427414808
   -1.396263402   -2.268928028  -62.672994348   34.846587014   20.346155188
   -1.221730476   -2.268928028  -55.723278287   44.219893910   18.669721916
   -1.047197551   -2.268928028  -47.534434140   48.433273199   14.729705147
   -0.872664626   -2.268928028  -39.265250921   44.862026380    8.397324514
   -0.698131701   -2.268928028  -32.330983182   33.254978400    0.202859771
   -0.523598776   -2.268928028  -28.006553924   15.413199289   -8.765196777
   -0.349065850   -2.268928028  -27.138563674   -5.847985937  -17.150616836
   -0.174532925   -2.268928028  -30.056113415  -27.443087703  -23.646400592
    0.000000000   -2.268928028  -36.557123076  -46.424673271  -27.287924237
    0.174532925   -2.268928028  -45.930986518  -59.885870870  -27.682460689
    0.349065850   -2.268928028  -56.963824208  -65.021910413  -25.182469394
    0.523598776   -2.268928028  -68.002419209  -59.707588602  -20.815567005
    0.698131701   -2.268928028  -77.159920048  -43.614672564  -16.014190304
    0.872664626   -2.268928028  -82.722008222  -19.121419568  -12.060609827
    1.047197551   -2.268928028  -83.626261104    8.796329927   -9.601822352
    1.221730476   -2.268928028  -79.812171991   33.961120286   -8.473401105
    1.396263402   -2.268928028  -72.244737834   51.125967380   -7.932092067
    1.570796327   -2.268928028  -62.597778914   57.580594993   -7.130429506
    1.745329252   -2.268928028  -52.767626610   53.442143167   -5.537805805
    1.919862177   -2.268928028  -44.440049878   40.815557005   -3.068094728
    2.094395102   -2.268928028  -38.841561043   22.650105526    0.063135781
    2.268928028   -2.268928028  -36.675155027    1.973295313    3.555678352
    2.443460953   -2.268928028  -38.128718271  -18.411347953    7.159126326
    2.617993878   -2.268928028  -42.915515284  -35.772917009   10.685726451
    2.792526803   -2.268928028  -50.278256229  -47.535321283   13.941123793
    2.967059728   -2.268928028  -59.041736179  -51.593269118   16.725962741

   -3.141592654   -2.094395102  -64.959772866  -45.307152800   13.031031445
   -2.967059728   -2.094395102  -71.955598744  -33.906995352   14.366839949
   -2.792526803   -2.094395102  -76.540807906  -18.369017397   15.072649776
   -2.617993878   -2.094395102  -78.377656175   -3.161179120   15.136841094
   -2.443460953   -2.094395102  -77.889722800    7.779458316   14.711688015
   -2.268928028   -2.094395102  -76.000716751   12.930006562   14.071080842
   -2.094395102   -2.094395102  -73.625676568   13.828224593   13.488211034
   -1.919862177   -2.094395102  -71.207550275   14.084742290   13.082482554
   -1.745329252   -2.094395102  -68.540475185   17.112513377   12.688583356
   -1.570796327   -2.094395102  -64.998611275   24.055335183   11.839347543
   -1.396263402   -2.094395102  -60.013593961   33.106934366    9.888657486
   -1.221730476   -2.094395102  -53.529494615   40.549643605    6.274330055
   -1.047197551   -2.094395102  -46.169273294   42.628006762    0.789754449
   -0.872664626   -2.094395102  -39.076009392   37.307002195   -6.258726501
   -0.698131701   -2.094395102  -33.548894637   24.878753919  -14.079575970
   -0.523598776   -2.094395102  -30.669306246    7.455459910  -21.556788451
   -0.349065850   -2.094395102  -31.061119300  -12.124737631  -27.512238410
   -0.174532925   -2.094395102  -34.852253285  -31.045269920  -30.968344230
    0.000000000   -2.094395102  -41.709521320  -46.876490529  -31.406164308
    0.174532925   -2.094395102  -50.898569759  -57.422618720  -28.954876216
    0.349065850   -2.094395102  -61.312111447  -60.590090866  -24.472995781
    0.523598776   -2.094395102  -71.507729258  -54.731853403  -19.319190782
    0.698131701   -2.094395102  -79.852003585  -39.462418297  -14.925811854
    0.872664626   -2.094395102  -84.824722756  -16.571838782  -12.203701030
    1.047197551   -2.094395102  -85.424381363    9.824948631  -11.194159107
    1.221730476   -2.094395102  -81.509754004   34.244832613  -11.150040152
    1.396263402   -2.094395102  -73.886301381   51.626778788  -11.012094036
    1.570796327   -2.094395102  -64.081925812   58.940629216   -9.978349724
    1.745329252   -2.094395102  -53.927160146   55.769853779   -7.834828701
    1.919862177   -2.094395102  -45.127880169   43.817755437   -4.894833873
    2.094395102   -2.094395102  -38.975395739   25.924046273   -1.677246090
    2.268928028   -2.094395102  -36.234914017    5.233402597    1.410190332
    2.443460953   -2.094395102  -37.130439468  -15.290467002    4.201812251
    2.617993878   -2.094395102  -41.387983442  -32.840964367    6.731153263
    2.792526803   -2.094395102  -48.260654919  -44.863368249    9.065075242
    2.967059728   -2.094395102  -56.590232821  -49.321852049   11.205178784

   -3.141592654   -1.919862177  -63.243385350  -43.876683600    6.425926595
   -2.967059728   -1.919862177  -70.025056778  -32.919329451    7.509894258
   -2.792526803   -1.919862177  -74.486563887  -17.956179988    8.206438561
   -2.617993878   -1.919862177  -76.301127930   -3.303123269    8.405027545
   -2.443460953   -1.919862177  -75.874659817    7.260141073    8.150100179
   -2.268928028   -1.919862177  -74.091651640   12.276495859    7.606478736
   -2.094395102   -1.919862177  -71.829497702   13.200908891    6.923572684
   -1.919862177   -1.919862177  -69.522125599   13.406868782    6.082972806
   -1.745329252   -1.919862177  -67.003331336   16.012508190    4.800152669
   -1.570796327   -1.919862177  -63.731145291   21.966660862    2.589191141
   -1.396263402   -1.919862177  -59.236232332   29.510544657   -1.031681708
   -1.221730476   -1.919862177  -53.529420959   35.242889349   -6.262680075
   -1.047197551   -1.919862177  -47.229028608   35.881238471  -12.845832383
   -0.872664626   -1.919862177  -41.388453924   29.853661626  -20.064147272
   -0.698131701   -1.919862177  -37.149398983   17.762461376  -26.910264921
   -0.523598776   -1.919862177  -35.401492439    1.786113992  -32.312468861
   -0.349065850   -1.919862177  -36.586125809  -15.405178817  -35.373203989
   -0.174532925   -1.919862177  -40.698270461  -31.396873668  -35.566082324
    0.000000000   -1.919862177  -47.360508859  -44.354860523  -32.919017287
    0.174532925   -1.919862177  -55.908431112  -52.784687633  -28.105837614
    0.349065850   -1.919862177  -65.421670608  -55.155146219  -22.390609180
    0.523598776   -1.919862177  -74.709355295  -49.995126966  -17.262959761
    0.698131701   -1.919862177  -82.371438962  -36.495943690  -13.930275349
    0.872664626   -1.919862177  -87.003501876  -15.583888149  -12.790880058
    1.047197551   -1.919862177  -87.557936969    9.530539678  -13.281322431
    1.221730476   -1.919862177  -83.720840141   33.848341906  -14.193220786
    1.396263402   -1.919862177  -76.096814465   52.149850765  -14.309439272
    1.570796327   -1.919862177  -66.085892101   60.781511309  -12.980877591
    1.745329252   -1.919862177  -55.510266507   58.653005481  -10.324635985
    1.919862177   -1.919862177  -46.161490226   47.108161423   -6.997724193
    2.094395102   -1.919862177  -39.442920033   29.034732233   -3.753321770
    2.268928028   -1.919862177  -36.197779064    7.876195785   -1.072635938
    2.443460953   -1.919862177  -36.672982476  -13.094788375    0.943623668
    2.617993878   -1.919862177  -40.573825895  -30.918458700    2.489734973
    2.792526803   -1.919862177  -47.123596992  -43.065315300    3.832200458
    2.967059728   -1.919862177  -55.148418663  -47.640816402    5.147532977

   -3.141592654   -1.745329252  -62.734617383  -42.897193690   -0.703267767
   -2.967059728   -1.745329252  -69.352535098  -32.063871630    0.105727074
   -2.792526803   -1.745329252  -73.690249460  -17.426197622    0.857919024
   -2.617993878   -1.745329252  -75.448754001   -3.195708918    1.338842907
   -2.443460953   -1.745329252  -75.038503346    6.987576269    1.442021961
   -2.268928028   -1.745329252  -73.328719352   11.727687683    1.170148706
   -2.094395102   -1.745329252  -71.183978365   12.394473683    0.520370983
   -1.919862177   -1.745329252  -69.053049778   12.137800189   -0.652051208
   -1.745329252   -1.745329252  -66.826748604   13.849369142   -2.704780401
   -1.570796327   -1.745329252  -64.045723381   18.431153505   -6.088844537
   -1.396263402   -1.745329252  -60.307830641   24.363704817  -11.088810846
   -1.221730476   -1.745329252  -55.627224403   28.710028392  -17.546569363
   -1.047197551   -1.745329252  -50.538789189   28.682304853  -24.772887101
   -0.872664626   -1.745329252  -45.937948076   23.033948384  -31.683718892
   -0.698131701   -1.745329252  -42.774865541   12.429395585  -37.099005778
   -0.523598776   -1.745329252  -41.760131856   -1.156257758  -40.047007191
   -0.349065850   -1.745329252  -43.209035906  -15.441686143  -39.991696931
   -0.174532925   -1.745329252  -47.071180447  -28.549050813  -36.952399007
    0.000000000   -1.745329252  -53.026415050  -39.259379872  -31.563572364
    0.174532925   -1.745329252  -60.573404331  -46.656008868  -25.010859548
    0.349065850   -1.745329252  -69.037128880  -49.507590116  -18.815324920
    0.523598776   -1.745329252  -77.482620218  -46.168613699  -14.386536148
    0.698131701   -1.745329252  -84.687501092  -35.103325026  -12.528916803
    0.872664626   -1.745329252  -89.267637107  -16.236703562  -13.073838249
    1.047197551   -1.745329252  -90.030360191    8.033417336  -14.941403714
    1.221730476   -1.745329252  -86.422881582   32.922251437  -16.631162286
    1.396263402   -1.745329252  -78.834957032   52.745045129  -16.921207339
    1.570796327   -1.745329252  -68.571811530   63.016804246  -15.381973766
    1.745329252   -1.745329252  -57.502813728   61.920641069  -12.429643431
    1.919862177   -1.745329252  -47.557723023   50.517734045   -8.975926457
    2.094395102   -1.745329252  -40.285445729   31.878720925   -5.921781502
    2.268928028   -1.745329252  -36.616509712    9.871804577   -3.779752509
    2.443460953   -1.745329252  -36.810699326  -11.823307022   -2.597461734
    2.617993878   -1.745329252  -40.529057717  -30.036221322   -2.067160928
    2.792526803   -1.745329252  -46.934502655  -42.245010590   -1.767428252
    2.967059728   -1.745329252  -54.808061320  -46.719585994   -1.356809445

   -3.141592654   -1.570796327  -63.450633288  -42.290765194   -7.400702565
   -2.967059728   -1.570796327  -69.935624885  -31.194700557   -6.642569346
   -2.792526803   -1.570796327  -74.119090262  -16.582148671   -5.585853829
   -2.617993878   -1.570796327  -75.752244828   -2.637274391   -4.602287864
   -2.443460953   -1.570796327  -75.280931561    7.119949986   -3.997427523
   -2.268928028   -1.570796327  -73.589532212   11.377902422   -3.946329155
   -2.094395102   -1.570796327  -71.554620836   11.459711665   -4.574157329
   -1.919862177   -1.570796327  -69.656811281   10.340723311   -6.086710255
   -1.745329252   -1.570796327  -67.850167989   10.764909142   -8.836132162
   -1.570796327   -1.570796327  -65.746726094   13.713015586  -13.179236820
   -1.396263402   -1.570796327  -62.975864807   18.050723462  -19.191997020
   -1.221730476   -1.570796327  -59.496001503   21.408965121  -26.404116860
   -1.047197551   -1.570796327  -55.689959494   21.497686553  -33.780211517
   -0.872664626   -1.570796327  -52.238136427   17.263986620  -39.959529998
   -0.698131701   -1.570796327  -49.874484710    9.193970221  -43.659813911
   -0.523598776   -1.570796327  -49.152345933   -1.214575622  -44.060615346
   -0.349065850   -1.570796327  -50.328148077  -12.301389968  -41.027917884
   -0.174532925   -1.570796327  -53.404558998  -22.842785809  -35.148398503
    0.000000000   -1.570796327  -58.223508253  -32.184879505  -27.632657839
    0.174532925   -1.570796327  -64.527627990  -39.762784714  -20.066720831
    0.349065850   -1.570796327  -71.916750522  -44.308720288  -14.048307673
    0.523598776   -1.570796327  -79.681443841  -43.663372615  -10.726168983
    0.698131701   -1.570796327  -86.697284089  -35.367450475  -10.409498367
    0.872664626   -1.570796327  -91.504195065  -18.354745780  -12.409896177
    1.047197551   -1.570796327  -92.687839264    5.594686898  -15.296605836
    1.221730476   -1.570796327  -89.422605397   31.633100917  -17.475498183
    1.396263402   -1.570796327  -81.894807918   53.383473693  -17.857612684
    1.570796327   -1.570796327  -71.356029920   65.430255326  -16.260575781
    1.745329252   -1.570796327  -59.769372227   65.255457750  -13.330646855
    1.919862177   -1.570796327  -49.237634819   53.733931896  -10.121251728
    2.094395102   -1.570796327  -41.472490793   34.222196291   -7.580989248
    2.268928028   -1.570796327  -37.492786155   11.085361690   -6.200696369
    2.443460953   -1.570796327  -37.561662082  -11.535559212   -5.968894862
    2.617993878   -1.570796327  -41.278291237  -30.216525970   -6.485424019
    2.792526803   -1.570796327  -47.720207864  -42.406860510   -7.194498026
    2.967059728   -1.570796327  -55.594698970  -46.534733002   -7.592655856

   -3.141592654   -1.396263402  -65.180565367  -41.780862421  -12.038252204
   -2.967059728   -1.396263402  -71.515127045  -30.044430670  -11.040362643
   -2.792526803   -1.396263402  -75.472447751  -15.225828606   -9.501180091
   -2.617993878   -1.396263402  -76.886049967   -1.545445472   -7.994782990
   -2.443460953   -1.396263402  -76.272972540    7.616603374   -7.025156356
   -2.268928028   -1.396263402  -74.560276940   11.104523938   -6.892726439
   -2.094395102   -1.396263402  -72.650607792   10.270176439   -7.753977848
   -1.919862177   -1.396263402  -71.058160016    7.978648010   -9.771138651
   -1.745329252   -1.396263402  -69.791013037    6.890481014  -13.197326524
   -1.570796327   -1.396263402  -68.511223305    8.143950007  -18.241753792
   -1.396263402   -1.396263402  -66.844157281   11.067900980  -24.786013530
   -1.221730476   -1.396263402  -64.645402093   13.902878002  -32.138449588
   -1.047197551   -1.396263402  -62.097207419   14.831668292  -39.062475720
   -0.872664626   -1.396263402  -59.629311188   12.876321857  -44.076245094
   -0.698131701   -1.396263402  -57.751427640    8.140777218  -45.917185056
   -0.523598776   -1.396263402  -56.891098151    1.412005350  -43.976579801
   -0.349065850   -1.396263402  -57.316004371   -6.463720863  -38.514088530
   -0.174532925   -1.396263402  -59.175513054  -14.982228676  -30.604551422
    0.000000000   -1.396263402  -62.562979067  -23.936762384  -21.885714968
    0.174532925   -1.396263402  -67.518824167  -32.830543435  -14.145548353
    0.349065850   -1.396263402  -73.914115976  -40.018472519   -8.861872026
    0.523598776   -1.396263402  -81.207511039  -42.563487665   -6.795716494
    0.698131701   -1.396263402  -88.284986618  -37.020131314   -7.763667162
    0.872664626   -1.396263402  -93.530533280  -21.473182907  -10.693799818
    1.047197551   -1.396263402  -95.265296793    2.659538847  -14.022029503
    1.221730476   -1.396263402  -92.392654194   30.227914192  -16.269179236
    1.396263402   -1.396263402  -84.929376696   54.042351721  -16.598320510
    1.570796327   -1.396263402  -74.116654601   67.772653347  -15.070193660
    1.745329252   -1.396263402  -62.043338695   68.295542197  -12.462940070
    1.919862177   -1.396263402  -50.998658000   56.404292436   -9.838199751
    2.094395102   -1.396263402  -42.855701639   35.806002189   -8.079731714
    2.268928028   -1.396263402  -38.712631687   11.383681749   -7.596813814
    2.443460953   -1.396263402  -38.824426254  -12.245182362   -8.305851381
    2.617993878   -1.396263402  -42.713446544  -31.374180887   -9.729961494
    2.792526803   -1.396263402  -49.350346914  -43.383185021  -11.206055239
    2.967059728   -1.396263402  -57.342556347  -46.850740955  -12.101633473

   -3.141592654   -1.221730476  -67.425906883  -41.095712043  -13.090239694
   -2.967059728   -1.221730476  -73.558772372  -28.506680149  -11.804701485
   -2.792526803   -1.221730476  -77.216717845  -13.449163866   -9.988411386
   -2.617993878   -1.221730476  -78.348721478   -0.188925089   -8.373485703
   -2.443460953   -1.221730476  -77.570527016    8.104090056   -7.562678995
   -2.268928028   -1.221730476  -75.863920110   10.530545761   -7.859163258
   -2.094395102   -1.221730476  -74.153165369    8.551913425   -9.337284916
   -1.919862177   -1.221730476  -72.970158482    4.974183756  -12.028022384
   -1.745329252   -1.221730476  -72.353889467    2.407910842  -16.028183782
   -1.570796327   -1.221730476  -71.988513083    2.172139652  -21.382417734
   -1.396263402   -1.221730476  -71.464866336    4.062293772  -27.821791779
   -1.221730476   -1.221730476  -70.507138385    6.897549202  -34.551471834
   -1.047197551   -1.221730476  -69.077228117    9.266765873  -40.312647389
   -0.872664626   -1.221730476  -67.350119991   10.158470092  -43.702802091
   -0.698131701   -1.221730476  -65.628685459    9.151308280  -43.644828470
   -0.523598776   -1.221730476  -64.257795774    6.178250283  -39.814219775
   -0.349065850   -1.221730476  -63.581239841    1.179955378  -32.813966681
   -0.174532925   -1.221730476  -63.966463338   -6.032646874  -24.035184017
    0.000000000   -1.221730476  -65.811907900  -15.524866329  -15.288681819
    0.174532925   -1.221730476  -69.468622368  -26.586254576   -8.299380930
    0.349065850   -1.221730476  -75.040891672  -36.924206814   -4.231372943
    0.523598776   -1.221730476  -82.081089778  -42.688400705   -3.390684683
    0.698131701   -1.221730476  -89.405671455  -39.524128982   -5.180769704
    0.872664626   -1.221730476  -95.191987331  -24.910557421   -8.337704237
    1.047197551   -1.221730476  -97.493918117   -0.179879810  -11.398739777
    1.221730476   -1.221730476  -94.981590546   29.043228608  -13.199056049
    1.396263402   -1.221730476  -87.555199995   54.756798746  -13.253096072
    1.570796327   -1.221730476  -76.485931715   69.849150365  -11.838465346
    1.745329252   -1.221730476  -64.001239130   70.753826980   -9.746383953
    1.919862177   -1.221730476  -52.565264579   58.287361768   -7.896502917
    2.094395102   -1.221730476  -44.190648063   36.524198048   -6.986414222
    2.268928028   -1.221730476  -40.035516284   10.828183110   -7.287149825
    2.443460953   -1.221730476  -40.333962963  -13.738300651   -8.646399904
    2.617993878   -1.221730476  -44.521636793  -33.183438772  -10.558774215
    2.792526803   -1.221730476  -51.449406800  -44.792773657  -12.331537563
    2.967059728   -1.221730476  -59.609786015  -47.301574158  -13.300276809

   -3.141592654   -1.047197551  -69.489696427  -40.233009007   -9.986230641
   -2.967059728   -1.047197551  -75.397711108  -26.900253934   -8.805849286
   -2.792526803   -1.047197551  -78.762227912  -11.821547132   -7.413942972
   -2.617993878   -1.047197551  -79.661832579    0.752304505   -6.524621388
   -2.443460953   -1.047197551  -78.812007941    7.947647612   -6.640674707
   -2.268928028   -1.047197551  -77.236403860    9.189780852   -7.916061461
   -2.094395102   -1.047197551  -75.859098915    6.082016896  -10.270343790
   -1.919862177   -1.047197551  -75.204551616    1.382381197  -13.596145833
   -1.745329252   -1.047197551  -75.316134043   -2.343766297  -17.859449262
   -1.570796327   -1.047197551  -75.873906098   -3.609289714  -22.979453269
   -1.396263402   -1.047197551  -76.413169181   -2.202043133  -28.598379008
   -1.221730476   -1.047197551  -76.518479855    1.181052934  -33.924370197
   -1.047197551   -1.047197551  -75.942067682    5.417550190  -37.834363341
   -0.872664626   -1.047197551  -74.635294136    9.352193806  -39.195833776
   -0.698131701   -1.047197551  -72.741805055   11.961711902  -37.288032588
   -0.523598776   -1.047197551  -70.580038110   12.303954945  -32.145428475
   -0.349065850   -1.047197551  -68.623718879    9.469800044  -24.643195256
   -0.174532925   -1.047197551  -67.494776705    2.722285868  -16.271174942
    0.000000000   -1.047197551  -67.900802687   -8.059532587   -8.712411051
    0.174532925   -1.047197551  -70.467718694  -21.724190002   -3.347312921
    0.349065850   -1.047197551  -75.463183301  -35.188847436   -0.859170785
    0.523598776   -1.047197551  -82.452185030  -43.709504781   -1.087147931
    0.698131701   -1.047197551  -90.120419654  -42.224887419   -3.151263774
    0.872664626   -1.047197551  -96.423602666  -27.915499530   -5.808802513
    1.047197551   -1.047197551  -99.185613638   -2.294673214   -7.919307283
    1.221730476   -1.047197551  -96.913206767   28.446306670   -8.798848912
    1.396263402   -1.047197551  -89.457347971   55.612259285   -8.376471104
    1.570796327   -1.047197551  -78.152666546   71.554927375   -7.091808650
    1.745329252   -1.047197551  -65.355799805   72.488119302   -5.612502352
    1.919862177   -1.047197551  -53.667399964   59.348740277   -4.559555736
    2.094395102   -1.047197551  -45.196976072   36.535657228   -4.329201807
    2.268928028   -1.047197551  -41.134970294    9.783512590   -5.017715747
    2.443460953   -1.047197551  -41.685600342  -15.497005821   -6.445302108
    2.617993878   -1.047197551  -46.201207878  -35.070150680   -8.184116078
    2.792526803   -1.047197551  -53.419746175  -46.132303202   -9.661213852
    2.967059728   -1.047197551  -61.726720583  -47.586296043  -10.343197947

   -3.141592654   -0.872664626  -70.707344471  -39.600415997   -3.634655353
   -2.967059728   -0.872664626  -76.472496297  -25.995808750   -3.323212143
   -2.792526803   -0.872664626  -79.701885106  -11.278599660   -3.329450896
   -2.617993878   -0.872664626  -80.578204882    0.418394286   -4.086935814
   -2.443460953   -0.872664626  -79.879309148    6.550826944   -5.774456169
   -2.268928028   -0.872664626  -78.634108696    6.829422791   -8.288756484
   -2.094395102   -0.872664626  -77.739641518    2.934414252  -11.412995427
   -1.919862177   -0.872664626  -77.695883960   -2.462423124  -14.998004501
   -1.745329252   -0.872664626  -78.536540750   -6.840643219  -18.990297074
   -1.570796327   -0.872664626  -79.922855436   -8.549138208  -23.270418751
   -1.396263402   -0.872664626  -81.324594521   -7.015803372  -27.452112697
   -1.221730476   -0.872664626  -82.193308259   -2.581154066  -30.806625754
   -1.047197551   -0.872664626  -82.104020277    3.757926338  -32.432412687
   -0.872664626   -0.872664626  -80.843180744   10.575691302  -31.583767541
   -0.698131701   -0.872664626  -78.468596562   16.218599525  -28.011230402
   -0.523598776   -0.872664626  -75.339550614   18.963606440  -22.154245051
   -0.349065850   -0.872664626  -72.100560970   17.257863269  -15.084490941
   -0.174532925   -0.872664626  -69.627128943   10.079129520   -8.190658027
    0.000000000   -0.872664626  -68.889694093   -2.508095767   -2.766643771
    0.174532925   -0.872664626  -70.708023008  -18.764826850    0.375348381
    0.349065850   -0.872664626  -75.419006698  -34.822765938    1.136318323
    0.523598776   -0.872664626  -82.521660245  -45.215101712    0.102140910
    0.698131701   -0.872664626  -90.534609448  -44.476352309   -1.715592670
    0.872664626   -0.872664626  -97.213327177  -29.821541824   -3.291401640
    1.047197551   -0.872664626 -100.223654776   -3.174804087   -3.974301201
    1.221730476   -0.872664626  -98.002639539   28.702208786   -3.657738978
    1.396263402   -0.872664626  -90.425567450   56.648784930   -2.687187692
    1.570796327   -0.872664626  -78.911699726   72.816505603   -1.579269503
    1.745329252   -0.872664626  -65.913424946   73.464797462   -0.746589391
    1.919862177   -0.872664626  -54.103933728   59.725268789   -0.384875411
    2.094395102   -0.872664626  -45.629589354   36.209000021   -0.512992554
    2.268928028   -0.872664626  -41.682182796    8.828687437   -1.052960239
    2.443460953   -0.872664626  -42.437771863  -16.831011138   -1.875495104
    2.617993878   -0.872664626  -47.191439689  -36.388571922   -2.776036340
    2.792526803   -0.872664626  -54.605227358  -46.984236228   -3.486976094
    2.967059728   -0.872664626  -62.996000917  -47.670781324   -3.780628479

   -3.141592654   -0.698131701  -70.686400244  -39.874061252    3.785335058
   -2.967059728   -0.698131701  -76.531972362  -26.697147199    2.435773265
   -2.792526803   -0.698131701  -79.943762540  -12.696861730    0.263168599
   -2.617993878   -0.698131701  -81.138467109   -1.801464483   -2.660918000
   -2.443460953   -0.698131701  -80.886195656    3.695404565   -6.060375456
   -2.268928028   -0.698131701  -80.174675423    3.611130635   -9.578843224
   -2.094395102   -0.698131701  -79.858797827   -0.461037360  -12.975496312
   -1.919862177   -0.698131701  -80.420095474   -6.003147370  -16.215297476
   -1.745329252   -0.698131701  -81.891453867  -10.513162662  -19.362894017
   -1.570796327   -0.698131701  -83.916526803  -12.133163807  -22.346925562
   -1.396263402   -0.698131701  -85.897976176   -9.954026231  -24.786224360
   -1.221730476   -0.698131701  -87.166289476   -4.084157469  -26.018200568
   -1.047197551   -0.698131701  -87.158975743    4.417376842  -25.362813199
   -0.872664626   -0.698131701  -85.567692202   13.709017047  -22.474608722
   -0.698131701   -0.698131701  -82.449702859   21.500761949  -17.592409403
   -0.523598776   -0.698131701  -78.275763391   25.457777055  -11.547820928
   -0.349065850   -0.698131701  -73.889071349   23.692638504   -5.535004765
   -0.174532925   -0.698131701  -70.388296092   15.236149871   -0.708310301
    0.000000000   -0.698131701  -68.923783365    0.580119669    2.177503333
    0.174532925   -0.698131701  -70.398888829  -17.884182501    2.982120292
    0.349065850   -0.698131701  -75.115420869  -35.635437935    2.200511669
    0.523598776   -0.698131701  -82.439607557  -46.768693691    0.751727645
    0.698131701   -0.698131701  -90.713397639  -45.771947526   -0.371494847
    0.872664626   -0.698131701  -97.543783684  -30.210575271   -0.508483968
    1.047197551   -0.698131701 -100.532746911   -2.583177363    0.418304870
    1.221730476   -0.698131701  -98.149985889   29.862260412    1.937071438
    1.396263402   -0.698131701  -90.362600441   57.802765119    3.356976172
    1.570796327   -0.698131701  -78.678949797   73.566785310    4.187961673
    1.745329252   -0.698131701  -65.593720533   73.724540673    4.364888464
    1.919862177   -0.698131701  -53.772280161   59.637619358    4.172094352
    2.094395102   -0.698131701  -45.330180305   35.957537814    3.974788217
    2.268928028   -0.698131701  -41.433115825    8.517564588    3.984106266
    2.443460953   -0.698131701  -42.245420757  -17.161257682    4.192550725
    2.617993878   -0.698131701  -47.055607834  -36.696531073    4.455838458
    2.792526803   -0.698131701  -54.516546123  -47.213565082    4.597360630
    2.967059728   -0.698131701  -62.940247111  -47.835917561    4.439317048

   -3.141592654   -0.523598776  -69.461299578  -41.684176695    9.789942485
   -2.967059728   -0.523598776  -75.718505978  -29.577496572    6.409219233
   -2.792526803   -0.523598776  -79.711424499  -16.407891382    1.971780387
   -2.617993878   -0.523598776  -81.594494981   -5.892575269   -2.888818711
   -2.443460953   -0.523598776  -82.052124884   -0.274026914   -7.491250184
   -2.268928028   -0.523598776  -81.996496667    0.095202889  -11.357087063
   -2.094395102   -0.523598776  -82.249540593   -3.481893151  -14.374779280
   -1.919862177   -0.523598776  -83.306330669   -8.691324411  -16.748150335
   -1.745329252   -0.523598776  -85.227577405  -12.975281404  -18.734107767
   -1.570796327   -0.523598776  -87.651313316  -14.172343124  -20.336013534
   -1.396263402   -0.523598776  -89.913679651  -11.018205042  -21.166462853
   -1.221730476   -0.523598776  -91.232685784   -3.491531638  -20.591433892
   -1.047197551   -0.523598776  -90.942533691    7.101875792  -18.097287431
   -0.872664626   -0.523598776  -88.704886880   18.357132455  -13.672556806
   -0.698131701   -0.523598776  -84.656268499   27.348269530   -7.970423522
   -0.523598776   -0.523598776  -79.441609770   31.320508186   -2.139337427
   -0.349065850   -0.523598776  -74.118011638   28.387188939    2.574913735
   -0.174532925   -0.523598776  -69.960924744   17.977297649    5.303272856
    0.000000000   -0.523598776  -68.203526727    1.222769334    5.843312262
    0.174532925   -0.523598776  -69.716854739  -18.832679292    4.689199353
    0.349065850   -0.523598776  -74.670437042  -37.224968636    2.840532970
    0.523598776   -0.523598776  -82.250113344  -47.948025388    1.424299014
    0.698131701   -0.523598776  -90.635319840  -45.801061303    1.295810547
    0.872664626   -0.523598776  -97.355051355  -28.957410119    2.686811651
    1.047197551   -0.523598776 -100.046986722   -0.567721455    5.124117758
    1.221730476   -0.523598776  -97.307098351   31.788552698    7.655986678
    1.396263402   -0.523598776  -89.244525590   58.951404251    9.367159341
    1.570796327   -0.523598776  -77.444696619   73.774110899    9.872507975
    1.745329252   -0.523598776  -64.382219566   73.352818753    9.458375274
    1.919862177   -0.523598776  -52.633981142   59.268774353    8.835249114
    2.094395102   -0.523598776  -44.222978900   36.016204048    8.679706048
    2.268928028   -0.523598776  -40.270719489    9.076028165    9.276078127
    2.443460953   -0.523598776  -40.958291524  -16.347758679   10.438140289
    2.617993878   -0.523598776  -45.632869910  -36.026535786   11.643597714
    2.792526803   -0.523598776  -53.018755669  -47.090599675   12.262596915
    2.967059728   -0.523598776  -61.492834155  -48.584590376   11.748665631

   -3.141592654   -0.349065850  -67.447101983  -45.232394298   12.617299672
   -2.967059728   -0.349065850  -74.453618990  -34.501176117    7.516401239
   -2.792526803   -0.349065850  -79.372139312  -21.935138282    1.521062493
   -2.617993878   -0.349065850  -82.207598904  -11.141184531   -4.331615083
   -2.443460953   -0.349065850  -83.505397018   -4.576590448   -9.178339041
   -2.268928028   -0.349065850  -84.098127795   -3.036173097  -12.621707142
   -2.094395102   -0.349065850  -84.808521534   -5.654541576  -14.795765583
   -1.919862177   -0.349065850  -86.190266286  -10.303695898  -16.160012057
   -1.745329252   -0.349065850  -88.363219852  -14.248339790  -17.115648233
   -1.570796327   -0.349065850  -90.968550755  -14.903804542  -17.676087002
   -1.396263402   -0.349065850  -93.270606184  -10.623689349  -17.394150155
   -1.221730476   -0.349065850  -94.375933250   -1.347991154  -15.621456630
   -1.047197551   -0.349065850  -93.539419993   11.207030554  -11.958673991
   -0.872664626   -0.349065850  -90.443517655   23.948090759   -6.645698344
   -0.698131701   -0.349065850  -85.366453519   33.324205505   -0.635743037
   -0.523598776   -0.349065850  -79.172929439   36.339941678    4.720648177
   -0.349065850   -0.349065850  -73.136713842   31.402818780    8.198350822
   -0.174532925   -0.349065850  -68.660308132   18.624276403    9.207040418
    0.000000000   -0.349065850  -66.970268791   -0.070923144    8.005110764
    0.174532925   -0.349065850  -68.806409418  -21.031793106    5.572499736
    0.349065850   -0.349065850  -74.131496393  -39.081011104    3.249240413
    0.523598776   -0.349065850  -81.926531663  -48.430521981    2.235337893
    0.698131701   -0.349065850  -90.238904799  -44.489279344    3.184215733
    0.872664626   -0.349065850  -96.592844066  -26.206014085    5.933034143
    1.047197551   -0.349065850  -98.748215666    2.625696504    9.582850322
    1.221730476   -0.349065850  -95.496893683   34.279229857   12.872177360
    1.396263402   -0.349065850  -87.117823903   60.034758314   14.789287806
    1.570796327   -0.349065850  -75.252741762   73.519336523   15.069291030
    1.745329252   -0.349065850  -62.302198690   72.484162810   14.248169438
    1.919862177   -0.349065850  -50.692669085   58.690557204   13.304797482
    2.094395102   -0.349065850  -42.311151368   36.308583804   13.095230278
    2.268928028   -0.349065850  -38.227015505   10.248909719   13.925547456
    2.443460953   -0.349065850  -38.667497770  -14.806480166   15.465776933
    2.617993878   -0.349065850  -43.097424767  -34.902976508   16.917822750
    2.792526803   -0.349065850  -50.380963313  -47.160141245   17.345248043
    2.967059728   -0.349065850  -59.011012964  -50.357617645   16.002344299

   -3.141592654   -0.174532925  -65.257081149  -50.124972293   11.882483877
   -2.967059728   -0.174532925  -73.239189689  -40.609241839    5.989936350
   -2.792526803   -0.174532925  -79.250546959  -28.149241428   -0.312414403
   -2.617993878   -0.174532925  -83.101733926  -16.422814290   -5.890759089
   -2.443460953   -0.174532925  -85.193090902   -8.343493346   -9.993594417
   -2.268928028   -0.174532925  -86.308534182   -5.309911807  -12.483612701
   -2.094395102   -0.174532925  -87.318043526   -6.908101752  -13.763230327
   -1.919862177   -0.174532925  -88.870940871  -11.083808204  -14.443428730
   -1.745329252   -0.174532925  -91.158857025  -14.775621677  -14.913707841
   -1.570796327   -0.174532925  -93.816683060  -14.882245269  -15.063479471
   -1.396263402   -0.174532925  -96.020198284   -9.391586364  -14.313350631
   -1.221730476   -0.174532925  -96.759823274    1.682873367  -11.981294049
   -1.047197551   -0.174532925  -95.229749856   16.071917197   -7.775776094
   -0.872664626   -0.174532925  -91.172576745   29.913427667   -2.145170860
   -0.698131701   -0.174532925  -85.051572284   39.074866482    3.754738178
   -0.523598776   -0.174532925  -77.975871326   40.484816716    8.491159229
   -0.349065850   -0.174532925  -71.425494932   33.065155325   10.938878164
   -0.174532925   -0.174532925  -66.883078768   17.790779768   10.767906060
    0.000000000   -0.174532925  -65.499321348   -2.554632894    8.568729314
    0.174532925   -0.174532925  -67.815024576  -23.794739890    5.610051258
    0.349065850   -0.174532925  -73.543942558  -40.743554372    3.374013820
    0.523598776   -0.174532925  -81.461025974  -48.074225762    3.003817560
    0.698131701   -0.174532925  -89.519064094  -41.996571491    4.931989901
    0.872664626   -0.174532925  -95.298043078  -22.296351907    8.704215606
    1.047197551   -0.174532925  -96.738764922    6.665959620   13.178041524
    1.221730476   -0.174532925  -92.866125930   37.177541593   16.974421427
    1.396263402   -0.174532925  -84.136128551   61.126753395   19.088284149
    1.570796327   -0.174532925  -72.228887059   73.021326115   19.332559837
    1.745329252   -0.174532925  -59.441387861   71.302052393   18.327555685
    1.919862177   -0.174532925  -48.020586470   57.871623255   17.117223053
    2.094395102   -0.174532925  -39.698916752   36.493482392   16.594452690
    2.268928028   -0.174532925  -35.492177141   11.405290276   17.066485743
    2.443460953   -0.174532925  -35.690347100  -13.336021473   18.166082615
    2.617993878   -0.174532925  -39.907264197  -34.104218075   19.022279978
    2.792526803   -0.174532925  -47.179637677  -47.965672095   18.638950910
    2.967059728   -0.174532925  -56.131588795  -53.275994135   16.295078602

   -3.141592654    0.000000000  -63.453760392  -55.479060838    8.400982836
   -2.967059728    0.000000000  -72.447283153  -46.648473676    2.893173912
   -2.792526803    0.000000000  -79.489632886  -33.734984263   -2.431072856
   -2.617993878    0.000000000  -84.208662769  -20.678348667   -6.656858535
   -2.443460953    0.000000000  -86.901091910  -10.983809711   -9.375478744
   -2.268928028    0.000000000  -88.356059101   -6.651716876  -10.786327643
   -2.094395102    0.000000000  -89.532228218   -7.586338291  -11.484647109
   -1.919862177    0.000000000  -91.186374385  -11.618258022  -12.061540636
   -1.745329252    0.000000000  -93.563303877  -15.216813124  -12.708722813
   -1.570796327    0.000000000  -96.257697952  -14.735701423  -13.057792619
   -1.396263402    0.000000000  -98.328913407   -7.892868302  -12.350272517
   -1.221730476    0.000000000  -98.646874704    5.064751336   -9.895308467
   -1.047197551    0.000000000  -96.367469650   21.185744092   -5.557359616
   -0.872664626    0.000000000  -91.329987038   35.815706968   -0.001210749
   -0.698131701    0.000000000  -84.212172820   44.341790065    5.478424318
   -0.523598776    0.000000000  -76.372075357   43.788823958    9.478847865
   -0.349065850    0.000000000  -69.470525788   33.746827541   11.069639758
   -0.174532925    0.000000000  -65.024703924   16.122918316   10.189142365
    0.000000000    0.000000000  -64.061289763   -5.476627896    7.655286265
    0.174532925    0.000000000  -66.888231667  -26.474541514    4.842281760
    0.349065850    0.000000000  -72.962574524  -41.842079536    3.181954455
    0.523598776    0.000000000  -80.873889439  -46.856782783    3.637489673
    0.698131701    0.000000000  -88.519618472  -38.594834327    6.408693389
    0.872664626    0.000000000  -93.576668505  -17.638608761   10.853841512
    1.047197551    0.000000000  -94.193817605   11.203215285   15.755508960
    1.221730476    0.000000000  -89.634443532   40.339882387   19.782465662
    1.396263402    0.000000000  -80.523407789   62.311138511   22.015532702
    1.570796327    0.000000000  -68.570134594   72.475735972   22.300014649
    1.745329252    0.000000000  -55.966758965   69.920569556   21.198668390
    1.919862177    0.000000000  -44.784964393   56.672079307   19.654385210
    2.094395102    0.000000000  -36.606219029   36.106233850   18.490893305
    2.268928028    0.000000000  -32.392108564   11.817237396   18.024984483
    2.443460953    0.000000000  -32.490457385  -12.748479576   17.981088052
    2.617993878    0.000000000  -36.657313390  -34.279073073   17.633067001
    2.792526803    0.000000000  -44.090442307  -49.747108906   16.165496675
    2.967059728    0.000000000  -53.524075260  -57.014353188   13.059167562

   -3.141592654    0.174532925  -62.394655664  -60.279320498    3.592904024
   -2.967059728    0.174532925  -72.242241224  -51.469102559   -0.563800685
   -2.792526803    0.174532925  -80.062270828  -37.694191037   -4.061307693
   -2.617993878    0.174532925  -85.357507651  -23.285668032   -6.400417802
   -2.443460953    0.174532925  -88.390221994  -12.338366521   -7.595548466
   -2.268928028    0.174532925  -90.010945993   -7.309460838   -8.134811635
   -2.094395102    0.174532925  -91.289505209   -8.193135072   -8.673469527
   -1.919862177    0.174532925  -93.072396768  -12.492089668   -9.627475466
   -1.745329252    0.174532925  -95.611155820  -16.102316080  -10.870150382
   -1.570796327    0.174532925  -98.409066249  -14.882586124  -11.721966051
   -1.396263402    0.174532925 -100.378556566   -6.455971467  -11.267849882
   -1.221730476    0.174532925 -100.272960451    8.493611362   -8.877644503
   -1.047197551    0.174532925  -97.243103910   26.222538937   -4.641122230
   -0.872664626    0.174532925  -91.264261174   41.327692981    0.546737701
   -0.698131701    0.174532925  -83.247717678   48.889844942    5.315955835
   -0.523598776    0.174532925  -74.785275791   46.228736603    8.410208868
   -0.349065850    0.174532925  -67.675295230   33.707767415    9.202509846
   -0.174532925    0.174532925  -63.419876371   14.134660393    7.935270171
    0.000000000    0.174532925  -62.888100296   -8.200925333    5.590369564
    0.174532925    0.174532925  -66.149640932  -28.497284793    3.506289195
    0.349065850    0.174532925  -72.428329558  -42.024208438    2.901285789
    0.523598776    0.174532925  -80.170140554  -44.723690108    4.438984587
    0.698131701    0.174532925  -87.260620332  -34.496703303    8.045271894
    0.872664626    0.174532925  -91.501161119  -12.597123244   12.934857322
    1.047197551    0.174532925  -91.251748422   15.871248840   17.912630667
    1.221730476    0.174532925  -85.995470274   43.512797247   21.804818925
    1.396263402    0.174532925  -76.504697778   63.476324069   23.853704606
    1.570796327    0.174532925  -64.512626770   71.849261107   23.951175261
    1.745329252    0.174532925  -52.121991547   68.264858435   22.562701494
    1.919862177    0.174532925  -41.254292149   54.868237421   20.464367862
    2.094395102    0.174532925  -33.356899923   34.738873822   18.365717894
    2.268928028    0.174532925  -29.334022382   10.957341848   16.608449496
    2.443460953    0.174532925  -29.566646657  -13.533530238   15.096418942
    2.617993878    0.174532925  -33.913809546  -35.676367731   13.389824490
    2.792526803    0.174532925  -41.688777935  -52.338462328   10.993164926
    2.967059728    0.174532925  -51.693202789  -60.931485461    7.654813031

   -3.141592654    0.349065850  -62.185630298  -63.763545872   -1.119954870
   -2.967059728    0.349065850  -72.603351863  -54.414867144   -3.470415884
   -2.792526803    0.349065850  -80.854624134  -39.636076658   -4.932224763
   -2.617993878    0.349065850  -86.394651472  -24.180126052   -5.451872176
   -2.443460953    0.349065850  -89.520780594  -12.614387407   -5.395465970
   -2.268928028    0.349065850  -91.184363920   -7.634811595   -5.403644638
   -2.094395102    0.349065850  -92.564723313   -9.085670478   -6.055197885
   -1.919862177    0.349065850  -94.559087545  -13.970569308   -7.508824570
   -1.745329252    0.349065850  -97.368101936  -17.576408413   -9.317631353
   -1.570796327    0.349065850 -100.353536369  -15.386833290  -10.561382598
   -1.396263402    0.349065850 -102.261944750   -5.148251177  -10.280193663
   -1.221730476    0.349065850 -101.749109089   11.816529395   -8.005172030
   -1.047197551    0.349065850  -98.004580768   30.914007628   -4.094047218
   -0.872664626    0.349065850  -91.177315055   46.114994694    0.371237023
   -0.698131701    0.349065850  -82.416360578   52.432030349    4.060463932
   -0.523598776    0.349065850  -73.510175175   47.692905553    6.000982679
   -0.349065850    0.349065850  -66.332378938   33.090256873    5.973210649
   -0.174532925    0.349065850  -62.314035129   12.214474942    4.551288869
    0.000000000    0.349065850  -62.142312618  -10.187226219    2.829191898
    0.174532925    0.349065850  -65.664510196  -29.313466335    2.001135051
    0.349065850    0.349065850  -71.919986447  -40.867741060    2.945420953
    0.523598776    0.349065850  -79.272991823  -41.470703274    5.919423181
    0.698131701    0.349065850  -85.650979154  -29.741143188   10.504595738
    0.872664626    0.349065850  -89.006425495   -7.420633784   15.747319315
    1.047197551    0.349065850  -87.904136596   20.283861425   20.494949121
    1.221730476    0.349065850  -82.013861898   46.259031540   23.789439294
    1.396263402    0.349065850  -72.219819419   64.206503905   25.122525635
    1.570796327    0.349065850  -60.263652333   70.787780696   24.525300602
    1.745329252    0.349065850  -48.170478251   66.043248177   22.439568767
    1.919862177    0.349065850  -37.738754853   52.211205593   19.509159586
    2.094395102    0.349065850  -30.301843909   32.175238977   16.332161477
    2.268928028    0.349065850  -26.702145957    8.668456597   13.271052450
    2.443460953    0.349065850  -27.320629414  -15.719569179   10.416418028
    2.617993878    0.349065850  -32.065792341  -38.109564612    7.635736241
    2.792526803    0.349065850  -40.308256521  -55.288529929    4.759461851
    2.967059728    0.349065850  -50.872858400  -64.351558551    1.760884547

   -3.141592654    0.523598776  -62.714882098  -65.634531104   -4.734001983
   -2.967059728    0.523598776  -73.387557484  -55.432705673   -5.361163777
   -2.792526803    0.523598776  -81.736892475  -39.759134934   -5.113345959
   -2.617993878    0.523598776  -87.241251753  -23.726887307   -4.285970657
   -2.443460953    0.523598776  -90.281604180  -12.195920019   -3.442410071
   -2.268928028    0.523598776  -91.922787498   -7.883209327   -3.217486999
   -2.094395102    0.523598776  -93.430724507  -10.303965504   -4.012584698
   -1.919862177    0.523598776  -95.707262883  -15.885836453   -5.728277735
   -1.745329252    0.523598776  -98.854111259  -19.360925709   -7.702116787
   -1.570796327    0.523598776 -102.063541205  -16.008142781   -8.946615797
   -1.396263402    0.523598776 -103.923166677   -3.903527779   -8.631660290
   -1.221730476    0.523598776 -103.028407076   14.861882089   -6.548768074
   -1.047197551    0.523598776  -98.653567845   34.890868723   -3.301891288
   -0.872664626    0.523598776  -91.143663061   49.739213870   -0.027307243
   -0.698131701    0.523598776  -81.863554584   54.619295095    2.165718553
   -0.523598776    0.523598776  -72.735882652   48.045520130    2.735304019
   -0.349065850    0.523598776  -65.632017184   32.017063155    1.931857979
   -0.174532925    0.523598776  -61.855449498   10.708856865    0.631971873
    0.000000000    0.523598776  -61.898530573  -10.955998373   -0.044439544
    0.174532925    0.523598776  -65.420172752  -28.421178610    0.849559731
    0.349065850    0.523598776  -71.342964095  -37.950203298    3.761975608
    0.523598776    0.523598776  -78.027141949  -36.835706334    8.475695441
    0.698131701    0.523598776  -83.507708888  -24.279315663   14.174216597
    0.872664626    0.523598776  -85.921484928   -2.294184425   19.697555014
    1.047197551    0.523598776  -84.031710117   24.040495380   23.925503816
    1.221730476    0.523598776  -77.654294429   48.031892416   26.145819724
    1.396263402    0.523598776  -67.733797697   63.917171778   26.187071042
    1.570796327    0.523598776  -55.984834511   68.787181053   24.345222732
    1.745329252    0.523598776  -44.348054544   62.919809227   21.164279825
    1.919862177    0.523598776  -34.515013108   48.570286759   17.237017562
    2.094395102    0.523598776  -27.723004573   28.482255834   13.067511464
    2.268928028    0.523598776  -24.751661744    5.185109715    9.004278773
    2.443460953    0.523598776  -25.954387865  -18.936536744    5.257370186
    2.617993878    0.523598776  -31.241339657  -41.109504530    1.922151534
    2.792526803    0.523598776  -39.990469640  -58.087251560   -0.934613621
    2.967059728    0.523598776  -51.018567874  -66.816790538   -3.210287039

   -3.141592654    0.698131701  -63.739444250  -66.043874914   -6.757823751
   -2.967059728    0.698131701  -74.401104239  -54.923398248   -6.094866391
   -2.792526803    0.698131701  -82.600359082  -38.614926717   -4.730195010
   -2.617993878    0.698131701  -87.886996559  -22.474443202   -3.162530654
   -2.443460953    0.698131701  -90.745622881  -11.463320836   -1.992634917
   -2.268928028    0.698131701  -92.341568909   -8.147189595   -1.720428597
   -2.094395102    0.698131701  -93.991112767  -11.626375620   -2.517163185
   -1.919862177    0.698131701  -96.559981581  -17.789747968   -4.080464334
   -1.745329252    0.698131701 -100.026981641  -20.961630372   -5.691969706
   -1.570796327    0.698131701 -103.421842532  -16.412411773   -6.511010803
   -1.396263402    0.698131701 -105.211970237   -2.691698962   -6.016463748
   -1.221730476    0.698131701 -103.983885598   17.343790834   -4.319785181
   -1.047197551    0.698131701  -99.132257221   37.676978494   -2.175760931
   -0.872664626    0.698131701  -91.190600769   51.736761191   -0.572676099
   -0.698131701    0.698131701  -81.682645268   55.181650712   -0.189041493
   -0.523598776    0.698131701  -72.578937589   47.294851404   -1.017723101
   -0.349065850    0.698131701  -65.666368498   30.746248088   -2.350015795
   -0.174532925    0.698131701  -62.076659234   10.022483305   -3.118852217
    0.000000000    0.698131701  -62.114666796  -10.076270889   -2.323655702
    0.174532925    0.698131701  -65.304137314  -25.457210021    0.617079585
    0.349065850    0.698131701  -70.531602783  -33.030343115    5.661396181
    0.523598776    0.698131701  -76.237524882  -30.725170233   12.112803151
    0.698131701    0.698131701  -80.633185089  -18.176582215   18.781564685
    0.872664626    0.698131701  -82.074473804    2.554920725   24.332879783
    1.047197551    0.698131701  -79.515680967   26.763909828   27.710497297
    1.221730476    0.698131701  -72.873381081   48.355652667   28.480467378
    1.396263402    0.698131701  -63.088230881   62.127735249   26.863557993
    1.570796327    0.698131701  -51.793598950   65.478189989   23.499057238
    1.745329252    0.698131701  -40.819456518   58.734207853   19.115353448
    1.919862177    0.698131701  -31.753841412   44.038255150   14.307553472
    2.094395102    0.698131701  -25.753944439   23.986347094    9.485413206
    2.268928028    0.698131701  -23.543695022    0.996144428    4.927742655
    2.443460953    0.698131701  -25.436624005  -22.631700487    0.864526464
    2.617993878    0.698131701  -31.314980031  -44.168296374   -2.498685537
    2.792526803    0.698131701  -40.532999774  -60.376675853   -4.973711405
    2.967059728    0.698131701  -51.884927208  -68.204515148   -6.414943090

   -3.141592654    0.872664626  -64.980298282  -65.396545440   -7.332317002
   -2.967059728    0.872664626  -75.452297595  -53.463064532   -5.922174996
   -2.792526803    0.872664626  -83.359617581  -36.820977387   -4.039002807
   -2.617993878    0.872664626  -88.347122380  -20.934959009   -2.253370112
   -2.443460953    0.872664626  -90.998624391  -10.695337272   -1.086713049
   -2.268928028    0.872664626  -92.548953274   -8.400110778   -0.829378278
   -2.094395102    0.872664626  -94.323310974  -12.738293227   -1.417062628
   -1.919862177    0.872664626  -97.122687874  -19.200017665   -2.426882748
   -1.745329252    0.872664626 -100.807351973  -21.924347023   -3.244529800
   -1.570796327    0.872664626 -104.286947913  -16.368092057   -3.360844136
   -1.396263402    0.872664626 -105.974281267   -1.604660095   -2.684906476
   -1.221730476    0.872664626 -104.503104905   18.899750281   -1.639300353
   -1.047197551    0.872664626  -99.402393003   38.822399816   -0.981358141
   -0.872664626    0.872664626  -91.349616850   51.792309720   -1.339716889
   -0.698131701    0.872664626  -81.936611120   54.087695928   -2.794636693
   -0.523598776    0.872664626  -73.081070943   45.705174065   -4.747140364
   -0.349065850    0.872664626  -66.412732395   29.725759443   -6.125600021
   -0.174532925    0.872664626  -62.873150237   10.615781822   -5.849012202
    0.000000000    0.872664626  -62.616238151   -7.228478593   -3.218684202
    0.174532925    0.872664626  -65.105175864  -20.327588798    1.857845117
    0.349065850    0.872664626  -69.278836765  -26.243302096    8.819138826
    0.523598776    0.872664626  -73.736729959  -23.443903717   16.553553374
    0.698131701    0.872664626  -76.921612165  -11.818816476   23.627504907
    0.872664626    0.872664626  -77.427987350    6.741842434   28.675639168
    1.047197551    0.872664626  -74.381571215   28.123019099   30.817064047
    1.221730476    0.872664626  -67.747273321   46.983928521   29.942597550
    1.396263402    0.872664626  -58.393066287   58.701485739   26.658081410
    1.570796327    0.872664626  -47.811933362   60.864897453   21.917202017
    1.745329252    0.872664626  -37.691399189   53.661219789   16.607740446
    1.919862177    0.872664626  -29.515795597   38.967525083   11.311893113
    2.094395102    0.872664626  -24.380399318   19.183931816    6.322239315
    2.268928028    0.872664626  -22.970179756   -3.335718683    1.798911212
    2.443460953    0.872664626  -25.562891865  -26.281879587   -2.088632166
    2.617993878    0.872664626  -32.002588593  -46.913492930   -5.120549728
    2.792526803    0.872664626  -41.606643551  -62.024120565   -7.072400345
    2.967059728    0.872664626  -53.143842955  -68.662911000   -7.800527296

   -3.141592654    1.047197551  -66.248855231  -64.175676692   -7.236451709
   -2.967059728    1.047197551  -76.444103823  -51.598388940   -5.545377003
   -2.792526803    1.047197551  -84.010233220  -34.872294191   -3.573922533
   -2.617993878    1.047197551  -88.691334529  -19.448156638   -1.878143071
   -2.443460953    1.047197551  -91.150671084  -10.007087335   -0.843188461
   -2.268928028    1.047197551  -92.653783893   -8.515687485   -0.534023077
   -2.094395102    1.047197551  -94.496266155  -13.323846378   -0.685890819
   -1.919862177    1.047197551  -97.401112974  -19.732843598   -0.843195933
   -1.745329252    1.047197551 -101.139608635  -21.956236987   -0.616582273
   -1.570796327    1.047197551 -104.569928725  -15.799109402    0.064642733
   -1.396263402    1.047197551 -106.129384500   -0.805115955    0.832343640
   -1.221730476    1.047197551 -104.547551062   19.237315650    1.028601561
   -1.047197551    1.047197551  -99.474347792   38.092888634    0.049559802
   -0.872664626    1.047197551  -91.653956551   49.898861283   -2.222124574
   -0.698131701    1.047197551  -82.634511386   51.620915312   -5.203601285
   -0.523598776    1.047197551  -74.180838014   43.777745870   -7.757807988
   -0.349065850    1.047197551  -67.714875866   29.508447177   -8.602767859
   -0.174532925    1.047197551  -64.001838372   12.900931585   -6.827207380
    0.000000000    1.047197551  -63.111915741   -2.291705582   -2.192745324
    0.174532925    1.047197551  -64.541672458  -13.267209403    4.814211664
    0.349065850    1.047197551  -67.373029047  -18.140560577   13.119185837
    0.523598776    1.047197551  -70.427850348  -15.725013636   21.305893190
    0.698131701    1.047197551  -72.406242792   -5.931355011   27.894310340
    0.872664626    1.047197551  -72.127783921    9.727779790   31.711278405
    1.047197551    1.047197551  -68.844557876   27.868792667   32.220985260
    1.221730476    1.047197551  -62.508346930   43.960313071   29.692697600
    1.396263402    1.047197551  -53.852443479   53.903638612   25.049194408
    1.570796327    1.047197551  -44.185019077   55.343794164   19.426026094
    1.745329252    1.047197551  -35.033477351   48.162510350   13.741695727
    1.919862177    1.047197551  -27.787039988   33.848372943    8.485488102
    2.094395102    1.047197551  -23.502600558   14.564098417    3.797227179
    2.268928028    1.047197551  -22.849379304   -7.369505355   -0.304957677
    2.443460953    1.047197551  -26.083556904  -29.561641859   -3.744774437
    2.617993878    1.047197551  -33.013088360  -49.205512702   -6.330632260
    2.792526803    1.047197551  -42.915738824  -63.120957533   -7.833364304
    2.967059728    1.047197551  -54.535713108  -68.509582833   -8.110690290

   -3.141592654    1.221730476  -67.533194141  -62.789603244   -7.753060750
   -2.967059728    1.221730476  -77.434278811  -49.705445304   -6.112782434
   -2.792526803    1.221730476  -84.667080950  -33.035864823   -4.280278857
   -2.617993878    1.221730476  -89.067698061  -18.122069615   -2.751417410
   -2.443460953    1.221730476  -91.353732749   -9.337147485   -1.768359064
   -2.268928028    1.221730476  -92.784500280   -8.294935673   -1.205479566
   -2.094395102    1.221730476  -94.596676882  -13.118552441   -0.666170837
   -1.919862177    1.221730476  -97.437122999  -19.155312735    0.254010021
   -1.745329252    1.221730476 -101.034309110  -20.942795556    1.650657109
   -1.570796327    1.221730476 -104.274439257  -14.737673470    3.137093949
   -1.396263402    1.221730476 -105.695594129   -0.411914025    3.943492365
   -1.221730476    1.221730476 -104.154554628   18.283067819    3.291937219
   -1.047197551    1.221730476  -99.384190280   35.595267329    0.852015919
   -0.872664626    1.221730476  -92.100090698   46.403757190   -2.931026323
   -0.698131701    1.221730476  -83.694102508   48.319319539   -6.867554046
   -0.523598776    1.221730476  -75.695269839   42.099212231   -9.422055233
   -0.349065850    1.221730476  -69.295666382   30.558677234   -9.271360562
   -0.174532925    1.221730476  -65.126315084   17.072657202   -5.807154692
    0.000000000    1.221730476  -63.261828823    4.569447400    0.676353609
    0.174532925    1.221730476  -63.335406605   -4.813564514    9.105124373
    0.349065850    1.221730476  -64.657539482   -9.557760008   17.947843967
    0.523598776    1.221730476  -66.314692464   -8.535684844   25.610352113
    0.698131701    1.221730476  -67.254906132   -1.387305959   30.762088960
    0.872664626    1.221730476  -66.469678727   10.947940205   32.639787617
    1.047197551    1.221730476  -63.262488722   25.862564549   31.215915097
    1.221730476    1.221730476  -57.502288327   39.546301370   27.176475825
    1.396263402    1.221730476  -49.741263307   48.256127886   21.656191901
    1.570796327    1.221730476  -41.086828385   49.522769214   15.787547427
    1.745329252    1.221730476  -32.916153264   42.800603867   10.340667172
    1.919862177    1.221730476  -26.548782197   29.136780855    5.603297658
    2.094395102    1.221730476  -23.032660544   10.462017009    1.531198292
    2.268928028    1.221730476  -23.045731703  -10.894559679   -1.991560286
    2.443460953    1.221730476  -26.838146971  -32.398543500   -4.966206507
    2.617993878    1.221730476  -34.186746698  -51.126240882   -7.221698023
    2.792526803    1.221730476  -44.328434940  -63.903039875   -8.511978077
    2.967059728    1.221730476  -55.980946096  -68.100132274   -8.667411276

   -3.141592654    1.396263402  -69.039968110  -61.528692480   -9.887774150
   -2.967059728    1.396263402  -78.672520567  -47.978283263   -8.468688059
   -2.792526803    1.396263402  -85.601993689  -31.366428484   -6.820075382
   -2.617993878    1.396263402  -89.744606166  -16.864714957   -5.365833090
   -2.443460953    1.396263402  -91.849591326   -8.481916918   -4.235218193
   -2.268928028    1.396263402  -93.142363741   -7.490670551   -3.179669507
   -2.094395102    1.396263402  -94.784733062  -11.911660460   -1.751847412
   -1.919862177    1.396263402  -97.362027319  -17.353655559    0.342164185
   -1.745329252    1.396263402 -100.612456258  -18.875861013    2.900917779
   -1.570796327    1.396263402 -103.525365414  -13.220533358    5.147455812
   -1.396263402    1.396263402 -104.799859977   -0.391149664    6.030739725
   -1.221730476    1.396263402 -103.430185806   16.258546727    4.772687367
   -1.047197551    1.396263402  -99.178662598   31.787924293    1.369342700
   -0.872664626    1.396263402  -92.637691760   41.940994403   -3.230637585
   -0.698131701    1.396263402  -84.949850960   44.839116918   -7.394396395
   -0.523598776    1.396263402  -77.355766111   41.164426564   -9.389482114
   -0.349065850    1.396263402  -70.824802458   33.071486159   -8.013351271
   -0.174532925    1.396263402  -65.913284628   22.967681877   -3.024982596
    0.000000000    1.396263402  -62.791731918   12.849140350    4.783282010
    0.174532925    1.396263402  -61.325610530    4.253473813   13.847800998
    0.349065850    1.396263402  -61.123911900   -1.439052553   22.305892697
    0.523598776    1.396263402  -61.557071668   -2.829834349   28.521726392
    0.698131701    1.396263402  -61.781302882    1.035069245   31.461067123
    0.872664626    1.396263402  -60.874909375    9.969719914   30.908843258
    1.047197551    1.396263402  -58.094848899   22.102000088   27.434207427
    1.221730476    1.396263402  -53.154059438   34.120370944   22.135424689
    1.396263402    1.396263402  -46.396466263   42.358539776   16.246441749
    1.570796327    1.396263402  -38.744830365   44.027399405   10.724567456
    1.745329252    1.396263402  -31.466797677   38.079669099    6.029365535
    1.919862177    1.396263402  -25.856236699   25.152410146    2.151120718
    2.094395102    1.396263402  -22.986128989    7.015909056   -1.157188984
    2.268928028    1.396263402  -23.564304660  -13.922891422   -4.118064377
    2.443460953    1.396263402  -27.844814144  -34.925983818   -6.766802660
    2.617993878    1.396263402  -35.573918665  -52.906413520   -8.915600271
    2.792526803    1.396263402  -45.941821913  -64.670221611  -10.267139972
    2.967059728    1.396263402  -57.631791744  -67.758975028  -10.588115242

   -3.141592654    1.570796327  -71.082664805  -60.534512194  -13.833721937
   -2.967059728    1.570796327  -80.488279284  -46.453952002  -12.638413459
   -2.792526803    1.570796327  -87.140385914  -29.780865866  -11.085045827
   -2.617993878    1.570796327  -91.023723546  -15.494103511   -9.540252024
   -2.443460953    1.570796327  -92.903763750   -7.222663446   -8.070683156
   -2.268928028    1.570796327  -93.957519697   -5.930460299   -6.383037967
   -2.094395102    1.570796327  -95.269753114   -9.644544509   -4.051635427
   -1.919862177    1.570796327  -97.386129372  -14.392983188   -0.915467929
   -1.745329252    1.570796327 -100.101962794  -15.874234646    2.588328719
   -1.570796327    1.570796327 -102.566567494  -11.287048356    5.432433928
   -1.396263402    1.570796327 -103.675278812   -0.560062300    6.449975203
   -1.221730476    1.570796327 -102.549896706   13.645401511    4.975968748
   -1.047197551    1.570796327  -98.925207034   27.408984219    1.325025794
   -0.872664626    1.570796327  -93.194311611   37.339720930   -3.197084183
   -0.698131701    1.570796327  -86.193284506   41.870648570   -6.755791252
   -0.523598776    1.570796327  -78.860953675   41.319397404   -7.670158483
   -0.349065850    1.570796327  -71.978995731   36.945291201   -5.020819136
   -0.174532925    1.570796327  -66.095295998   30.062076004    1.044769375
    0.000000000    1.570796327  -61.553912516   21.725593849    9.353107773
    0.174532925    1.570796327  -58.521919815   12.980965979   18.051037161
    0.349065850    1.570796327  -56.947684198    5.291457582   25.153654045
    0.523598776    1.570796327  -56.479370184    0.630576496   29.144847980
    0.698131701    1.570796327  -56.420915943    0.838143467   29.379939224
    0.872664626    1.570796327  -55.837643833    6.622497698   26.221498348
    1.047197551    1.570796327  -53.836288423   16.746377177   20.810056182
    1.221730476    1.570796327  -49.906725921   28.095883839   14.587281624
    1.396263402    1.570796327  -44.176572994   36.742617756    8.780452818
    1.570796327    1.570796327  -37.425604380   39.358286274    4.054704745
    1.745329252    1.570796327  -30.875807605   34.360139316    0.461321678
    1.919862177    1.570796327  -25.852727707   22.073402088   -2.359602119
    2.094395102    1.570796327  -23.490319630    4.236145815   -4.860042585
    2.268928028    1.570796327  -24.542100247  -16.567893156   -7.335819967
    2.443460953    1.570796327  -29.267761002  -37.335501733   -9.808027477
    2.617993878    1.570796327  -37.376214744  -54.777047641  -12.028102580
    2.792526803    1.570796327  -47.998835040  -65.660376146  -13.612573347
    2.967059728    1.570796327  -59.770687527  -67.695173694  -14.238299006

   -3.141592654    1.745329252  -73.912057844  -59.764930492  -18.671758072
   -2.967059728    1.745329252  -83.119899730  -45.032623454  -17.578708637
   -2.792526803    1.745329252  -89.498677873  -28.131902503  -15.980915271
   -2.617993878    1.745329252  -93.094099667  -13.852921393  -14.214910756
   -2.443460953    1.745329252  -94.681684980   -5.459606761  -12.337314806
   -2.268928028    1.745329252  -95.388577934   -3.647144826  -10.080906922
   -2.094395102    1.745329252  -96.231028987   -6.522581623   -7.093904138
   -1.919862177    1.745329252  -97.737331140  -10.610149957   -3.334116635
   -1.745329252    1.745329252  -99.791737905  -12.271034697    0.637912817
   -1.570796327    1.745329252 -101.731071141   -9.078638126    3.736087343
   -1.396263402    1.745329252 -102.650554534   -0.708415708    4.871482682
   -1.221730476    1.745329252 -101.770620995   11.050685696    3.596583374
   -1.047197551    1.745329252  -98.746889965   23.355051877    0.493697037
   -0.872664626    1.745329252  -93.727754152   33.551285238   -2.974901408
   -0.698131701    1.745329252  -87.231932995   40.138500402   -5.056423901
   -0.523598776    1.745329252  -79.929031275   42.834619495   -4.393086040
   -0.349065850    1.745329252  -72.476906186   41.902251354   -0.513199154
   -0.174532925    1.745329252  -65.483442418   37.598857167    6.041903315
    0.000000000    1.745329252  -59.519407101   30.164510473   13.874079482
    0.174532925    1.745329252  -55.081497662   20.313325159   21.104955207
    0.349065850    1.745329252  -52.455317936    9.779288258   25.903931922
    0.523598776    1.745329252  -51.529304678    1.321613893   27.068503149
    0.698131701    1.745329252  -51.681571307   -2.147870105   24.403036829
    0.872664626    1.745329252  -51.868096379    1.032628426   18.783647117
    1.047197551    1.745329252  -50.956119813   10.120184822   11.786203742
    1.221730476    1.745329252  -48.163648330   21.887460750    5.057384917
    1.396263402    1.745329252  -43.411957159   31.816999660   -0.282487473
    1.570796327    1.745329252  -37.394383974   35.844978203   -3.913895204
    1.745329252    1.745329252  -31.361219367   31.850724636   -6.211010056
    1.919862177    1.745329252  -26.731250595   19.980132658   -7.878248127
    2.094395102    1.745329252  -24.733867469    2.097797447   -9.552958973
    2.268928028    1.745329252  -26.178200725  -18.917502016  -11.571515549
    2.443460953    1.745329252  -31.323585424  -39.734057840  -13.903665953
    2.617993878    1.745329252  -39.827926845  -56.829975614  -16.209677442
    2.792526803    1.745329252  -50.746898933  -66.930559859  -18.004624749
    2.967059728    1.745329252  -62.651100295  -67.919561016  -18.874549537

   -3.141592654    1.919862177  -77.555012019  -59.061449477  -22.858063419
   -2.967059728    1.919862177  -86.567396287  -43.567293775  -21.689977748
   -2.792526803    1.919862177  -92.653378639  -26.302024888  -19.926457521
   -2.617993878    1.919862177  -95.916633115  -11.887875579  -17.897009124
   -2.443460953    1.919862177  -97.144620409   -3.261494925  -15.684873915
   -2.268928028    1.919862177  -97.423996338   -0.891655773  -13.098568922
   -2.094395102    1.919862177  -97.718522622   -2.996483516   -9.891904074
   -1.919862177    1.919862177  -98.557142803   -6.582778673   -6.108983052
   -1.745329252    1.919862177  -99.923259481   -8.598727984   -2.305256989
   -1.570796327    1.919862177 -101.333436601   -6.865801257    0.577658766
   -1.396263402    1.919862177 -102.051847227   -0.680653665    1.723089976
   -1.221730476    1.919862177 -101.351390535    9.077235498    0.990441697
   -1.047197551    1.919862177  -98.768024245   20.530143732   -0.844757303
   -0.872664626    1.919862177  -94.197175361   31.515011634   -2.381712963
   -0.698131701    1.919862177  -87.879455811   40.323947867   -2.230401550
   -0.523598776    1.919862177  -80.294369253   45.911198486    0.392085798
   -0.349065850    1.919862177  -72.066976744   47.580507448    5.370488113
   -0.174532925    1.919862177  -63.933374130   44.738979924   11.779969828
    0.000000000    1.919862177  -56.715921177   37.081274367   18.161186585
    0.174532925    1.919862177  -51.221159586   25.219382287   22.884267197
    0.349065850    1.919862177  -48.019203118   11.307136463   24.565712456
    0.523598776    1.919862177  -47.166119865   -1.028351882   22.519918259
    0.698131701    1.919862177  -48.031970990   -7.777978866   17.041579497
    0.872664626    1.919862177  -49.383668565   -6.389510480    9.400184862
    1.047197551    1.919862177  -49.790610782    2.713674334    1.395483436
    1.221730476    1.919862177  -48.179553617   15.923354996   -5.316943303
    1.396263402    1.919862177  -44.293288183   27.883568198   -9.830828618
    1.570796327    1.919862177  -38.800492361   33.663829135  -12.183311198
    1.745329252    1.919862177  -33.050512767   30.633426336  -13.123410137
    1.919862177    1.919862177  -28.610667187   18.895761806  -13.634396253
    2.094395102    1.919862177  -26.834194245    0.599983571  -14.487790521
    2.268928028    1.919862177  -28.589671115  -20.962752731  -16.022222086
    2.443460953    1.919862177  -34.124758354  -42.075898315  -18.131675385
    2.617993878    1.919862177  -43.029278161  -58.971590862  -20.376444345
    2.792526803    1.919862177  -54.266102635  -68.346906921  -22.182336291
    2.967059728    1.919862177  -66.327551230  -68.276160666  -23.073056650

   -3.141592654    2.094395102  -81.757765762  -58.229462501  -24.901170288
   -2.967059728    2.094395102  -90.549079904  -41.934345381  -23.541557260
   -2.792526803    2.094395102  -96.308236163  -24.250619792  -21.575091625
   -2.617993878    2.094395102  -99.196274005   -9.657608894  -19.325066375
   -2.443460953    2.094395102 -100.018730489   -0.819531094  -16.914582530
   -2.268928028    2.094395102  -99.837804057    1.973836122  -14.259431435
   -2.094395102    2.094395102  -99.585148982    0.396555718  -11.243787451
   -1.919862177    2.094395102  -99.802686157   -2.947382287   -7.971778496
   -1.745329252    2.094395102 -100.561982111   -5.428516934   -4.885818258
   -1.570796327    2.094395102 -101.518407314   -4.954358507   -2.612997035
   -1.396263402    2.094395102 -102.043260074   -0.379418637   -1.544745274
   -1.221730476    2.094395102 -101.403417249    8.219072611   -1.467998335
   -1.047197551    2.094395102  -98.989903852   19.662285713   -1.515366276
   -0.872664626    2.094395102  -94.474697620   31.938585992   -0.559127850
   -0.698131701    2.094395102  -87.904811633   42.864098162    2.198390819
   -0.523598776    2.094395102  -79.686072219   50.552781883    6.801611562
   -0.349065850    2.094395102  -70.519113452   53.515180653   12.501867687
   -0.174532925    2.094395102  -61.330440267   50.651855708   18.059060302
    0.000000000    2.094395102  -53.190372869   41.499318679   22.117871522
    0.174532925    2.094395102  -47.151098632   26.852675317   23.524768030
    0.349065850    2.094395102  -43.967647387    9.399495926   21.574338417
    0.523598776    2.094395102  -43.758987670   -6.408775817   16.250491451
    0.698131701    2.094395102  -45.799940747  -15.613625852    8.349733867
    0.872664626    2.094395102  -48.612017690  -14.975406335   -0.608386557
    1.047197551    2.094395102  -50.448249025   -4.812705944   -8.836098619
    1.221730476    2.094395102  -49.961837611   10.684257764  -14.891427841
    1.396263402    2.094395102  -46.764547100   25.188890111  -18.200011777
    1.570796327    2.094395102  -41.562261489   32.875582592  -19.151043525
    1.745329252    2.094395102  -35.861197160   30.674413276  -18.776977826
    1.919862177    2.094395102  -31.416528350   18.774209793  -18.226170013
    2.094395102    2.094395102  -29.721698203   -0.259564336  -18.317347735
    2.268928028    2.094395102  -31.700975419  -22.631503597  -19.341761729
    2.443460953    2.094395102  -37.575772286  -44.206257044  -21.104323247
    2.617993878    2.094395102  -46.851361935  -60.979870426  -23.081545658
    2.792526803    2.094395102  -58.385279835  -69.654959253  -24.649529003
    2.967059728    2.094395102  -70.584844575  -68.521565011  -25.319403006

   -3.141592654    2.268928028  -86.051548918  -57.179147240  -23.756811598
   -2.967059728    2.268928028  -94.587701267  -40.123498771  -22.219169141
   -2.792526803    2.268928028  -99.990013498  -22.031385413  -20.130517929
   -2.617993878    2.268928028 -102.473800941   -7.268974075  -17.781800968
   -2.443460953    2.268928028 -102.868819357    1.694152923  -15.323360707
   -2.268928028    2.268928028 -102.232642838    4.683885767  -12.786883281
   -2.094395102    2.268928028 -101.488972039    3.289657479  -10.199024360
   -1.919862177    2.268928028 -101.201675223   -0.120447813   -7.705574347
   -1.745329252    2.268928028 -101.504415235   -3.107882372   -5.568687039
   -1.570796327    2.268928028 -102.127039325   -3.486676383   -4.006104971
   -1.396263402    2.268928028 -102.467041135    0.326447079   -2.925414596
   -1.221730476    2.268928028 -101.725495481    8.822673375   -1.799294339
   -1.047197551    2.268928028  -99.144255500   21.139015453    0.187872402
   -0.872664626    2.268928028  -94.236128503   35.043580488    3.705109729
   -0.698131701    2.268928028  -86.970911028   47.668971447    8.827132793
   -0.523598776    2.268928028  -77.813125964   56.327422882   14.847447389
   -0.349065850    2.268928028  -67.642665615   59.008291773   20.490092098
   -0.174532925    2.268928028  -57.618581231   54.521322444   24.364875499
    0.000000000    2.268928028  -49.026233807   42.668228944   25.390658351
    0.174532925    2.268928028  -43.066407285   24.715645345   23.034063804
    0.349065850    2.268928028  -40.549321809    3.957621469   17.374315898
    0.523598776    2.268928028  -41.534186314  -14.466789784    9.110195573
    0.698131701    2.268928028  -45.115714212  -24.933301489   -0.502110236
    0.872664626    2.268928028  -49.539408354  -23.836547432   -9.843187661
    1.047197551    2.268928028  -52.763645027  -11.647301079  -17.357036143
    1.221730476    2.268928028  -53.224377115    6.723296647  -22.028715376
    1.396263402    2.268928028  -50.470715227   23.970636757  -23.733279751
    1.570796327    2.268928028  -45.306459577   33.468968052  -23.201899991
    1.745329252    2.268928028  -39.434588969   31.841808889  -21.637661857
    1.919862177    2.268928028  -34.814561301   19.485475573  -20.207710288
    2.094395102    2.268928028  -33.078433147   -0.529096177  -19.661410244
    2.268928028    2.268928028  -35.192905263  -23.860918250  -20.185018525
    2.443460953    2.268928028  -41.337320652  -45.963874878  -21.493965815
    2.617993878    2.268928028  -50.920984752  -62.637797054  -23.021923529
    2.792526803    2.268928028  -62.692416971  -70.637046534  -24.155456948
    2.967059728    2.268928028  -74.976765528  -68.487918199  -24.451216259

   -3.141592654    2.443460953  -89.835646245  -55.958054986  -19.062109858
   -2.967059728    2.443460953  -98.098005781  -38.257046888  -17.506248190
   -2.792526803    2.443460953 -103.138412354  -19.800512434  -15.493749873
   -2.617993878    2.443460953 -105.216431170   -4.876784514  -13.230280659
   -2.443460953    2.443460953 -105.187914477    4.139321772  -10.858160011
   -2.268928028    2.443460953 -104.125111591    7.108109838   -8.511028794
   -2.094395102    2.443460953 -102.968513409    5.565055718   -6.353148937
   -1.919862177    2.443460953 -102.310041888    1.824310658   -4.558425418
   -1.745329252    2.443460953 -102.311668018   -1.612747077   -3.189520336
   -1.570796327    2.443460953 -102.705038079   -2.308610230   -2.057091807
   -1.396263402    2.443460953 -102.833174988    1.677356271   -0.649009452
   -1.221730476    2.443460953 -101.787469350   11.079773916    1.734374820
   -1.047197551    2.443460953  -98.684973201   24.923259439    5.677636016
   -0.872664626    2.443460953  -92.971954094   40.435564314   11.259141514
   -0.698131701    2.443460953  -84.669222670   53.988186502   17.830853889
   -0.523598776    2.443460953  -74.419607469   62.270130596   24.094238819
   -0.349065850    2.443460953  -63.353403996   63.094397483   28.507776510
   -0.174532925    2.443460953  -52.867041007   55.583040127   29.787124865
    0.000000000    2.443460953  -44.398365127   40.157781660   27.290372878
    0.174532925    2.443460953  -39.183027039   18.774047202   21.150645362
    0.349065850    2.443460953  -37.950776815   -4.650770325   12.193746173
    0.523598776    2.443460953  -40.581836423  -24.477111553    1.748858610
    0.698131701    2.443460953  -45.919379351  -34.768998558   -8.580791131
    0.872664626    2.443460953  -51.928905299  -31.945354681  -17.230289819
    1.047197551    2.443460953  -56.331090603  -16.916198403  -23.056860861
    1.221730476    2.443460953  -57.434955011    4.599125441  -25.643900883
    1.396263402    2.443460953  -54.813924792   24.425358485  -25.406762074
    1.570796327    2.443460953  -49.427399724   35.357518181  -23.391648029
    1.745329252    2.443460953  -43.193851538   33.918175938  -20.843751115
    1.919862177    2.443460953  -38.266073866   20.831186516  -18.784780335
    2.094395102    2.443460953  -36.391261337   -0.294260107  -17.763884780
    2.268928028    2.443460953  -38.555414485  -24.603154863  -17.808849490
    2.443460953    2.443460953  -44.881670776  -47.204409837  -18.566081910
    2.617993878    2.443460953  -54.681554947  -63.771968354  -19.495287449
    2.792526803    2.443460953  -66.603095684  -71.158392577  -20.072509144
    2.967059728    2.443460953  -78.902464494  -68.126264916  -19.959427005

   -3.141592654    2.617993878  -92.499759677  -54.727324099  -11.006985717
   -2.967059728    2.617993878 -100.504735790  -36.564358773   -9.660294252
   -2.792526803    2.617993878 -105.219696313  -17.792867012   -7.998252861
   -2.617993878    2.617993878 -106.927851654   -2.667461220   -6.074915072
   -2.443460953    2.617993878 -106.505339953    6.413386315   -3.971636397
   -2.268928028    2.617993878 -105.053582078    9.249176965   -1.881246260
   -2.094395102    2.617993878 -103.551142086    7.350271069   -0.068108903
   -1.919862177    2.617993878 -102.620908324    3.152771031    1.292149336
   -1.745329252    2.617993878 -102.419317786   -0.556514745    2.322252478
   -1.570796327    2.617993878 -102.615544916   -0.996125263    3.530835560
   -1.396263402    2.617993878 -102.438745184    3.975209322    5.678405581
   -1.221730476    2.617993878 -100.858829152   14.973424590    9.420355202
   -1.047197551    2.617993878  -96.924307688   30.526076109   14.931128969
   -0.872664626    2.617993878  -90.123584286   47.134575316   21.647926638
   -0.698131701    2.617993878  -80.644930279   60.506266849   28.327829983
   -0.523598776    2.617993878  -69.389063707   67.019270982   33.364791180
   -0.349065850    2.617993878  -57.753402719   64.678377118   35.294732855
   -0.174532925    2.617993878  -47.328640575   53.230430393   33.217120459
    0.000000000    2.617993878  -39.616630547   33.919794823   27.054842249
    0.174532925    2.617993878  -35.774215932    9.477604447   17.564517749
    0.349065850    2.617993878  -36.332566508  -15.608020049    6.165190771
    0.523598776    2.617993878  -40.898431252  -35.400725634   -5.373578431
    0.698131701    2.617993878  -48.017818517  -44.012682817  -15.280436700
    0.872664626    2.617993878  -55.399758047  -38.283879858  -22.205214691
    1.047197551    2.617993878  -60.611813727  -19.848493720  -25.552524815
    1.221730476    2.617993878  -61.950145017    4.730100659  -25.600087951
    1.396263402    2.617993878  -59.109792357   26.612354090  -23.323486609
    1.570796327    2.617993878  -53.254862218   38.342873580  -20.006673026
    1.745329252    2.617993878  -46.513800865   36.612806018  -16.786581523
    1.919862177    2.617993878  -41.192827560   22.585021905  -14.375722818
    2.094395102    2.617993878  -39.108695615    0.370896388  -13.006588506
    2.268928028    2.617993878  -41.236076009  -24.779741247  -12.520191975
    2.443460953    2.617993878  -47.633820036  -47.762619675  -12.544108311
    2.617993878    2.617993878  -57.528323529  -64.222349162  -12.660330265
    2.792526803    2.617993878  -69.491003070  -71.142380628  -12.531172706
    2.967059728    2.617993878  -81.732866307  -67.483750521  -11.987173567

   -3.141592654    2.792526803  -93.529415626  -53.652788440   -0.567918461
   -2.967059728    2.792526803 -101.331190300  -35.301835688    0.378477429
   -2.792526803    2.792526803 -105.805234870  -16.290647478    1.430915840
   -2.617993878    2.792526803 -107.226551745   -0.889400054    2.746441861
   -2.443460953    2.792526803 -106.476001545    8.356438991    4.361011059
   -2.268928028    2.792526803 -104.689236493   11.090036959    6.085686158
   -2.094395102    2.792526803 -102.894928248    8.819715236    7.621681530
   -1.919862177    2.792526803 -101.743920497    4.242177354    8.829679395
   -1.745329252    2.792526803 -101.357691214    0.573044918    9.978968920
   -1.570796327    2.792526803 -101.299247793    0.931360420   11.751166384
   -1.396263402    2.792526803 -100.660012660    7.439092052   14.927038328
   -1.221730476    2.792526803  -98.316187750   20.253933036   19.893545612
   -1.047197551    2.792526803  -93.330947346   37.142294540   26.298481517
   -0.872664626    2.792526803  -85.343240377   53.873728510   32.999196830
   -0.698131701    2.792526803  -74.793643914   65.755805063   38.390076779
   -0.523598776    2.792526803  -62.865583429   69.252883084   40.888568156
   -0.349065850    2.792526803  -51.181385830   62.894693236   39.423100550
   -0.174532925    2.792526803  -41.439460466   47.228868368   33.681636433
    0.000000000    2.792526803  -35.102033651   24.346881059   24.193043617
    0.174532925    2.792526803  -33.147574784   -2.300630053   12.221384693
    0.349065850    2.792526803  -35.823616749  -27.777268475   -0.439144353
    0.523598776    2.792526803  -42.407658005  -46.055326747  -11.825934505
    0.698131701    2.792526803  -51.138089672  -51.619008400  -20.221650358
    0.872664626    2.792526803  -59.518855470  -42.077318051  -24.649831714
    1.047197551    2.792526803  -65.067509119  -20.020134295  -25.138967271
    1.221730476    2.792526803  -66.189414539    7.180701687  -22.651225387
    1.396263402    2.792526803  -62.793028320   30.311523443  -18.632608633
    1.570796327    2.792526803  -56.276754735   42.061831728  -14.454782522
    1.745329252    2.792526803  -48.945919059   39.583939079  -10.982595992
    1.919862177    2.792526803  -43.194014837   24.556844338   -8.488351013
    2.094395102    2.792526803  -40.845331534    1.480212486   -6.822226074
    2.268928028    2.792526803  -42.831147062  -24.205417667   -5.653141910
    2.443460953    2.792526803  -49.149077497  -47.372583835   -4.665973968
    2.617993878    2.792526803  -58.971044779  -63.749960601   -3.671137030
    2.792526803    2.792526803  -70.833112579  -70.462570530   -2.615604645
    2.967059728    2.792526803  -82.936063551  -66.586842397   -1.559773376

   -3.141592654    2.967059728  -92.649325016  -52.822495957   10.535529767
   -2.967059728    2.967059728 -100.326251074  -34.652301550   11.013073978
   -2.792526803    2.967059728 -104.681016862  -15.527721938   11.312924684
   -2.617993878    2.967059728 -105.940566513    0.217703438   11.828921888
   -2.443460953    2.967059728 -104.966147454    9.781263280   12.752653421
   -2.268928028    2.967059728 -102.921094350   12.570064675   13.964163996
   -2.094395102    2.967059728 -100.883416665   10.104754145   15.208207994
   -1.919862177    2.967059728  -99.521929440    5.420420496   16.423982380
   -1.745329252    2.967059728  -98.901879158    2.197354511   17.978272934
   -1.570796327    2.967059728  -98.463981363    3.783635463   20.566794303
   -1.396263402    2.967059728  -97.177712788   12.036042417   24.776865692
   -1.221730476    2.967059728  -93.887672149   26.399762839   30.566530650
   -1.047197551    2.967059728  -87.766228648   43.787005690   37.044554914
   -0.872664626    2.967059728  -78.690942456   59.406396394   42.652601060
   -0.698131701    2.967059728  -67.393926826   68.534625684   45.700513680
   -0.523598776    2.967059728  -55.311048202   68.116440323   44.917049982
   -0.349065850    2.967059728  -44.201950705   57.444414281   39.819662648
   -0.174532925    2.967059728  -35.762225090   37.897161186   30.751559857
    0.000000000    2.967059728  -31.312916528   12.291640821   18.783867383
    0.174532925    2.967059728  -31.579435772  -15.367989882    5.523603436
    0.349065850    2.967059728  -36.480430798  -39.874583923   -7.091761132
    0.523598776    2.967059728  -44.952481962  -55.315843052  -17.158503354
    0.698131701    2.967059728  -54.955490495  -56.815511292  -23.239095886
    0.872664626    2.967059728  -63.865484134  -43.003123274  -24.862828541
    1.047197551    2.967059728  -69.260016721  -17.540813423  -22.681537837
    1.221730476    2.967059728  -69.763292160   11.527189724  -18.208382637
    1.396263402    2.967059728  -65.562755605   34.962415220  -13.151033414
    1.570796327    2.967059728  -58.288819639   45.993420425   -8.759251106
    1.745329252    2.967059728  -50.363263457   42.480534077   -5.484034820
    1.919862177    2.967059728  -44.184056703   26.626304018   -3.104717128
    2.094395102    2.967059728  -41.516729370    3.133142871   -1.109698985
    2.268928028    2.967059728  -43.224155994  -22.626443285    0.938866827
    2.443460953    2.967059728  -49.259994409  -45.720157090    3.216854453
    2.617993878    2.967059728  -58.789148895  -62.074394140    5.606402514
    2.792526803    2.967059728  -70.368377881  -68.942772591    7.812247472
    2.967059728    2.967059728  -82.232066907  -65.395939860    9.508456382
