#! FIELDS phi psi file.free der_phi der_psi
#! SET min_phi -pi
#! SET max_phi pi
#! SET nbins_phi  36
#! SET periodic_phi true
#! SET min_psi -pi
#! SET max_psi pi
#! SET nbins_psi  36
#! SET periodic_psi true
   -3.141592654   -3.141592654  -73.437779147  -54.551140375   18.374097393
   -2.967059728   -3.141592654  -81.498607305  -37.043353507   19.368121715
   -2.792526803   -3.141592654  -86.220727346  -17.138201833   19.507139195
   -2.617993878   -3.141592654  -87.633423821    0.122140130   19.239228393
   -2.443460953   -3.141592654  -86.553506130   10.996893733   19.005329370
   -2.268928028   -3.141592654  -84.234695495   14.382484076   19.080173017
   -2.094395102   -3.141592654  -81.866866638   12.069295972   19.631979994
   -1.919862177   -3.141592654  -80.130170567    7.889214529   20.912815098
   -1.745329252   -3.141592654  -78.969464058    6.105180667   23.313032599
   -1.570796327   -3.141592654  -77.672289296    9.778842037   27.142746447
   -1.396263402   -3.141592654  -75.189849591   19.543073830   32.251550944
   -1.221730476   -3.141592654  -70.599643992   33.367431168   37.766545967
   -1.047197551   -3.141592654  -63.518801725   47.354163499   42.253491238
   -0.872664626   -3.141592654  -54.300644793   57.203240671   44.214448799
   -0.698131701   -3.141592654  -43.960311765   59.827580315   42.684457707
   -0.523598776   -3.141592654  -33.885456265   54.190638611   37.548487671
   -0.349065850   -3.141592654  -25.467675452   41.083642703   29.473128867
   -0.174532925   -3.141592654  -19.856954336   22.400668206   19.529642442
    0.000000000   -3.141592654  -17.826732599    0.475235892    8.859248035
    0.174532925   -3.141592654  -19.702577724  -21.803695587   -1.484957463
    0.349065850   -3.141592654  -25.225894348  -40.628384716  -10.477883038
    0.523598776   -3.141592654  -33.399146615  -51.384881059  -17.122716960
    0.698131701   -3.141592654  -42.444140682  -50.127386160  -20.589127069
    0.872664626   -3.141592654  -50.112330146  -35.800992275  -20.595605689
    1.047197551   -3.141592654  -54.351490586  -11.731707597  -17.644750800
    1.221730476   -3.141592654  -54.050988041   14.874617240  -12.960377078
    1.396263402   -3.141592654  -49.494594071   35.789095240   -7.993778006
    1.570796327   -3.141592654  -42.240083445   45.159713770   -3.842064545
    1.745329252   -3.141592654  -34.505737004   41.391193993   -0.893431728
    1.919862177   -3.141592654  -28.432805928   26.720738111    1.112668568
    2.094395102   -3.141592654  -25.570966776    5.357805518    2.772896179
    2.268928028   -3.141592654  -26.695443649  -18.260807184    4.667423570
    2.443460953   -3.141592654  -31.849278419  -40.222488365    7.138575301
    2.617993878   -3.141592654  -40.438709254  -57.085058246   10.172346564
    2.792526803   -3.141592654  -51.307354217  -65.965317020   13.420674419
    2.967059728   -3.141592654  -62.882159455  -65.058316721   16.325291991

   -3.141592654   -2.967059728  -69.547202567  -53.066031818   25.604030212
   -2.967059728   -2.967059728  -77.458807165  -36.768793741   26.327208917
   -2.792526803   -2.967059728  -82.208413957  -17.633450966   25.912253203
   -2.617993878   -2.967059728  -83.732302222   -0.570932750   24.959488271
   -2.443460953   -2.967059728  -82.756863787   10.546223926   24.046961262
   -2.268928028   -2.967059728  -80.476289245   14.428517198   23.570178737
   -2.094395102   -2.967059728  -78.041407777   12.838253293   23.800936887
   -1.919862177   -2.967059728  -76.084047711    9.712310600   25.034057008
   -1.745329252   -2.967059728  -74.487457956    9.315273843   27.578697780
   -1.570796327   -2.967059728  -72.505769037   14.365732753   31.507148825
   -1.396263402   -2.967059728  -69.146818439   24.828827144   36.333756925
   -1.221730476   -2.967059728  -63.667041653   38.030197083   40.909529417
   -1.047197551   -2.967059728  -55.941974326   49.841289687   43.743298283
   -0.872664626   -2.967059728  -46.568997875   56.364982903   43.564150521
   -0.698131701   -2.967059728  -36.695008394   55.344126455   39.833989983
   -0.523598776   -2.967059728  -27.686655157   46.601816271   32.891951071
   -0.349065850   -2.967059728  -20.789465220   31.446352452   23.714790455
   -0.174532925   -2.967059728  -16.953874300   11.892044888   13.488380041
    0.000000000   -2.967059728  -16.756151246   -9.846230682    3.311762223
    0.174532925   -2.967059728  -20.347448871  -30.976565897   -5.878430374
    0.349065850   -2.967059728  -27.303334239  -47.719338450  -13.214756834
    0.523598776   -2.967059728  -36.469255861  -55.542891947  -17.906627091
    0.698131701   -2.967059728  -45.946726230  -50.897743615  -19.419415993
    0.872664626   -2.967059728  -53.467607384  -33.440525990  -17.811906434
    1.047197551   -2.967059728  -57.093802614   -7.279863782  -13.870374220
    1.221730476   -2.967059728  -55.940272888   19.965369167   -8.918100688
    1.396263402   -2.967059728  -50.535876781   40.259505078   -4.271875768
    1.570796327   -2.967059728  -42.604429255   48.418714903   -0.714304179
    1.745329252   -2.967059728  -34.400940170   43.585209784    1.717996014
    1.919862177   -2.967059728  -27.995760811   28.453795768    3.551713548
    2.094395102   -2.967059728  -24.821105120    7.306674021    5.504146007
    2.268928028   -2.967059728  -25.551157930  -15.644966440    8.128678143
    2.443460953   -2.967059728  -30.180889705  -36.861280224   11.624511468
    2.617993878   -2.967059728  -38.138668705  -53.297594818   15.759472796
    2.792526803   -2.967059728  -48.351789356  -62.366081349   19.942392786
    2.967059728   -2.967059728  -59.363557107  -62.315831894   23.423159837

   -3.141592654   -2.792526803  -64.715376609  -51.644781138   29.057829303
   -2.967059728   -2.792526803  -72.510284771  -36.789802097   29.707424774
   -2.792526803   -2.792526803  -77.352393126  -18.562798303   29.131595833
   -2.617993878   -2.792526803  -79.069308649   -1.754033771   27.951998656
   -2.443460953   -2.792526803  -78.282917754    9.630507336   26.768122972
   -2.268928028   -2.792526803  -76.113146909   14.123729797   26.022384101
   -2.094395102   -2.792526803  -73.657335167   13.434988916   26.047756888
   -1.919862177   -2.792526803  -71.494670583   11.515993758   27.146603900
   -1.745329252   -2.792526803  -69.463627919   12.489221986   29.520720070
   -1.570796327   -2.792526803  -66.825521211   18.616699079   33.023692024
   -1.396263402   -2.792526803  -62.695280448   29.213535946   36.936561211
   -1.221730476   -2.792526803  -56.540898465   41.139817018   40.016958721
   -1.047197551   -2.792526803  -48.488300659   50.304797911   40.916799729
   -0.872664626   -2.792526803  -39.326756964   53.428626156   38.721215570
   -0.698131701   -2.792526803  -30.259146854   49.132906081   33.317021962
   -0.523598776   -2.792526803  -22.561725808   37.977328742   25.374621306
   -0.349065850   -2.792526803  -17.295146837   21.590104488   16.007134343
   -0.174532925   -2.792526803  -15.203924097    1.939160760    6.368860422
    0.000000000   -2.792526803  -16.682710231  -18.958488013   -2.565798189
    0.174532925   -2.792526803  -21.732475417  -38.445038286  -10.014569066
    0.349065850   -2.792526803  -29.794758300  -52.815176219  -15.314316296
    0.523598776   -2.792526803  -39.600528498  -57.710187399  -17.953973085
    0.698131701   -2.792526803  -49.189075418  -50.032841882  -17.763282219
    0.872664626   -2.792526803  -56.331496945  -30.103743676  -15.127322388
    1.047197551   -2.792526803  -59.241863597   -2.623262206  -10.979463352
    1.221730476   -2.792526803  -57.257876149   24.632882613   -6.513890411
    1.396263402   -2.792526803  -51.110236978   44.015281849   -2.697969159
    1.570796327   -2.792526803  -42.624428369   51.041925630    0.093263530
    1.745329252   -2.792526803  -34.035318035   45.486393988    2.110734729
    1.919862177   -2.792526803  -27.310504553   30.336956328    3.974503045
    2.094395102   -2.792526803  -23.760477295    9.804719054    6.332063677
    2.268928028   -2.792526803  -23.974608899  -12.214362714    9.584878628
    2.443460953   -2.792526803  -27.927708513  -32.597982962   13.765632939
    2.617993878   -2.792526803  -35.102227001  -48.705732250   18.504813545
    2.792526803   -2.792526803  -44.539301877  -58.207951995   23.117428348
    2.967059728   -2.792526803  -54.918056507  -59.332860269   26.825935325

   -3.141592654   -2.617993878  -59.619549887  -50.166924800   28.740445948
   -2.967059728   -2.617993878  -67.285949594  -36.736748029   29.603553866
   -2.792526803   -2.617993878  -72.208409450  -19.436996875   29.321927590
   -2.617993878   -2.617993878  -74.114305968   -2.951880380   28.402855377
   -2.443460953   -2.617993878  -73.527072749    8.616439709   27.359864081
   -2.268928028   -2.617993878  -71.490180001   13.673160456   26.617060178
   -2.094395102   -2.617993878  -69.040428830   13.867769135   26.528478164
   -1.919862177   -2.617993878  -66.705676317   13.084182247   27.375611341
   -1.745329252   -2.617993878  -64.298970424   15.192351361   29.249303802
   -1.570796327   -2.617993878  -61.122303300   21.958040932   31.842364251
   -1.396263402   -2.617993878  -56.426678464   32.148026770   34.338998892
   -1.221730476   -2.617993878  -49.891700599   42.368576497   35.585365252
   -1.047197551   -2.617993878  -41.854834506   48.781742268   34.524666567
   -0.872664626   -2.617993878  -33.230272208   48.814938109   30.639877116
   -0.698131701   -2.617993878  -25.209088735   41.893158699   24.159990550
   -0.523598776   -2.617993878  -18.932925070   29.126747683   15.929468419
   -0.349065850   -2.617993878  -15.267225508   12.287088121    7.050312638
   -0.174532925   -2.617993878  -14.764406129   -6.804068302   -1.440109657
    0.000000000   -2.617993878  -17.661977305  -26.352144057   -8.715578730
    0.174532925   -2.617993878  -23.838410714  -43.867388187  -14.153473469
    0.349065850   -2.617993878  -32.639599421  -55.795108926  -17.323825709
    0.523598776   -2.617993878  -42.735548543  -58.053385631  -18.044012263
    0.698131701   -2.617993878  -52.169539997  -48.000331270  -16.528524655
    0.872664626   -2.617993878  -58.804142439  -26.466098122  -13.426712341
    1.047197551   -2.617993878  -61.018116589    1.547275759   -9.668378317
    1.221730476   -2.617993878  -58.332582034   28.379354116   -6.137831988
    1.396263402   -2.617993878  -51.606992889   46.867976920   -3.332669146
    1.570796327   -2.617993878  -42.696410289   53.120423780   -1.225280895
    1.745329252   -2.617993878  -33.775442208   47.313490672    0.601537757
    1.919862177   -2.617993878  -26.708333191   32.525240136    2.686171208
    2.094395102   -2.617993878  -22.710136919   12.797387912    5.455701626
    2.268928028   -2.617993878  -22.318929637   -8.281415420    9.090545880
    2.443460953   -2.617993878  -25.516399976  -27.944044630   13.487496308
    2.617993878   -2.617993878  -31.852769895  -43.877312239   18.259508204
    2.792526803   -2.617993878  -40.484525001  -53.939246112   22.795324715
    2.967059728   -2.617993878  -50.217302399  -56.296888556   26.444560143

   -3.141592654   -2.443460953  -54.846795521  -48.472230477   25.519630301
   -2.967059728   -2.443460953  -62.327180072  -36.263487535   26.793758062
   -2.792526803   -2.443460953  -67.249596830  -19.840950893   27.091111599
   -2.617993878   -2.443460953  -69.269801135   -3.785025444   26.717712044
   -2.443460953   -2.443460953  -68.833991759    7.779573795   26.039825850
   -2.268928028   -2.443460953  -66.916074021   13.207667376   25.426159028
   -2.094395102   -2.443460953  -64.491325337   14.093624937   25.222467936
   -1.919862177   -2.443460953  -62.041672512   14.185328971   25.669672827
   -1.745329252   -2.443460953  -59.373225724   17.035350073   26.757954598
   -1.570796327   -2.443460953  -55.850552254   23.945792442   28.088237876
   -1.396263402   -2.443460953  -50.866027825   33.294549830   28.875031751
   -1.221730476   -2.443460953  -44.282383549   41.638067881   28.192305996
   -1.047197551   -2.443460953  -36.589728411   45.520398355   25.356197284
   -0.872664626   -2.443460953  -28.759077409   43.043593605   20.225825163
   -0.698131701   -2.443460953  -21.919941463   34.274046256   13.259184940
   -0.523598776   -2.443460953  -17.062143167   20.676813855    5.330806239
   -0.349065850   -2.443460953  -14.867693922    4.045113853   -2.573014864
   -0.174532925   -2.443460953  -15.721397637  -13.976563302   -9.574091943
    0.000000000   -2.443460953  -19.729536979  -31.809621424  -14.995723940
    0.174532925   -2.443460953  -26.675901703  -47.179470744  -18.377729014
    0.349065850   -2.443460953  -35.853053980  -56.781739144  -19.542157524
    0.523598776   -2.443460953  -45.928959069  -56.900869862  -18.647673299
    0.698131701   -2.443460953  -55.015318740  -45.289806839  -16.252338868
    0.872664626   -2.443460953  -61.103486085  -23.053406357  -13.161631463
    1.047197551   -2.443460953  -62.723597327    4.829860608  -10.157776462
    1.221730476   -2.443460953  -59.515686031   31.042749818   -7.706873555
    1.396263402   -2.443460953  -52.383270887   48.904228825   -5.820599244
    1.570796327   -2.443460953  -43.147273062   54.890723655   -4.153498608
    1.745329252   -2.443460953  -33.905138694   49.296661182   -2.260584096
    1.919862177   -2.443460953  -26.444294188   35.098391284    0.183168667
    2.094395102   -2.443460953  -21.930737194   16.134402503    3.305613631
    2.268928028   -2.443460953  -20.891194902   -4.219720885    7.058837964
    2.443460953   -2.443460953  -23.332863911  -23.408596917   11.263562859
    2.617993878   -2.443460953  -28.866873870  -39.315603648   15.622688538
    2.792526803   -2.443460953  -36.740452147  -49.910205440   19.721896196
    2.967059728   -2.443460953  -45.854359906  -53.307452007   23.130931898

   -3.141592654   -2.268928028  -50.807035401  -46.519591472   20.508746516
   -2.967059728   -2.268928028  -58.029218989  -35.251209546   22.158179235
   -2.792526803   -2.268928028  -62.847665535  -19.632092417   23.019619168
   -2.617993878   -2.268928028  -64.883546122   -4.127228436   23.187833126
   -2.443460953   -2.268928028  -64.532846497    7.202890291   22.873718458
   -2.268928028   -2.268928028  -62.711183675   12.740241755   22.373930136
   -2.094395102   -2.268928028  -60.336212720   14.029228000   21.997304021
   -1.919862177   -2.268928028  -57.852728167   14.630707693   21.924507166
   -1.745329252   -2.268928028  -55.076319569   17.760782693   22.058581373
   -1.570796327   -2.268928028  -51.444682790   24.346307490   21.968963543
   -1.396263402   -2.268928028  -46.477577687   32.563136753   20.992929120
   -1.221730476   -2.268928028  -40.173236576   39.091603329   18.511867945
   -1.047197551   -2.268928028  -33.106623584   40.904894802   14.237412691
   -0.872664626   -2.268928028  -26.244211305   36.658051575    8.354447786
   -0.698131701   -2.268928028  -20.623059768   26.852259809    1.452662812
   -0.523598776   -2.268928028  -17.085461690   13.128364003   -5.662620262
   -0.349065850   -2.268928028  -16.156353142   -2.768106529  -12.185143653
   -0.174532925   -2.268928028  -18.083290779  -19.357777225  -17.426615611
    0.000000000   -2.268928028  -22.868507649  -35.264516991  -20.879265413
    0.174532925   -2.268928028  -30.231099700  -48.485733172  -22.270850526
    0.349065850   -2.268928028  -39.455384262  -56.061695926  -21.688234886
    0.523598776   -2.268928028  -49.264820842  -54.684497542  -19.600830969
    0.698131701   -2.268928028  -57.891453687  -42.376330563  -16.807943897
    0.872664626   -2.268928028  -63.470789275  -20.241521272  -14.129655013
    1.047197551   -2.268928028  -64.647697973    7.060965706  -12.079538172
    1.221730476   -2.268928028  -61.104119663   32.695965992  -10.670049858
    1.396263402   -2.268928028  -53.707508530   50.358620667   -9.491162050
    1.570796327   -2.268928028  -44.199660522   56.620446452   -8.003441602
    1.745329252   -2.268928028  -34.606609615   51.614866090   -5.850344165
    1.919862177   -2.268928028  -26.682832717   38.073922668   -2.985464996
    2.094395102   -2.268928028  -21.599021430   19.660154951    0.412528900
    2.268928028   -2.268928028  -19.907858173   -0.318523471    4.101133152
    2.443460953   -2.268928028  -21.650425867  -19.340072739    7.877886224
    2.617993878   -2.268928028  -26.477519641  -35.340326081   11.588954351
    2.792526803   -2.268928028  -33.687789916  -46.338885060   15.060456280
    2.967059728   -2.268928028  -42.236215021  -50.446538110   18.099907867

   -3.141592654   -2.094395102  -47.738914669  -44.467163422   14.438118054
   -2.967059728   -2.094395102  -54.658730861  -33.858970336   16.188842287
   -2.792526803   -2.094395102  -59.295562906  -18.947701782   17.352410818
   -2.617993878   -2.094395102  -61.268946888   -4.073989588   17.864097754
   -2.443460953   -2.094395102  -60.949898574    6.832123456   17.802588654
   -2.268928028   -2.094395102  -59.209432124   12.231238619   17.377354978
   -2.094395102   -2.094395102  -56.917156801   13.616953641   16.820991093
   -1.919862177   -2.094395102  -54.493557728   14.334687720   16.224680663
   -1.745329252   -2.094395102  -51.778276577   17.286820607   15.409202934
   -1.570796327   -2.094395102  -48.283932174   23.148074882   13.950935417
   -1.396263402   -2.094395102  -43.631332505   30.079971197   11.359984486
   -1.221730476   -2.094395102  -37.897553241   35.024121649    7.353319731
   -1.047197551   -2.094395102  -31.673993184   35.374345062    2.028809130
   -0.872664626   -2.094395102  -25.869607627   30.175161466   -4.143146739
   -0.698131701   -2.094395102  -21.411003606   20.145402630  -10.488942577
   -0.523598776   -2.094395102  -19.009493273    6.939950183  -16.314701333
   -0.349065850   -2.094395102  -19.067978209   -7.794489629  -21.032679985
   -0.174532925   -2.094395102  -21.733892008  -22.728800277  -24.194482486
    0.000000000   -2.094395102  -26.939991610  -36.684185469  -25.527741088
    0.174532925   -2.094395102  -34.378385988  -47.973458362  -25.010036609
    0.349065850   -2.094395102  -43.372147500  -54.026752434  -23.001037248
    0.523598776   -2.094395102  -52.748617909  -51.905351514  -20.207387263
    0.698131701   -2.094395102  -60.889631911  -39.720399150  -17.517951808
    0.872664626   -2.094395102  -66.063670324  -18.307313292  -15.608437743
    1.047197551   -2.094395102  -66.975059271    8.208563692  -14.632548431
    1.221730476   -2.094395102  -63.269653793   33.502964939  -14.170530814
    1.396263402   -2.094395102  -55.714343026   51.469951958  -13.500355676
    1.570796327   -2.094395102  -45.949144937   58.501756966  -12.016538924
    1.745329252   -2.094395102  -35.951362242   54.346562349   -9.528268268
    1.919862177   -2.094395102  -27.492319613   41.413187620   -6.273376290
    2.094395102   -2.094395102  -21.797812910   23.255735502   -2.695925461
    2.268928028   -2.094395102  -19.476320682    3.266906127    0.815428367
    2.443460953   -2.094395102  -20.604219096  -15.897523144    4.061224060
    2.617993878   -2.094395102  -24.846822277  -32.099842374    7.024842764
    2.792526803   -2.094395102  -31.513745692  -43.366782591    9.747577453
    2.967059728   -2.094395102  -39.574992341  -47.860949564   12.244251857

   -3.141592654   -1.919862177  -45.791511688  -42.632868632    7.726027986
   -2.967059728   -1.919862177  -52.422023665  -32.412137545    9.231151237
   -2.792526803   -1.919862177  -56.851802505  -18.048663967   10.395111042
   -2.617993878   -1.919862177  -58.720760948   -3.775698490   11.057160620
   -2.443460953   -1.919862177  -58.396153233    6.627136555   11.181644370
   -2.268928028   -1.919862177  -56.721864607   11.712026247   10.863467012
   -2.094395102   -1.919862177  -54.536869137   12.915455233   10.213325056
   -1.919862177   -1.919862177  -52.255775989   13.366221594    9.203099053
   -1.745329252   -1.919862177  -49.756510066   15.711737562    7.574228477
   -1.570796327   -1.919862177  -46.623273544   20.515934707    4.933224596
   -1.396263402   -1.919862177  -42.545767056   26.100612359    0.981952512
   -1.221730476   -1.919862177  -37.621448162   29.777387992   -4.232678782
   -1.047197551   -1.919862177  -32.392600667   29.330225583  -10.249748250
   -0.872664626   -1.919862177  -27.662764340   24.029346299  -16.332955433
   -0.698131701   -1.919862177  -24.233918676   14.602406083  -21.724304526
   -0.523598776   -1.919862177  -22.705905555    2.556451962  -25.836678382
   -0.349065850   -1.919862177  -23.399801175  -10.636651166  -28.323381715
   -0.174532925   -1.919862177  -26.410747812  -23.818267329  -29.047396513
    0.000000000   -1.919862177  -31.651881282  -36.014332119  -28.076413685
    0.174532925   -1.919862177  -38.839192347  -45.852922167  -25.722031253
    0.349065850   -1.919862177  -47.382194384  -51.110249089  -22.614284884
    0.523598776   -1.919862177  -56.244748244  -49.081068574  -19.592062816
    0.698131701   -1.919862177  -63.959117920  -37.749365444  -17.461410775
    0.872664626   -1.919862177  -68.888190332  -17.461819205  -16.605244965
    1.047197551   -1.919862177  -69.727802797    8.291863381  -16.766752195
    1.221730476   -1.919862177  -66.017333101   33.619092352  -17.157784417
    1.396263402   -1.919862177  -58.379657070   52.395461847  -16.870632394
    1.570796327   -1.919862177  -48.351501630   60.598098367  -15.343202463
    1.745329252   -1.919862177  -37.894187335   57.443526589  -12.587007237
    1.919862177   -1.919862177  -28.842806540   44.999942026   -9.087682642
    2.094395102   -1.919862177  -22.518971257   26.797274121   -5.488328925
    2.268928028   -1.919862177  -19.608080630    6.438907637   -2.274870149
    2.443460953   -1.919862177  -20.220675226  -13.159106476    0.359795301
    2.617993878   -1.919862177  -24.015864917  -29.691286101    2.496167706
    2.792526803   -1.919862177  -30.281387541  -41.155917686    4.335525543
    2.967059728   -1.919862177  -37.969618901  -45.800860897    6.061633497

   -3.141592654   -1.745329252  -45.044574587  -41.313778965    0.793003253
   -2.967059728   -1.745329252  -51.449340649  -31.180648030    1.857941342
   -2.792526803   -1.745329252  -55.686742809  -17.115536578    2.893496377
   -2.617993878   -1.745329252  -57.430870331   -3.297230006    3.667716994
   -2.443460953   -1.745329252  -57.065591832    6.622695909    4.021083181
   -2.268928028   -1.745329252  -55.430542413   11.277314839    3.902208757
   -2.094395102   -1.745329252  -53.358271391   12.045899381    3.272489333
   -1.919862177   -1.745329252  -51.279426232   11.868065192    1.979335694
   -1.745329252   -1.745329252  -49.122849507   13.219379304   -0.296000065
   -1.570796327   -1.745329252  -46.537277358   16.694837921   -3.894905563
   -1.396263402   -1.745329252  -43.247571711   20.926281680   -8.923044034
   -1.221730476   -1.745329252  -39.316176747   23.680435825  -15.032837674
   -1.047197551   -1.745329252  -35.175898082   23.102399543  -21.438713112
   -0.872664626   -1.745329252  -31.479706421   18.551403930  -27.155058952
   -0.698131701   -1.745329252  -28.888536550   10.575400550  -31.320503917
   -0.523598776   -1.745329252  -27.907128462    0.359622688  -33.427684521
   -0.349065850   -1.745329252  -28.817694441  -10.926410468  -33.379098354
   -0.174532925   -1.745329252  -31.723501525  -22.368794765  -31.415262812
    0.000000000   -1.745329252  -36.586441474  -33.213335065  -28.041880723
    0.174532925   -1.745329252  -43.211128649  -42.338960619  -23.971640435
    0.349065850   -1.745329252  -51.139004895  -47.718595207  -20.080387085
    0.523598776   -1.745329252  -59.483416101  -46.655342391  -17.222877514
    0.698131701   -1.745329252  -66.898661956  -36.782203094  -15.968644138
    0.872664626   -1.745329252  -71.781014418  -17.816115200  -16.303819169
    1.047197551   -1.745329252  -72.745529515    7.374160511  -17.562775415
    1.221730476   -1.745329252  -69.168821150   33.164409517  -18.684896420
    1.396263402   -1.745329252  -61.508437879   53.189168739  -18.702499981
    1.570796327   -1.745329252  -51.213080350   62.836831582  -17.180453351
    1.745329252   -1.745329252  -40.264252233   60.726601943  -14.338237641
    1.919862177   -1.745329252  -30.599153662   48.617779558  -10.850967423
    2.094395102   -1.745329252  -23.663344764   30.098546345   -7.484313961
    2.268928028   -1.745329252  -20.231758326    9.066781387   -4.770777143
    2.443460953   -1.745329252  -20.447766619  -11.222950167   -2.892656949
    2.617993878   -1.745329252  -23.950633726  -28.232364956   -1.706876174
    2.792526803   -1.745329252  -29.982440080  -39.889423610   -0.895891672
    2.967059728   -1.745329252  -37.450532141  -44.524691469   -0.128022140

   -3.141592654   -1.570796327  -45.468077142  -40.594788208   -5.519669938
   -2.967059728   -1.570796327  -51.721949565  -30.206619962   -4.835798139
   -2.792526803   -1.570796327  -55.784607003  -16.139782692   -3.850890734
   -2.617993878   -1.570796327  -57.378538287   -2.592990251   -2.894702803
   -2.443460953   -1.570796327  -56.927981429    6.877863066   -2.274129550
   -2.268928028   -1.570796327  -55.294907662   10.985635670   -2.191944575
   -2.094395102   -1.570796327  -53.330250299   11.073946292   -2.812450049
   -1.919862177   -1.570796327  -51.499195893    9.943445130   -4.367849382
   -1.745329252   -1.570796327  -49.787997677    9.985734751   -7.186518746
   -1.570796327   -1.570796327  -47.898357944   11.946680009  -11.527954724
   -1.396263402   -1.570796327  -45.557713413   14.877689499  -17.318150609
   -1.221730476   -1.570796327  -42.745613460   17.057474599  -23.965215708
   -1.047197551   -1.570796327  -39.734480048   16.971488130  -30.431314705
   -0.872664626   -1.570796327  -36.986823060   13.969595025  -35.531731897
   -0.698131701   -1.570796327  -35.004397985    8.263646637  -38.309966360
   -0.523598776   -1.570796327  -34.208766661    0.539262091  -38.321217975
   -0.349065850   -1.570796327  -34.886262489   -8.506927858  -35.709782972
   -0.174532925   -1.570796327  -37.216931335  -18.322742210  -31.115059125
    0.000000000   -1.570796327  -41.291969323  -28.386217481  -25.511355308
    0.174532925   -1.570796327  -47.075852707  -37.700614644  -20.010328750
    0.349065850   -1.570796327  -54.279928035  -44.200895419  -15.668244688
    0.523598776   -1.570796327  -62.159947652  -44.921303495  -13.244249518
    0.698131701   -1.570796327  -69.441285055  -36.945306312  -12.970886611
    0.872664626   -1.570796327  -74.480578653  -19.311148571  -14.407963270
    1.047197551   -1.570796327  -75.745559121    5.619505959  -16.546881164
    1.221730476   -1.570796327  -72.413039329   32.279122231  -18.179690260
    1.396263402   -1.570796327  -64.775227571   53.863716474  -18.397669150
    1.570796327   -1.570796327  -54.220219810   65.071910882  -16.949515316
    1.745329252   -1.570796327  -42.784628085   63.933068311  -14.244199957
    1.919862177   -1.570796327  -32.534796309   51.966957599  -11.076189044
    2.094395102   -1.570796327  -25.054578936   32.894164596   -8.252466260
    2.268928028   -1.570796327  -21.211713877   10.952207623   -6.294925078
    2.443460953   -1.570796327  -21.179025752  -10.228605511   -5.354014933
    2.617993878   -1.570796327  -24.566075774  -27.834987031   -5.231194194
    2.792526803   -1.570796327  -30.550833684  -39.675795682   -5.509800369
    2.967059728   -1.570796327  -37.970584867  -44.138757403   -5.719191564

   -3.141592654   -1.396263402  -46.843652198  -40.319206695   -9.898828117
   -2.967059728   -1.396263402  -52.994845443  -29.349275700   -9.375826399
   -2.792526803   -1.396263402  -56.880425627  -15.039368239   -8.325817629
   -2.617993878   -1.396263402  -58.291866768   -1.667159471   -7.212881471
   -2.443460953   -1.396263402  -57.719641859    7.306263020   -6.483719711
   -2.268928028   -1.396263402  -56.070833516   10.708718720   -6.440135142
   -2.094395102   -1.396263402  -54.230072464    9.894434924   -7.288196551
   -1.919862177   -1.396263402  -52.703456864    7.581259793   -9.249371438
   -1.745329252   -1.396263402  -51.529983775    6.146291532  -12.588134044
   -1.570796327   -1.396263402  -50.447075491    6.562424757  -17.449188110
   -1.396263402   -1.396263402  -49.155500465    8.354042311  -23.605000228
   -1.221730476   -1.396263402  -47.516331442   10.326740551  -30.303675950
   -1.047197551   -1.396263402  -45.607218871   11.281699414  -36.372069749
   -0.872664626   -1.396263402  -43.674165052   10.493208873  -40.536528305
   -0.698131701   -1.396263402  -42.048413995    7.724032471  -41.818384046
   -0.523598776   -1.396263402  -41.080545435    3.008988603  -39.858683514
   -0.349065850   -1.396263402  -41.101799940   -3.594617281  -35.026341203
   -0.174532925   -1.396263402  -42.435442493  -12.011740820  -28.310268489
    0.000000000   -1.396263402  -45.378509008  -21.944295640  -21.072353391
    0.174532925   -1.396263402  -50.117075107  -32.353967833  -14.712752907
    0.349065850   -1.396263402  -56.554046672  -40.871249806  -10.345156366
    0.523598776   -1.396263402  -64.061882635  -43.994439979   -8.532029147
    0.698131701   -1.396263402  -71.374259762  -38.121971750   -9.135610411
    0.872664626   -1.396263402  -76.737323726  -21.657913591  -11.344721662
    1.047197551   -1.396263402  -78.422114939    3.359663077  -13.938819307
    1.221730476   -1.396263402  -75.392884149   31.199765411  -15.715228917
    1.396263402   -1.396263402  -67.796776292   54.475161329  -15.936987214
    1.570796327   -1.396263402  -56.996668578   67.172876723  -14.569804053
    1.745329252   -1.396263402  -45.114219307   66.804209095  -12.171986739
    1.919862177   -1.396263402  -34.358817806   54.746629092   -9.575806903
    2.094395102   -1.396263402  -26.452265748   34.917050113   -7.542365624
    2.268928028   -1.396263402  -22.347616655   11.908519988   -6.517925885
    2.443460953   -1.396263402  -22.238431390  -10.267102049   -6.583501704
    2.617993878   -1.396263402  -25.694002912  -28.500638097   -7.473738502
    2.792526803   -1.396263402  -31.811768670  -40.440962823   -8.684411459
    2.967059728   -1.396263402  -39.336834788  -44.512932973   -9.636635029

   -3.141592654   -1.221730476  -48.727384006  -40.226472478  -11.182817156
   -2.967059728   -1.221730476  -54.790704760  -28.496172152  -10.703843137
   -2.792526803   -1.221730476  -58.493279993  -13.887191243   -9.704210809
   -2.617993878   -1.221730476  -59.717954007   -0.760225691   -8.755145161
   -2.443460953   -1.221730476  -59.039649101    7.567166298   -8.357494303
   -2.268928028   -1.221730476  -57.418721557   10.101768746   -8.798831682
   -2.094395102   -1.221730476  -55.771340318    8.257935223  -10.218146667
   -1.919862177   -1.221730476  -54.634877349    4.709094795  -12.742349006
   -1.745329252   -1.221730476  -54.084922464    1.853306377  -16.521792596
   -1.570796327   -1.221730476  -53.873234100    0.915426329  -21.576425281
   -1.396263402   -1.221730476  -53.650474888    1.886429009  -27.566284528
   -1.221730476   -1.221730476  -53.139609496    4.061629775  -33.675414274
   -1.047197551   -1.221730476  -52.211920544    6.508892523  -38.735334163
   -0.872664626   -1.221730476  -50.894549989    8.373216388  -41.540592400
   -0.698131701   -1.221730476  -49.355639002    8.901751230  -41.229262632
   -0.523598776   -1.221730476  -47.895624733    7.390449135  -37.603250690
   -0.349065850   -1.221730476  -46.928420970    3.160681749  -31.239648094
   -0.174532925   -1.221730476  -46.972206864   -4.241212940  -23.359639259
    0.000000000   -1.221730476  -48.582008239  -14.689214211  -15.517772717
    0.174532925   -1.221730476  -52.198059130  -26.929986781   -9.182629063
    0.349065850   -1.221730476  -57.909903798  -38.058975603   -5.346274835
    0.523598776   -1.221730476  -65.164403340  -43.851037254   -4.285423617
    0.698131701   -1.221730476  -72.640532381  -39.982783858   -5.519379072
    0.872664626   -1.221730476  -78.419467270  -24.356069780   -7.993368881
    1.047197551   -1.221730476  -80.553862889    1.093035607  -10.456109155
    1.221730476   -1.221730476  -77.811205430   30.278223286  -11.882449678
    1.396263402   -1.221730476  -70.232985992   55.161572535  -11.813847522
    1.570796327   -1.221730476  -59.196105578   69.083202819  -10.445640141
    1.745329252   -1.221730476  -46.928168728   69.166530401   -8.423050106
    1.919862177   -1.221730476  -35.779921097   56.762014337   -6.518849463
    2.094395102   -1.221730476  -27.594918992   36.031087540   -5.353784943
    2.268928028   -1.221730476  -23.392523349   11.911239856   -5.232983957
    2.443460953   -1.221730476  -23.371782954  -11.229646024   -6.134978083
    2.617993878   -1.221730476  -27.049954234  -29.996083414   -7.731585837
    2.792526803   -1.221730476  -33.431902022  -41.867759234   -9.476137272
    2.967059728   -1.221730476  -41.158139100  -45.315735497  -10.765616083

   -3.141592654   -1.047197551  -50.531506655  -40.201468918   -9.037576567
   -2.967059728   -1.047197551  -56.526263872  -27.813376041   -8.799832664
   -2.792526803   -1.047197551  -60.091057593  -13.089408360   -8.328916831
   -2.617993878   -1.047197551  -61.208568308   -0.405449682   -8.166545481
   -2.443460953   -1.047197551  -60.533891023    7.137530854   -8.698988805
   -2.268928028   -1.047197551  -59.066125998    8.768268823  -10.062603130
   -2.094395102   -1.047197551  -57.733979134    5.969675453  -12.257673081
   -1.919862177   -1.047197551  -57.086956988    1.369406013  -15.302953218
   -1.745329252   -1.047197551  -57.217701990   -2.608444312  -19.253587282
   -1.570796327   -1.047197551  -57.872609461   -4.493882904  -24.036493599
   -1.396263402   -1.047197551  -58.636659671   -3.874288378  -29.245605128
   -1.221730476   -1.047197551  -59.090629006   -1.048190519  -34.076340594
   -1.047197551   -1.047197551  -58.911224525    3.227426968  -37.483200443
   -0.872664626   -1.047197551  -57.932872419    7.899101667  -38.487535841
   -0.698131701   -1.047197551  -56.195658477   11.666588646  -36.512084004
   -0.523598776   -1.047197551  -53.987315633   13.085736275  -31.629322555
   -0.349065850   -1.047197551  -51.839891661   10.771094069  -24.615410561
   -0.174532925   -1.047197551  -50.493762618    3.808174782  -16.769026820
    0.000000000   -1.047197551  -50.773076769   -7.734000917   -9.574033409
    0.174532925   -1.047197551  -53.359811129  -22.234959392   -4.283451731
    0.349065850   -1.047197551  -58.491097322  -36.119396151   -1.562434889
    0.523598776   -1.047197551  -65.632056751  -44.385192931   -1.333965798
    0.698131701   -1.047197551  -73.353307976  -42.072427739   -2.851978960
    0.872664626   -1.047197551  -79.543668182  -26.787704344   -4.998108038
    1.047197551   -1.047197551  -82.050069233   -0.596943888   -6.700667104
    1.221730476   -1.047197551  -79.489340820   29.922566565   -7.285498300
    1.396263402   -1.047197551  -71.853535317   56.109564315   -6.656140549
    1.570796327   -1.047197551  -60.572260225   70.814094153   -5.215489984
    1.745329252   -1.047197551  -47.986451719   70.956182662   -3.599806445
    1.919862177   -1.047197551  -36.567916174   57.980990171   -2.403789099
    2.094395102   -1.047197551  -28.249124907   36.314178531   -2.010900623
    2.268928028   -1.047197551  -24.086513170   11.188618496   -2.535300089
    2.443460953   -1.047197551  -24.266080454  -12.741061340   -3.852643568
    2.617993878   -1.047197551  -28.245801899  -31.848354394   -5.624756155
    2.792526803   -1.047197551  -34.938779150  -43.482622561   -7.367687048
    2.967059728   -1.047197551  -42.888357790  -46.198185942   -8.595707830

   -3.141592654   -0.872664626  -51.719376079  -40.440574635   -4.323984250
   -2.967059728   -0.872664626  -57.728391138  -27.813623090   -4.823129552
   -2.792526803   -0.872664626  -61.307336384  -13.324444872   -5.571230159
   -2.617993878   -0.872664626  -62.515434772   -1.246712011   -6.866478190
   -2.443460953   -0.872664626  -62.050957658    5.571810635   -8.789224816
   -2.268928028   -0.872664626  -60.915911580    6.536532904  -11.227893991
   -2.094395102   -0.872664626  -60.027044429    3.123821212  -14.055619528
   -1.919862177   -0.872664626  -59.932874855   -2.130947979  -17.262438798
   -1.745329252   -0.872664626  -60.733774281   -6.777557581  -20.901015043
   -1.570796327   -0.872664626  -62.160231671   -9.097286922  -24.874058198
   -1.396263402   -0.872664626  -63.723778313   -8.298428665  -28.750060462
   -1.221730476   -0.872664626  -64.868694397   -4.380660015  -31.770219319
   -1.047197551   -0.872664626  -65.104859425    1.935427775  -33.072256884
   -0.872664626   -0.872664626  -64.123840997    9.290655822  -32.009355470
   -0.698131701   -0.872664626  -61.899811292   15.817764957  -28.420626120
   -0.523598776   -0.872664626  -58.763855336   19.415004942  -22.743763341
   -0.349065850   -0.872664626  -55.399951068   18.161222833  -15.941980776
   -0.174532925   -0.872664626  -52.770625570   10.888365906   -9.240610231
    0.000000000   -0.872664626  -51.933988143   -2.208310218   -3.800714110
    0.174532925   -0.872664626  -53.752269099  -19.027484727   -0.398116965
    0.349065850   -0.872664626  -58.537221042  -35.312671178    0.799902204
    0.523598776   -0.872664626  -65.707540296  -45.388563376    0.249100496
    0.698131701   -0.872664626  -73.688762328  -43.870598507   -1.152873296
    0.872664626   -0.872664626  -80.183570933  -28.333453721   -2.420841386
    1.047197551   -0.872664626  -82.882331587   -1.187528131   -2.859581855
    1.221730476   -0.872664626  -80.325181062   30.444569919   -2.281034276
    1.396263402   -0.872664626  -72.521719050   57.413550529   -0.984157030
    1.570796327   -0.872664626  -60.985352167   72.327210186    0.485415374
    1.745329252   -0.872664626  -48.158389441   72.129081048    1.620418949
    1.919862177   -0.872664626  -36.591799625   58.466974751    2.125348250
    2.094395102   -0.872664626  -28.258225526   36.001500534    1.933280546
    2.268928028   -0.872664626  -24.215837507   10.154831836    1.138984737
    2.443460953   -0.872664626  -24.622926841  -14.259852178   -0.073500470
    2.617993878   -0.872664626  -28.884849967  -33.494807446   -1.457557723
    2.792526803   -0.872664626  -35.846362694  -44.851159582   -2.738090953
    2.967059728   -0.872664626  -43.987822058  -47.001892413   -3.702039755

   -3.141592654   -0.698131701  -51.987818860  -41.363099081    1.167127575
   -2.967059728   -0.698131701  -58.187559335  -29.119984172   -0.595699867
   -2.792526803   -0.698131701  -62.044448546  -15.214585700   -3.089156052
   -2.617993878   -0.698131701  -63.634225848   -3.704296610   -6.181338183
   -2.443460953   -0.698131701  -63.633256272    2.763054113   -9.533331127
   -2.268928028   -0.698131701  -63.001541264    3.605903161  -12.785203776
   -2.094395102   -0.698131701  -62.628821303    0.133893603  -15.774811038
   -1.919862177   -0.698131701  -63.068668672   -5.281467269  -18.591550198
   -1.745329252   -0.698131701  -64.438769671  -10.139850990  -21.396863779
   -1.570796327   -0.698131701  -66.455657351  -12.427112043  -24.135860927
   -1.396263402   -0.698131701  -68.555134847  -10.981409609  -26.373269175
   -1.221730476   -0.698131701  -70.052999424   -5.608885497  -27.392948976
   -1.047197551   -0.698131701  -70.324969170    2.835299318  -26.516917446
   -0.872664626   -0.698131701  -68.981030939   12.541594760  -23.456185078
   -0.698131701   -0.698131701  -66.007460361   21.052514687  -18.510346822
   -0.523598776   -0.698131701  -61.846143801   25.748726507  -12.509481709
   -0.349065850   -0.698131701  -57.363128552   24.452335944   -6.568827617
   -0.174532925   -0.698131701  -53.719670587   16.055158574   -1.725860532
    0.000000000   -0.698131701  -52.135361950    1.107504206    1.347346336
    0.174532925   -0.698131701  -53.553856501  -17.740606424    2.506996497
    0.349065850   -0.698131701  -58.266260899  -35.659897461    2.159896439
    0.523598776   -0.698131701  -65.581078215  -46.542698502    1.102547872
    0.698131701   -0.698131701  -73.763908881  -44.889572313    0.250096770
    0.872664626   -0.698131701  -80.370498790  -28.528060345    0.279643723
    1.047197551   -0.698131701  -83.013790847   -0.379934902    1.369604545
    1.221730476   -0.698131701  -80.248636624   31.926830954    3.162048438
    1.396263402   -0.698131701  -72.169157717   58.987557446    4.997587223
    1.570796327   -0.698131701  -60.388989702   73.478571673    6.288707016
    1.745329252   -0.698131701  -47.418648895   72.606934446    6.774933619
    1.919862177   -0.698131701  -35.827296252   58.296310576    6.551509116
    2.094395102   -0.698131701  -27.568304577   35.355310512    5.907152674
    2.268928028   -0.698131701  -23.666169342    9.228940835    5.127297923
    2.443460953   -0.698131701  -24.246958747  -15.296077240    4.385698548
    2.617993878   -0.698131701  -28.689283471  -34.505190240    3.726794766
    2.792526803   -0.698131701  -35.817850994  -45.751116627    3.090061193
    2.967059728   -0.698131701  -44.107622178  -47.821892739    2.316197734

   -3.141592654   -0.523598776  -51.368589834  -43.358968088    5.599610048
   -2.967059728   -0.523598776  -58.003639159  -32.095715403    2.377837455
   -2.792526803   -0.523598776  -62.451969406  -18.944759941   -1.855964908
   -2.617993878   -0.523598776  -64.724011506   -7.695523254   -6.491729662
   -2.443460953   -0.523598776  -65.402142883   -0.949209158  -10.811691442
   -2.268928028   -0.523598776  -65.368994918    0.480817745  -14.314313927
   -2.094395102   -0.523598776  -65.491805759   -2.453663749  -16.923155587
   -1.919862177   -0.523598776  -66.355773927   -7.599626369  -18.919668011
   -1.745329252   -0.523598776  -68.120634775  -12.342875437  -20.623671022
   -1.570796327   -0.523598776  -70.498708875  -14.285404157  -22.037611774
   -1.396263402   -0.523598776  -72.849211328  -11.873965833  -22.715297722
   -1.221730476   -0.523598776  -74.365116545   -4.814159931  -21.962469472
   -1.047197551   -0.523598776  -74.317621646    5.728723367  -19.255166443
   -0.872664626   -0.523598776  -72.294852418   17.341652203  -14.623652668
   -0.698131701   -0.523598776  -68.372378568   26.955587069   -8.778072968
   -0.523598776   -0.523598776  -63.167477492   31.598487777   -2.882462042
   -0.349065850   -0.523598776  -57.749519534   29.153707500    1.861998409
   -0.174532925   -0.523598776  -53.439604419   18.917050993    4.667289150
    0.000000000   -0.523598776  -51.528073840    2.021323323    5.391462573
    0.174532925   -0.523598776  -52.927169514  -18.313604265    4.526682390
    0.349065850   -0.523598776  -57.809474316  -36.874577738    3.007165437
    0.523598776   -0.523598776  -65.321591225  -47.441564164    1.872421140
    0.698131701   -0.523598776  -73.577115615  -44.751130456    1.932822990
    0.872664626   -0.523598776  -80.048821103  -27.146379023    3.454041989
    1.047197551   -0.523598776  -82.367403867    1.844155086    6.058105587
    1.221730476   -0.523598776  -79.195754608   34.212997688    8.879534505
    1.396263402   -0.523598776  -70.768043129   60.592086828   10.990922948
    1.570796327   -0.523598776  -58.796757517   74.049379757   11.859376044
    1.745329252   -0.523598776  -45.811108182   72.270853937   11.533596820
    1.919862177   -0.523598776  -34.327501536   57.483521140   10.517308242
    2.094395102   -0.523598776  -26.218749933   34.512125742    9.436139798
    2.268928028   -0.523598776  -22.445737756    8.619424167    8.725596319
    2.443460953   -0.523598776  -23.109339972  -15.649386287    8.494812543
    2.617993878   -0.523598776  -27.602859712  -34.781176710    8.528501530
    2.792526803   -0.523598776  -34.794603517  -46.261763453    8.390732508
    2.967059728   -0.523598776  -43.220170229  -48.929344545    7.557285476

   -3.141592654   -0.349065850  -50.155264115  -46.487931105    7.852001259
   -2.967059728   -0.349065850  -57.459647818  -36.552164775    3.493319384
   -2.792526803   -0.349065850  -62.757046485  -24.070983834   -1.859766456
   -2.617993878   -0.349065850  -65.917908005  -12.607138043   -7.247648608
   -2.443460953   -0.349065850  -67.379160043   -4.924437640  -11.762417861
   -2.268928028   -0.349065850  -67.935614704   -2.303716908  -14.929910662
   -2.094395102   -0.349065850  -68.455333700   -4.287536367  -16.845532011
   -1.919862177   -0.349065850  -69.589823447   -8.934799836  -17.977390955
   -1.745329252   -0.349065850  -71.565025003  -13.419091276  -18.744651421
   -1.570796327   -0.349065850  -74.094837096  -14.863299561  -19.145966503
   -1.396263402   -0.349065850  -76.457307798  -11.307409344  -18.689664083
   -1.221730476   -0.349065850  -77.725005670   -2.448141339  -16.690253783
   -1.047197551   -0.349065850  -77.089344748   10.082283148  -12.757971345
   -0.872664626   -0.349065850  -74.167234061   23.144029250   -7.185291087
   -0.698131701   -0.349065850  -69.186439627   33.058173712   -0.988222019
   -0.523598776   -0.349065850  -62.987848638   36.666462650    4.457679144
   -0.349065850   -0.349065850  -56.851319571   32.201456424    7.958388612
   -0.174532925   -0.349065850  -52.212179782   19.655154686    8.993696763
    0.000000000   -0.349065850  -50.343710030    0.915798160    7.883422941
    0.174532925   -0.349065850  -52.025591774  -20.250387312    5.624854227
    0.349065850   -0.349065850  -57.231975606  -38.461941559    3.526486181
    0.523598776   -0.349065850  -64.916572736  -47.708155997    2.736526286
    0.698131701   -0.349065850  -73.067055639  -43.281567586    3.879689767
    0.872664626   -0.349065850  -79.146726410  -24.238958209    6.808278154
    1.047197551   -0.349065850  -80.896075215    5.267065199   10.664697717
    1.221730476   -0.349065850  -77.164496155   37.023944710   14.205051825
    1.396263402   -0.349065850  -68.362763051   61.987215714   16.352845062
    1.570796327   -0.349065850  -56.287312151   73.888958488   16.681706075
    1.745329252   -0.349065850  -43.433060260   71.052084469   15.522188385
    1.919862177   -0.349065850  -32.197537558   55.998729124   13.711550162
    2.094395102   -0.349065850  -24.320050993   33.432585243   12.136013157
    2.268928028   -0.349065850  -20.675646210    8.238140164   11.335664954
    2.443460953   -0.349065850  -21.352702332  -15.481082333   11.347562092
    2.617993878   -0.349065850  -25.803122135  -34.558852311   11.728717154
    2.792526803   -0.349065850  -32.999468852  -46.655115362   11.742318296
    2.967059728   -0.349065850  -41.593026722  -50.545417041   10.614117798

   -3.141592654   -0.174532925  -48.751997385  -50.384946160    7.868815088
   -2.967059728   -0.174532925  -56.863717595  -41.770509825    3.116348057
   -2.792526803   -0.174532925  -63.121436333  -29.669350578   -2.362358598
   -2.617993878   -0.174532925  -67.215179413  -17.540377266   -7.504115530
   -2.443460953   -0.174532925  -69.425120194   -8.503814346  -11.461375515
   -2.268928028   -0.174532925  -70.477445185   -4.443575639  -13.943187460
   -2.094395102   -0.174532925  -71.273472519   -5.409439144  -15.231626978
   -1.919862177   -0.174532925  -72.555814465   -9.580676154  -15.880202573
   -1.745329252   -0.174532925  -74.621993806  -13.804823577  -16.261883731
   -1.570796327   -0.174532925  -77.177043825  -14.668398467  -16.255094880
   -1.396263402   -0.174532925  -79.405571541   -9.841526951  -15.272683210
   -1.221730476   -0.174532925  -80.261371198    0.872482070  -12.642097641
   -1.047197551   -0.174532925  -78.880039135   15.244155793   -8.119010048
   -0.872664626   -0.174532925  -74.949470362   29.342279001   -2.222104824
   -0.698131701   -0.174532925  -68.893536203   38.929534780    3.832230767
   -0.523598776   -0.174532925  -61.801356875   40.826717946    8.597083994
   -0.349065850   -0.174532925  -55.152990785   33.834139094   10.989197300
   -0.174532925   -0.174532925  -50.451190880   18.823685482   10.755448820
    0.000000000   -0.174532925  -48.881905193   -1.484337858    8.555127165
    0.174532925   -0.174532925  -51.021206711  -22.846147391    5.689062932
    0.349065850   -0.174532925  -56.597390270  -39.908773639    3.631110447
    0.523598776   -0.174532925  -64.364969214  -47.124965644    3.494641275
    0.698131701   -0.174532925  -72.221964467  -40.567401966    5.681864921
    0.872664626   -0.174532925  -77.688282761  -20.109274382    9.711959300
    1.047197551   -0.174532925  -78.684762028    9.522864049   14.407201195
    1.221730476   -0.174532925  -74.297820647   40.082633359   18.326374597
    1.396263402   -0.174532925  -65.130256335   63.063935262   20.362057323
    1.570796327   -0.174532925  -53.042872953   73.032212116   20.198414098
    1.745329252   -0.174532925  -40.454973943   69.029476261   18.349851113
    1.919862177   -0.174532925  -29.598702228   53.850622555   15.847197635
    2.094395102   -0.174532925  -22.043917826   31.981408587   13.725601284
    2.268928028   -0.174532925  -18.565201231    7.792628361   12.590172223
    2.443460953   -0.174532925  -19.248127394  -15.193867940   12.445369344
    2.617993878   -0.174532925  -23.634236608  -34.252277601   12.729542623
    2.792526803   -0.174532925  -30.839855064  -47.215785778   12.562392054
    2.967059728   -0.174532925  -39.661077727  -52.676573553   11.088206677

   -3.141592654    0.000000000  -47.499167957  -54.388364651    6.263847908
   -2.967059728    0.000000000  -56.412167306  -46.794713219    1.960421590
   -2.792526803    0.000000000  -63.565277733  -34.722320327   -2.688412805
   -2.617993878    0.000000000  -68.472660384  -21.681709151   -6.766135950
   -2.443460953    0.000000000  -71.287441602  -11.267532652   -9.689715961
   -2.268928028    0.000000000  -72.707729240   -5.962747156  -11.434747010
   -2.094395102    0.000000000  -73.697052030   -6.203473833  -12.420609546
   -1.919862177    0.000000000  -75.091847468  -10.125675047  -13.147090463
   -1.745329252    0.000000000  -77.238927526  -14.144021240  -13.783689628
   -1.570796327    0.000000000  -79.803103195  -14.315007330  -13.976346877
   -1.396263402    0.000000000  -81.855292406   -8.051813835  -13.006267084
   -1.221730476    0.000000000  -82.234714383    4.579554909  -10.239035592
   -1.047197551    0.000000000  -80.049661136   20.644384943   -5.613923762
   -0.872664626    0.000000000  -75.097505045   35.422819486    0.132887306
   -0.698131701    0.000000000  -68.025699452   44.236476287    5.667051525
   -0.523598776    0.000000000  -60.172588584   44.059496945    9.598708164
   -0.349065850    0.000000000  -53.190052217   34.405705082   11.058265820
   -0.174532925    0.000000000  -48.601429032   17.087154193   10.064661497
    0.000000000    0.000000000  -47.456694887   -4.380308736    7.500248308
    0.174532925    0.000000000  -50.093285327  -25.392501453    4.769388721
    0.349065850    0.000000000  -55.983379230  -40.783780567    3.302046208
    0.523598776    0.000000000  -63.700463426  -45.624298202    4.039121298
    0.698131701    0.000000000  -71.093526514  -36.865073129    7.137678280
    0.872664626    0.000000000  -75.788212394  -15.194251780   11.882769755
    1.047197551    0.000000000  -75.926047636   14.189220668   16.950227719
    1.221730476    0.000000000  -70.848545896   43.141448246   20.886415119
    1.396263402    0.000000000  -61.346074904   63.806814078   22.666888421
    1.570796327    0.000000000  -49.325080890   71.633497402   22.084543163
    1.745329252    0.000000000  -37.106658113   66.386382373   19.734959390
    1.919862177    0.000000000  -26.736918098   51.108545976   16.696216942
    2.094395102    0.000000000  -19.600710279   30.032105495   14.033796282
    2.268928028    0.000000000  -16.364209146    6.966302936   12.377295459
    2.443460953    0.000000000  -17.111223415  -15.203153068   11.749795088
    2.617993878    0.000000000  -21.482030388  -34.221129680   11.601902578
    2.792526803    0.000000000  -28.746365201  -48.067901368   11.082479654
    2.967059728    0.000000000  -37.845182543  -55.069746804    9.409337100

   -3.141592654    0.174532925  -46.612298086  -57.839762749    3.770281447
   -2.967059728    0.174532925  -56.189951163  -50.821112018    0.526834608
   -2.792526803    0.174532925  -64.035931851  -38.493717740   -2.705601714
   -2.617993878    0.174532925  -69.529664170  -24.554820430   -5.316220592
   -2.443460953    0.174532925  -72.752860316  -13.095164273   -7.074491074
   -2.268928028    0.174532925  -74.422560823   -7.076553159   -8.214304237
   -2.094395102    0.174532925  -75.581663864   -7.113582267   -9.212096603
   -1.919862177    0.174532925  -77.140921021  -11.105545791  -10.406596859
   -1.745329252    0.174532925  -79.451890460  -14.953968380  -11.675469760
   -1.570796327    0.174532925  -82.093688759  -14.253941996  -12.391277786
   -1.396263402    0.174532925  -84.000845162   -6.339110218  -11.717242556
   -1.221730476    0.174532925  -83.908342724    8.275090928   -9.103004655
   -1.047197551    0.174532925  -80.932674180   25.865981807   -4.709124800
   -0.872664626    0.174532925  -75.017685136   40.993105488    0.525905649
   -0.698131701    0.174532925  -67.048201142   48.719169070    5.230129936
   -0.523598776    0.174532925  -58.591561686   46.360301687    8.187825176
   -0.349065850    0.174532925  -51.425788204   34.229396587    8.837848412
   -0.174532925    0.174532925  -47.046213346   15.031262491    7.485434844
    0.000000000    0.174532925  -46.335808961   -7.063880911    5.151955882
    0.174532925    0.174532925  -49.389741406  -27.258387399    3.189387019
    0.349065850    0.174532925  -55.447426142  -40.704575646    2.812066538
    0.523598776    0.174532925  -62.942393635  -43.157110070    4.664464528
    0.698131701    0.174532925  -69.720336861  -32.429865298    8.617964891
    0.872664626    0.174532925  -73.547613359   -9.929011616   13.777577403
    1.047197551    0.174532925  -72.800156592   18.824407988   18.794312693
    1.221730476    0.174532925  -67.063183077   45.902448931   22.348428514
    1.396263402    0.174532925  -57.290315113   64.130080404   23.612576490
    1.570796327    0.174532925  -45.412157347   69.785632649   22.528584909
    1.745329252    0.174532925  -33.642261299   63.283193079   19.733700118
    1.919862177    0.174532925  -23.841817314   47.872948405   16.258845113
    2.094395102    0.174532925  -17.214428648   27.541077001   13.101075289
    2.268928028    0.174532925  -14.317885823    5.566883052   10.862523013
    2.443460953    0.174532925  -15.228411924  -15.768239113    9.606724638
    2.617993878    0.174532925  -19.673870364  -34.648607788    8.889961105
    2.792526803    0.174532925  -27.060384702  -49.166125961    8.015980137
    2.967059728    0.174532925  -36.451520800  -57.360041033    6.373114074

   -3.141592654    0.349065850  -46.196693854  -60.330360106    0.948393746
   -2.967059728    0.349065850  -56.229250470  -53.443227698   -1.017253894
   -2.792526803    0.349065850  -64.503984331  -40.701756781   -2.711396848
   -2.617993878    0.349065850  -70.323942746  -26.070403822   -3.867634334
   -2.443460953    0.349065850  -73.759909777  -14.076702481   -4.579453248
   -2.268928028    0.349065850  -75.586932972   -7.983550317   -5.261206504
   -2.094395102    0.349065850  -76.930136429   -8.361390484   -6.366212332
   -1.919862177    0.349065850  -78.741879712  -12.705095759   -8.030610465
   -1.745329252    0.349065850  -81.327412551  -16.369131604   -9.856621869
   -1.570796327    0.349065850  -84.136509195  -14.602419633  -11.008879611
   -1.396263402    0.349065850  -85.953099390   -4.862149606  -10.619160089
   -1.221730476    0.349065850  -85.428048571   11.711801408   -8.286997563
   -1.047197551    0.349065850  -81.726006745   30.576423838   -4.402647834
   -0.872664626    0.349065850  -74.967901727   45.704465360   -0.041170556
   -0.698131701    0.349065850  -66.273052038   52.127529204    3.505817783
   -0.523598776    0.349065850  -57.396999262   47.689413025    5.318505522
   -0.349065850    0.349065850  -50.183012592   33.529236199    5.221666662
   -0.174532925    0.349065850  -46.047846086   13.112792147    3.809387378
    0.000000000    0.349065850  -45.689005408   -8.953874036    2.175189864
    0.174532925    0.349065850  -48.978664151  -27.885403018    1.507204224
    0.349065850    0.349065850  -54.972391719  -39.272037662    2.681816982
    0.523598776    0.349065850  -62.024713800  -39.571681591    5.945897979
    0.698131701    0.349065850  -68.033186879  -27.373657148   10.823352997
    0.872664626    0.349065850  -70.936318034   -4.634227283   16.232382911
    1.047197551    0.349065850  -69.343596069   23.005992963   20.850119334
    1.221730476    0.349065850  -63.051661539   47.966398614   23.586086530
    1.396263402    0.349065850  -53.132907050   63.756169883   23.925020147
    1.570796327    0.349065850  -41.508462712   67.371708628   22.051199920
    1.745329252    0.349065850  -30.274399301   59.731537026   18.683702006
    1.919862177    0.349065850  -21.118250243   44.205812471   14.780153488
    2.094395102    0.349065850  -15.080708434   24.541667604   11.199739012
    2.268928028    0.349065850  -12.621616440    3.563742172    8.450098924
    2.443460953    0.349065850  -13.804253104  -16.952650387    6.607988676
    2.617993878    0.349065850  -18.422431243  -35.548296332    5.361054376
    2.792526803    0.349065850  -25.986072856  -50.387202718    4.220119044
    2.967059728    0.349065850  -35.647865379  -59.255466965    2.778033435

   -3.141592654    0.523598776  -46.275518093  -61.778041517   -1.828751038
   -2.967059728    0.523598776  -56.545907362  -54.666443572   -2.631265774
   -2.792526803    0.523598776  -64.995799760  -41.460571328   -3.001376780
   -2.617993878    0.523598776  -70.908785869  -26.411936134   -2.969445575
   -2.443460953    0.523598776  -74.393612259  -14.375665962   -2.858306888
   -2.268928028    0.523598776  -76.305731507   -8.734671078   -3.157163003
   -2.094395102    0.523598776  -77.842465156   -9.837568479   -4.231206626
   -1.919862177    0.523598776  -79.962951871  -14.680309770   -6.028204588
   -1.745329252    0.523598776  -82.885817450  -18.104118139   -7.975001263
   -1.570796327    0.523598776  -85.907591717  -15.159121207   -9.181326329
   -1.396263402    0.523598776  -87.668234853   -3.607794233   -8.892578171
   -1.221730476    0.523598776  -86.767055843   14.682955224   -6.929608324
   -1.047197551    0.523598776  -82.454335886   34.410531325   -3.872802019
   -0.872664626    0.523598776  -75.041137760   49.165180976   -0.798628260
   -0.698131701    0.523598776  -65.853214618   54.187690774    1.249534849
   -0.523598776    0.523598776  -56.771661856   47.990021399    1.772307365
   -0.349065850    0.523598776  -49.633326683   32.486618055    1.020984444
   -0.174532925    0.523598776  -45.728609859   11.702601590   -0.162140188
    0.000000000    0.523598776  -45.563761679   -9.581342509   -0.695921954
    0.174532925    0.523598776  -48.824608888  -26.809327096    0.351847257
    0.349065850    0.523598776  -54.449237368  -36.120172634    3.441419062
    0.523598776    0.523598776  -60.788609079  -34.673486184    8.362211213
    0.698131701    0.523598776  -65.857485361  -21.713714332   14.245748520
    0.872664626    0.523598776  -67.801545168    0.463630702   19.800730614
    1.047197551    0.523598776  -65.458098113   26.348031826   23.743377176
    1.221730476    0.523598776  -58.790204739   48.883216143   25.263688181
    1.396263402    0.523598776  -48.925927880   62.282829171   24.249386493
    1.570796327    0.523598776  -37.725229578   64.126998997   21.228739655
    1.745329252    0.523598776  -27.145724735   55.635669739   17.078273532
    1.919862177    0.523598776  -18.712745408   40.148406323   12.701483391
    2.094395102    0.523598776  -13.331881518   21.143624037    8.782348758
    2.268928028    0.523598776  -11.387408612    1.072284458    5.669661933
    2.443460953    0.523598776  -12.932253112  -18.659995880    3.395187243
    2.617993878    0.523598776  -17.805261081  -36.829811334    1.747842609
    2.792526803    0.523598776  -25.584123555  -51.625482260    0.435399045
    2.967059728    0.523598776  -35.475276752  -60.641499590   -0.754347981

   -3.141592654    0.698131701  -46.808010731  -62.340448822   -4.190911679
   -2.967059728    0.698131701  -57.136493652  -54.756256835   -4.106542064
   -2.792526803    0.698131701  -65.560746029  -41.097799226   -3.504830512
   -2.617993878    0.698131701  -71.389689173  -25.877174047   -2.631720352
   -2.443460953    0.698131701  -74.800506609  -14.146560673   -1.932105832
   -2.268928028    0.698131701  -76.733155852   -9.253196119   -1.870884203
   -2.094395102    0.698131701  -78.437421941  -11.217981104   -2.678127263
   -1.919862177    0.698131701  -80.849858840  -16.539396981   -4.155229744
   -1.745329252    0.698131701  -84.083584369  -19.658376885   -5.688715730
   -1.570796327    0.698131701  -87.288550703  -15.593606235   -6.518890027
   -1.396263402    0.698131701  -88.994489454   -2.535282336   -6.160640599
   -1.221730476    0.698131701  -87.792626239   16.941176361   -4.705281180
   -1.047197551    0.698131701  -83.044885499   36.957246135   -2.833830375
   -0.872664626    0.698131701  -75.237062943   50.988247248   -1.440829666
   -0.698131701    0.698131701  -65.841637242   54.695616011   -1.135731595
   -0.523598776    0.698131701  -56.782565473   47.306326896   -1.898740397
   -0.349065850    0.698131701  -49.816449578   31.357018597   -3.070665057
   -0.174532925    0.698131701  -46.072119580   11.169504382   -3.664630769
    0.000000000    0.698131701  -45.877193296   -8.569915484   -2.739192128
    0.174532925    0.698131701  -48.784289654  -23.724702328    0.282841726
    0.349065850    0.698131701  -53.691130823  -31.059243693    5.398775685
    0.523598776    0.698131701  -59.025882194  -28.408848942   11.941115043
    0.698131701    0.698131701  -62.987855261  -15.535275506   18.677931636
    0.872664626    0.698131701  -63.964351708    5.152418632   24.148232734
    1.047197551    0.698131701  -61.010901993   28.539389072   27.148442336
    1.221730476    0.698131701  -54.205094411   48.297330398   27.181785105
    1.396263402    0.698131701  -44.656285677   59.382902425   24.574382516
    1.570796327    0.698131701  -34.098635279   59.824488874   20.235982479
    1.745329252    0.698131701  -24.319900936   50.911257182   15.232915331
    1.919862177    0.698131701  -16.691106778   35.756100044   10.427237408
    2.094395102    0.698131701  -12.014886660   17.499099358    6.311859880
    2.268928028    0.698131701  -10.631588511   -1.718766654    3.036978964
    2.443460953    0.698131701  -12.596513400  -20.716764873    0.537262481
    2.617993878    0.698131701  -17.780130160  -38.369465880   -1.345711104
    2.792526803    0.698131701  -25.796877176  -52.830832947   -2.747542157
    2.967059728    0.698131701  -35.875341429  -61.564002576   -3.714485847

   -3.141592654    0.872664626  -47.692715199  -62.255338933   -5.880247187
   -2.967059728    0.872664626  -57.950239225  -54.046448856   -5.209958475
   -2.792526803    0.872664626  -66.210111842  -39.976670243   -3.989861236
   -2.617993878    0.872664626  -71.837132923  -24.764115278   -2.600173984
   -2.443460953    0.872664626  -75.090021515  -13.522677498   -1.517281786
   -2.268928028    0.872664626  -76.982088336   -9.438639308   -1.108658588
   -2.094395102    0.872664626  -78.789366537  -12.169511147   -1.445136045
   -1.919862177    0.872664626  -81.404644509  -17.809829704   -2.235048184
   -1.745329252    0.872664626  -84.839898432  -20.585575153   -2.953704009
   -1.570796327    0.872664626  -88.135798612  -15.656453945   -3.131342662
   -1.396263402    0.872664626  -89.769412142   -1.682462257   -2.662444682
   -1.221730476    0.872664626  -88.371715656   18.206975769   -1.905965310
   -1.047197551    0.872664626  -83.423235191   37.857251081   -1.517334634
   -0.872664626    0.872664626  -75.536503511   50.929655532   -2.026507768
   -0.698131701    0.872664626  -66.241554053   53.650144635   -3.465357953
   -0.523598776    0.872664626  -57.410665127   45.884253752   -5.261843925
   -0.349065850    0.872664626  -50.655804714   30.530449228   -6.436276286
   -0.174532925    0.872664626  -46.932095416   11.896966552   -6.012217293
    0.000000000    0.872664626  -46.426475947   -5.673568886   -3.345446416
    0.174532925    0.872664626  -48.629451842  -18.591765812    1.681296017
    0.349065850    0.872664626  -52.481249459  -24.253083272    8.581191794
    0.523598776    0.872664626  -56.562018319  -21.084196925   16.294718416
    0.698131701    0.872664626  -59.309108883   -9.195552863   23.355257962
    0.872664626    0.872664626  -59.369911053    9.111509473   28.277535446
    1.047197551    0.872664626  -55.995786081   29.347887075   30.047200347
    1.221730476    0.872664626  -49.321595854   46.078282857   28.512004199
    1.396263402    0.872664626  -40.363943356   55.015059535   24.396280888
    1.570796327    0.872664626  -30.669331920   54.495456172   18.917621132
    1.745329252    0.872664626  -21.826497588   45.653218855   13.268830409
    1.919862177    0.872664626  -15.061154744   31.182308878    8.241426964
    2.094395102    0.872664626  -11.106567463   13.807169520    4.136131361
    2.268928028    0.872664626  -10.294209821   -4.592520265    0.907529680
    2.443460953    0.872664626  -12.700523724  -22.927776365   -1.619962124
    2.617993878    0.872664626  -18.221630739  -40.038373442   -3.584999319
    2.792526803    0.872664626  -26.485226044  -53.980755424   -5.009978986
    2.967059728    0.872664626  -36.716173282  -62.131528958   -5.810992370

   -3.141592654    1.047197551  -48.822304253  -61.773735928   -7.054740228
   -2.967059728    1.047197551  -58.930628515  -52.857875822   -6.059349643
   -2.792526803    1.047197551  -66.944620980  -38.418921017   -4.504258804
   -2.617993878    1.047197551  -72.302273442  -23.315365344   -2.838253610
   -2.443460953    1.047197551  -75.343505213  -12.597891752   -1.508639745
   -2.268928028    1.047197551  -77.134262125   -9.199846340   -0.749812333
   -2.094395102    1.047197551  -78.949116523  -12.438888883   -0.479392537
   -1.919862177    1.047197551  -81.625960076  -18.167325546   -0.371068009
   -1.745329252    1.047197551  -85.100226008  -20.623461402   -0.085504312
   -1.570796327    1.047197551  -88.363147761  -15.259553359    0.465574049
   -1.396263402    1.047197551  -89.909225355   -1.159445418    0.979928896
   -1.221730476    1.047197551  -88.451313168   18.261994630    0.893588201
   -1.047197551    1.047197551  -83.572480152   36.943533087   -0.291882570
   -0.872664626    1.047197551  -75.936294752   49.016433167   -2.616406686
   -0.698131701    1.047197551  -67.023771612   51.321102909   -5.486763502
   -0.523598776    1.047197551  -58.562713158   44.166798623   -7.835463349
   -0.349065850    1.047197551  -51.976167269   30.475013240   -8.503513934
   -0.174532925    1.047197551  -48.061781914   14.210426314   -6.689054463
    0.000000000    1.047197551  -46.930347162   -0.839290366   -2.183765771
    0.174532925    1.047197551  -48.097854219  -11.683017356    4.593442477
    0.349065850    1.047197551  -50.631001227  -16.257556592   12.684816889
    0.523598776    1.047197551  -53.321036902  -13.404194894   20.752218003
    0.698131701    1.047197551  -54.867601181   -3.358643381   27.292909585
    0.872664626    1.047197551  -54.163643293   11.894087224   31.018726939
    1.047197551    1.047197551  -50.609605269   28.635713908   31.265028753
    1.221730476    1.047197551  -44.334527676   42.373214070   28.256491488
    1.396263402    1.047197551  -36.200916029   49.500700981   23.014749324
    1.570796327    1.047197551  -27.527685897   48.505762008   16.896748901
    1.745329252    1.047197551  -19.694922030   40.185205727   11.069580071
    1.919862177    1.047197551  -13.801610505   26.685449708    6.177067012
    2.094395102    1.047197551  -10.545129489   10.278500421    2.328607925
    2.268928028    1.047197551  -10.279346836   -7.366205563   -0.679802706
    2.443460953    1.047197551  -13.118998178  -25.141846170   -3.104023855
    2.617993878    1.047197551  -18.982967152  -41.747123654   -5.063842821
    2.792526803    1.047197551  -27.495041483  -55.087139346   -6.494004611
    2.967059728    1.047197551  -37.856337862  -62.480420073   -7.209075674

   -3.141592654    1.221730476  -50.162237800  -61.122293570   -8.449678487
   -2.967059728    1.221730476  -60.086094006  -51.447231913   -7.367754747
   -2.792526803    1.221730476  -67.815914763  -36.652545115   -5.693003620
   -2.617993878    1.221730476  -72.869921461  -21.674625380   -3.890461780
   -2.443460953    1.221730476  -75.660929149  -11.399552615   -2.347437104
   -2.268928028    1.221730476  -77.284176790   -8.450983078   -1.170531545
   -2.094395102    1.221730476  -78.989287384  -11.872033472   -0.166020192
   -1.919862177    1.221730476  -81.558950066  -17.464915752    0.962045739
   -1.745329252    1.221730476  -84.890164338  -19.704863777    2.309628228
   -1.570796327    1.221730476  -87.993796431  -14.440231498    3.568186774
   -1.396263402    1.221730476  -89.449485999   -1.055564208    4.079724305
   -1.221730476    1.221730476  -88.079144348   17.078252084    3.178502603
   -1.047197551    1.221730476  -83.531430019   34.361447273    0.625383685
   -0.872664626    1.221730476  -76.430945361   45.609170101   -3.094854493
   -0.698131701    1.221730476  -68.104681774   48.226383905   -6.829982209
   -0.523598776    1.221730476  -60.060587510   42.691273422   -9.157636000
   -0.349065850    1.221730476  -53.515495481   31.589401401   -8.902319536
   -0.174532925    1.221730476  -49.151627852   18.237917023   -5.560924166
    0.000000000    1.221730476  -47.086566303    5.713405100    0.575780113
    0.174532925    1.221730476  -46.956801943   -3.570249527    8.552136716
    0.349065850    1.221730476  -48.032958581   -7.915188121   17.004363732
    0.523598776    1.221730476  -49.354355263   -6.310215504   24.452015978
    0.698131701    1.221730476  -49.871246865    1.162548732   29.558243913
    0.872664626    1.221730476  -48.668301905   13.023940040   31.447707940
    1.047197551    1.221730476  -45.220345456   26.364668474   29.955913742
    1.221730476    1.221730476  -39.582973984   37.530198075   25.702595630
    1.396263402    1.221730476  -32.423732076   43.405189591   19.879533784
    1.570796327    1.221730476  -24.827304782   42.440001386   13.779887970
    1.745329252    1.221730476  -17.985798198   34.973202996    8.357702329
    1.919862177    1.221730476  -12.905808636   22.572043827    4.008010970
    2.094395102    1.221730476  -10.282344168    7.091493255    0.644934295
    2.268928028    1.221730476  -10.514986349   -9.937210739   -2.044709877
    2.443460953    1.221730476  -13.766236863  -27.302053641   -4.342814006
    2.617993878    1.221730476  -19.972640411  -43.488393970   -6.325302385
    2.792526803    1.221730476  -28.739476264  -56.215626039   -7.842070666
    2.967059728    1.221730476  -39.227895556  -62.763415230   -8.618816879

   -3.141592654    1.396263402  -51.824729141  -60.522767488  -10.854477455
   -2.967059728    1.396263402  -61.566580323  -50.017188955   -9.880993787
   -2.792526803    1.396263402  -69.004067899  -34.812711356   -8.221803383
   -2.617993878    1.396263402  -73.735384994  -19.878330440   -6.325732268
   -2.443460953    1.396263402  -76.235392816   -9.869996867   -4.520567251
   -2.268928028    1.396263402  -77.609398104   -7.081363477   -2.825378355
   -2.094395102    1.396263402  -79.068014439  -10.367820416   -0.998869751
   -1.919862177    1.396263402  -81.348992956  -15.663546082    1.171327645
   -1.745329252    1.396263402  -84.354666575  -17.860455566    3.532884740
   -1.570796327    1.396263402  -87.180482083  -13.242449420    5.442008023
   -1.396263402    1.396263402  -88.544118755   -1.321004064    5.997891182
   -1.221730476    1.396263402  -87.384393996   14.903610442    4.544629453
   -1.047197551    1.396263402  -83.365439779   30.592687417    1.145813714
   -0.872664626    1.396263402  -76.985703961   41.352282831   -3.256634830
   -0.698131701    1.396263402  -69.333989899   45.015677971   -7.120158654
   -0.523598776    1.396263402  -61.653484384   41.930484643   -8.870303177
   -0.349065850    1.396263402  -54.966165458   34.035371357   -7.475629193
   -0.174532925    1.396263402  -49.897460170   23.776345417   -2.794680990
    0.000000000    1.396263402  -46.657159475   13.437717004    4.419496523
    0.174532925    1.396263402  -45.088487830    4.932641447   12.778238853
    0.349065850    1.396263402  -44.726101020   -0.185258802   20.647766275
    0.523598776    1.396263402  -44.869374313   -0.741467592   26.554315214
    0.698131701    1.396263402  -44.675878739    3.637004723   29.480429823
    0.872664626    1.396263402  -43.336762913   12.138862461   29.096287319
    1.047197551    1.396263402  -40.306102858   22.608154090   25.809813606
    1.221730476    1.396263402  -35.498164994   31.990790723   20.614901068
    1.396263402    1.396263402  -29.366589562   37.366893472   14.752869501
    1.570796327    1.396263402  -22.788608358   36.934231753    9.283621023
    1.745329252    1.396263402  -16.819887194   30.507107490    4.793980071
    1.919862177    1.396263402  -12.426121176   19.135902296    1.343451761
    2.094395102    1.396263402  -10.334806761    4.370386562   -1.358085498
    2.268928028    1.396263402  -11.006664951  -12.292954992   -3.694341627
    2.443460953    1.396263402  -14.651835001  -29.461817637   -5.922452413
    2.617993878    1.396263402  -21.213862249  -45.363360216   -8.040637890
    2.792526803    1.396263402  -30.263529285  -57.516417281   -9.799051532
    2.967059728    1.396263402  -40.906186192  -63.177257108  -10.828489147

   -3.141592654    1.570796327  -54.020506858  -60.151779052  -14.533671853
   -2.967059728    1.570796327  -63.610005989  -48.696700073  -13.768372802
   -2.792526803    1.570796327  -70.762856418  -32.948656526  -12.165268150
   -2.617993878    1.570796327  -75.153420793  -17.890910136  -10.150079077
   -2.443460953    1.570796327  -77.310333727   -7.924311899   -8.017849231
   -2.268928028    1.570796327  -78.338841284   -5.021592845   -5.759453676
   -2.094395102    1.570796327  -79.408090233   -7.932996048   -3.150606757
   -1.919862177    1.570796327  -81.228123264  -12.858463302   -0.086875517
   -1.745329252    1.570796327  -83.746092793  -15.211403889    3.084287252
   -1.570796327    1.570796327  -86.190102507  -11.688359024    5.513124356
   -1.396263402    1.570796327  -87.445173121   -1.744427963    6.211738496
   -1.221730476    1.570796327  -86.556119458   12.251186022    4.638396649
   -1.047197551    1.570796327  -83.150445936   26.401407612    1.143041128
   -0.872664626    1.570796327  -77.533005449   37.089649225   -3.028031175
   -0.698131701    1.570796327  -70.506664475   42.381312361   -6.185435232
   -0.523598776    1.570796327  -63.044086032   42.222173036   -6.846996564
   -0.349065850    1.570796327  -56.010971804   37.696894173   -4.279582539
   -0.174532925    1.570796327  -50.040711745   30.284550256    1.283408881
    0.000000000    1.570796327  -45.506318679   21.495281332    8.748617080
    0.174532925    1.570796327  -42.516884659   12.862632812   16.497217485
    0.349065850    1.570796327  -40.900839747    6.013524846   22.836609666
    0.523598776    1.570796327  -40.202540792    2.567339375   26.461993321
    0.698131701    1.570796327  -39.722543161    3.612745618   26.763974973
    0.872664626    1.570796327  -38.660156052    9.118079011   23.975082402
    1.047197551    1.570796327  -36.350684935   17.562765645   19.034778838
    1.221730476    1.570796327  -32.507566603   26.185510126   13.234382405
    1.396263402    1.570796327  -27.370781680   31.921180723    7.766088790
    1.570796327    1.570796327  -21.660374046   32.494561626    3.359700228
    1.745329252    1.570796327  -16.367590288   27.168856856    0.158552141
    1.919862177    1.570796327  -12.480192892   16.599169751   -2.154196158
    2.094395102    1.570796327  -10.794467736    2.192286913   -4.078148203
    2.268928028    1.570796327  -11.842663350  -14.461462171   -6.047727946
    2.443460953    1.570796327  -15.875303680  -31.716885475   -8.265030110
    2.617993878    1.570796327  -22.826896828  -47.511347070  -10.623939313
    2.792526803    1.570796327  -32.214562434  -59.159625755  -12.755180893
    2.967059728    1.570796327  -43.069898055  -63.908129345  -14.179181678

   -3.141592654    1.745329252  -56.926866283  -60.058305295  -18.815621512
   -2.967059728    1.745329252  -66.399529701  -47.501791327  -18.235454142
   -2.792526803    1.745329252  -73.274686534  -31.036678845  -16.651810695
   -2.617993878    1.745329252  -77.299852352  -15.666751761  -14.479799853
   -2.443460953    1.745329252  -79.055139610   -5.545204607  -12.020786743
   -2.268928028    1.745329252  -79.646153215   -2.348434249   -9.297730319
   -2.094395102    1.745329252  -80.208029943   -4.777625458   -6.152644329
   -1.919862177    1.745329252  -81.441348865   -9.358833112   -2.578051064
   -1.745329252    1.745329252  -83.363603794  -12.041948888    0.987429685
   -1.570796327    1.745329252  -85.356419260   -9.860869138    3.667296054
   -1.396263402    1.745329252  -86.471909221   -2.059288315    4.566816793
   -1.221730476    1.745329252  -85.832994648    9.770960286    3.347334575
   -1.047197551    1.745329252  -82.985693788   22.703866815    0.579467947
   -0.872664626    1.745329252  -78.005815922   33.764590579   -2.396316625
   -0.698131701    1.745329252  -71.408880774   41.017721532   -4.025040418
   -0.523598776    1.745329252  -63.935373026   43.799809848   -3.170236727
   -0.349065850    1.745329252  -56.359004634   42.271424790    0.468354603
   -0.174532925    1.745329252  -49.385011876   37.007685733    6.306609443
    0.000000000    1.745329252  -43.594514588   28.885103449   13.083105246
    0.174532925    1.745329252  -39.380395643   19.223072163   19.208867000
    0.349065850    1.745329252  -36.853145405    9.899849250   23.187099815
    0.523598776    1.745329252  -35.758128048    3.165005916   24.045615317
    0.698131701    1.745329252  -35.464181215    0.975543351   21.613779677
    0.872664626    1.745329252  -35.086744805    4.111269288   16.601919566
    1.047197551    1.745329252  -33.760786741   11.537329499   10.338620446
    1.221730476    1.745329252  -30.957615083   20.482251526    4.283899585
    1.396263402    1.745329252  -26.719081108   27.421277865   -0.495175317
    1.570796327    1.745329252  -21.668556936   29.414818517   -3.620523063
    1.745329252    1.745329252  -16.810536880   25.172316831   -5.381296332
    1.919862177    1.745329252  -13.219734081   15.091788364   -6.451007266
    2.094395102    1.745329252  -11.797061921    0.612306053   -7.526409684
    2.268928028    1.745329252  -13.154302139  -16.444659305   -9.083849144
    2.443460953    1.745329252  -17.571780078  -34.106824274  -11.262946305
    2.617993878    1.745329252  -24.955730224  -49.992557507  -13.845855354
    2.792526803    1.745329252  -34.747906165  -61.213557479  -16.338389078
    2.967059728    1.745329252  -45.886177840  -65.021251375  -18.146344413

   -3.141592654    1.919862177  -60.543791462  -60.156258979  -22.422112261
   -2.967059728    1.919862177  -69.921504029  -46.362715911  -21.893158625
   -2.792526803    1.919862177  -76.515585456  -29.031128991  -20.250414625
   -2.617993878    1.919862177  -80.146373393  -13.208421019  -17.914557234
   -2.443460953    1.919862177  -81.449467742   -2.830945930  -15.222004574
   -2.268928028    1.919862177  -81.540511599    0.690347188  -12.268483653
   -2.094395102    1.919862177  -81.534948344   -1.314868611   -8.988565118
   -1.919862177    1.919862177  -82.138115059   -5.675053006   -5.438209203
   -1.745329252    1.919862177  -83.443039535   -8.798507715   -2.025182179
   -1.570796327    1.919862177  -84.972794798   -7.940842691    0.535315995
   -1.396263402    1.919862177  -85.914715429   -2.036241165    1.614835577
   -1.221730476    1.919862177  -85.428244725    8.103632086    1.141840790
   -1.047197551    1.919862177  -82.947483704   20.389712737   -0.189148144
   -0.872664626    1.919862177  -78.322745029   32.246220867   -1.171666775
   -0.698131701    1.919862177  -71.829758341   41.497651462   -0.653960173
   -0.523598776    1.919862177  -64.056791504   46.755754230    1.942124680
   -0.349065850    1.919862177  -55.769384870   47.334433322    6.401831094
   -0.174532925    1.919862177  -47.800920855   43.124542354   11.854156762
    0.000000000    1.919862177  -40.953576230   34.626517493   17.057320938
    0.174532925    1.919862177  -35.876027492   23.146224173   20.707072833
    0.349065850    1.919862177  -32.905278352   10.931597978   21.738757321
    0.523598776    1.919862177  -31.917351096    0.917202280   19.645542280
    0.698131701    1.919862177  -32.273468821   -4.064426680   14.681131115
    0.872664626    1.919862177  -32.933696586   -2.487437604    7.891360301
    1.047197551    1.919862177  -32.781483923    4.938757048    0.796828134
    1.221730476    1.919862177  -31.030142953   15.189032716   -5.132856490
    1.396263402    1.919862177  -27.550888604   24.047561904   -9.019751075
    1.570796327    1.919862177  -22.930080404   27.781023446  -10.812387554
    1.745329252    1.919862177  -18.255204878   24.561135819  -11.158059906
    1.919862177    1.919862177  -14.744442888   14.652472376  -11.012602022
    2.094395102    1.919862177  -13.434553355   -0.318217267  -11.227139980
    2.268928028    1.919862177  -15.022992963  -18.173916648  -12.303721158
    2.443460953    1.919862177  -19.809115751  -36.546462817  -14.321289854
    2.617993878    1.919862177  -27.652046200  -52.709067331  -16.960508938
    2.792526803    1.919862177  -37.897538598  -63.574814110  -19.620087280
    2.967059728    1.919862177  -49.371219141  -66.417709974  -21.614047822

   -3.141592654    2.094395102  -64.633870330  -60.246857566  -24.090848258
   -2.967059728    2.094395102  -73.910481897  -45.159085585  -23.449502183
   -2.792526803    2.094395102  -80.206748670  -26.901215274  -21.683421918
   -2.617993878    2.094395102  -83.417275608  -10.585156783  -19.218943000
   -2.443460953    2.094395102  -84.239949172    0.027015504  -16.430355254
   -2.268928028    2.094395102  -83.814660571    3.754325781  -13.500290034
   -2.094395102    2.094395102  -83.254106421    1.970231201  -10.464732483
   -1.919862177    2.094395102  -83.276134747   -2.361703310   -7.408522691
   -1.745329252    2.094395102  -84.034329753   -5.952604865   -4.606401263
   -1.570796327    2.094395102  -85.151077611   -6.139117070   -2.463441064
   -1.396263402    2.094395102  -85.890719630   -1.516990024   -1.220108328
   -1.221730476    2.094395102  -85.400520249    7.741988351   -0.667701114
   -1.047197551    2.094395102  -82.991610556   20.106015648   -0.112925865
   -0.872664626    2.094395102  -78.331388238   33.086057655    1.302602279
   -0.698131701    2.094395102  -71.545232346   44.061623491    4.125174968
   -0.523598776    2.094395102  -63.177923434   50.917775158    8.268439475
   -0.349065850    2.094395102  -54.076363711   52.333882670   13.028903366
   -0.174532925    2.094395102  -45.241977588   47.851883659   17.378133921
    0.000000000    2.094395102  -37.678313462   37.923441579   20.278848756
    0.174532925    2.094395102  -32.222273732   24.046288103   20.902058756
    0.349065850    2.094395102  -29.347437244    8.889453827   18.762288000
    0.523598776    2.094395102  -28.972999678   -3.993965127   13.874322153
    0.698131701    2.094395102  -30.382794675  -11.024801929    6.860711749
    0.872664626    2.094395102  -32.336628866  -10.087201839   -1.052948444
    1.047197551    2.094395102  -33.450417552   -1.728858305   -8.350742425
    1.221730476    2.094395102  -32.691929760   10.605276274  -13.713987792
    1.396263402    2.094395102  -29.800137608   21.883359563  -16.516997612
    1.570796327    2.094395102  -25.378168831   27.533894249  -16.999721140
    1.745329252    2.094395102  -20.650354657   25.234001940  -16.067499194
    1.919862177    2.094395102  -17.018431179   15.216804054  -14.849199486
    2.094395102    2.094395102  -15.675740081   -0.584567345  -14.273450003
    2.268928028    2.094395102  -17.406988981  -19.544320473  -14.830247730
    2.443460953    2.094395102  -22.519787363  -38.849254329  -16.534062833
    2.617993878    2.094395102  -30.810101186  -55.415499848  -18.984630500
    2.792526803    2.094395102  -41.512155507  -65.973254447  -21.513235639
    2.967059728    2.094395102  -53.327455057  -67.844218468  -23.393506421

   -3.141592654    2.268928028  -68.781232415  -60.131648496  -22.962653327
   -2.967059728    2.268928028  -77.925425660  -43.801382945  -22.081354902
   -2.792526803    2.268928028  -83.900766768  -24.660972572  -20.183159623
   -2.617993878    2.268928028  -86.675339851   -7.897255486  -17.677059021
   -2.443460953    2.268928028  -87.013685991    2.850699870  -14.944945207
   -2.268928028    2.268928028  -86.093794746    6.584563444  -12.235173809
   -2.094395102    2.268928028  -85.042454600    4.748406205   -9.669677304
   -1.919862177    2.268928028  -84.592420572    0.236070648   -7.330298471
   -1.745329252    2.268928028  -84.928940495   -3.763215507   -5.299791470
   -1.570796327    2.268928028  -85.712560543   -4.524274950   -3.607040652
   -1.396263402    2.268928028  -86.213493655   -0.348360030   -2.084232307
   -1.221730476    2.268928028  -85.522797307    8.974244378   -0.314284702
   -1.047197551    2.268928028  -82.841925191   22.094144452    2.239728291
   -0.872664626    2.268928028  -77.731545882   36.292910562    5.920268634
   -0.698131701    2.268928028  -70.281628884   48.391253483   10.583265752
   -0.523598776    2.268928028  -61.107369623   55.679451941   15.528650374
   -0.349065850    2.268928028  -51.209739245   56.516668887   19.731383377
   -0.174532925    2.268928028  -41.768993043   50.471219859   22.207369035
    0.000000000    2.268928028  -33.939696824   38.256190237   22.286623431
    0.174532925    2.268928028  -28.654801748   21.717173278   19.702929387
    0.349065850    2.268928028  -26.419909972    3.927656188   14.567871631
    0.523598776    2.268928028  -27.108565073  -11.084566712    7.376730012
    0.698131701    2.268928028  -29.870146243  -19.206607065   -0.967435781
    0.872664626    2.268928028  -33.245216852  -17.947140496   -9.197058620
    1.047197551    2.268928028  -35.597624624   -7.861199490  -15.961884094
    1.221730476    2.268928028  -35.688791057    7.082130603  -20.238353236
    1.396263402    2.268928028  -33.175538043   21.007491660  -21.724202335
    1.570796327    2.268928028  -28.726558289   28.553864314  -20.930118400
    1.745329252    2.268928028  -23.739372883   26.991370860  -18.920724426
    1.919862177    2.268928028  -19.818619456   16.615655003  -16.870992846
    2.094395102    2.268928028  -18.318751285   -0.252585884  -15.678821926
    2.268928028    2.268928028  -20.104406492  -20.489014090  -15.757971630
    2.443460953    2.268928028  -25.478842430  -40.822488090  -17.040487077
    2.617993878    2.268928028  -34.162717748  -57.829528295  -19.067976058
    2.792526803    2.268928028  -45.271473968  -68.093618557  -21.157888836
    2.967059728    2.268928028  -57.381509342  -69.017838618  -22.615843666

   -3.141592654    2.443460953  -72.464760319  -59.662127218  -18.771654288
   -2.967059728    2.443460953  -81.430409731  -42.267146999  -17.617304684
   -2.792526803    2.443460953  -87.067496477  -22.392249444  -15.665226914
   -2.617993878    2.443460953  -89.410623323   -5.286344093  -13.258727984
   -2.443460953    2.443460953  -89.287453185    5.482275344  -10.728292101
   -2.268928028    2.443460953  -87.921388043    9.037695640   -8.336402309
   -2.094395102    2.443460953  -86.465317784    6.918111218   -6.253247410
   -1.919862177    2.443460953  -85.664020629    2.091702493   -4.531277438
   -1.745329252    2.443460953  -85.699637185   -2.150853793   -3.055298996
   -1.570796327    2.443460953  -86.206871643   -2.916227245   -1.513808513
   -1.396263402    2.443460953  -86.397619021    1.671295889    0.568635087
   -1.221730476    2.443460953  -85.283215078   11.873883933    3.657294025
   -1.047197551    2.443460953  -81.997253634   26.135641506    7.967796995
   -0.872664626    2.443460953  -76.092699864   41.272756864   13.240645333
   -0.698131701    2.443460953  -67.741547391   53.577629511   18.701705020
   -0.523598776    2.443460953  -57.720400903   60.011604765   23.245619762
   -0.349065850    2.443460953  -47.217159433   58.975530925   25.805577185
   -0.174532925    2.443460953  -37.562624866   50.389520926   25.677134795
    0.000000000    2.443460953  -29.987483272   35.430620672   22.669551725
    0.174532925    2.443460953  -25.422938385   16.350738158   17.056527121
    0.349065850    2.443460953  -24.309713841   -3.445935114    9.446030554
    0.523598776    2.443460953  -26.401341535  -19.620635937    0.695233599
    0.698131701    2.443460953  -30.672752441  -27.759184118   -8.115666839
    0.872664626    2.443460953  -35.447657159  -25.231673785  -15.782228886
    1.047197551    2.443460953  -38.877527604  -12.782735800  -21.235524760
    1.221730476    2.443460953  -39.579919435    5.023211248  -23.868121996
    1.396263402    2.443460953  -37.192734350   21.516802673  -23.778940346
    1.570796327    2.443460953  -32.496964629   30.690037411  -21.745509775
    1.745329252    2.443460953  -27.083157297   29.556847461  -18.902270151
    1.919862177    2.443460953  -22.755200718   18.580619731  -16.336025302
    2.094395102    2.443460953  -21.012206819    0.517660155  -14.784780542
    2.268928028    2.443460953  -22.778448506  -21.011625821  -14.504269590
    2.443460953    2.443460953  -28.336249626  -42.315781100  -15.318683742
    2.617993878    2.443460953  -37.323151220  -59.691367078  -16.739615377
    2.792526803    2.443460953  -48.738952291  -69.639151079  -18.136214414
    2.967059728    2.443460953  -61.047798890  -69.685795605  -18.930448476

   -3.141592654    2.617993878  -75.153803270  -58.789104245  -11.608331027
   -2.967059728    2.617993878  -83.897622953  -40.633758657  -10.248626915
   -2.792526803    2.617993878  -89.200959715  -20.256806585   -8.421383969
   -2.617993878    2.617993878  -91.148027738   -2.932609190   -6.339892224
   -2.443460953    2.617993878  -90.614205540    7.791562959   -4.207912504
   -2.268928028    2.617993878  -88.864560077   11.090506080   -2.228482916
   -2.094395102    2.617993878  -87.081503445    8.603356122   -0.559789288
   -1.919862177    2.617993878  -86.014256909    3.485825237    0.804056306
   -1.745329252    2.617993878  -85.809826973   -0.722709567    2.143425428
   -1.570796327    2.617993878  -86.027149936   -0.928012033    3.992868203
   -1.396263402    2.617993878  -85.782093954    4.742899549    6.943543574
   -1.221730476    2.617993878  -84.015820516   16.270778921   11.301403155
   -1.047197551    2.617993878  -79.862470754   31.583546864   16.828419861
   -0.872664626    2.617993878  -72.972124780   46.948276166   22.682517155
   -0.698131701    2.617993878  -63.693682237   58.321119599   27.647709714
   -0.523598776    2.617993878  -53.010166269   62.694022144   30.513726578
   -0.349065850    2.617993878  -42.276967719   58.846267580   30.471035492
   -0.174532925    2.617993878  -32.908824258   47.250244195   27.283797219
    0.000000000    2.617993878  -26.125062558   29.590062808   21.268746803
    0.174532925    2.617993878  -22.769572904    8.472352929   13.129667016
    0.349065850    2.617993878  -23.145656183  -12.472839683    3.805472891
    0.523598776    2.617993878  -26.836617380  -28.731605673   -5.631854512
    0.698131701    2.617993878  -32.621045464  -35.792304715  -14.025106954
    0.872664626    2.617993878  -38.623955135  -31.120434481  -20.310272567
    1.047197551    2.617993878  -42.840918750  -15.849904211  -23.779316850
    1.221730476    2.617993878  -43.826432469    4.799976598  -24.328656175
    1.396263402    2.617993878  -41.274900042   23.475182054  -22.514615546
    1.570796327    2.617993878  -36.125035291   33.750299400  -19.363822486
    1.745329252    2.617993878  -30.164479724   32.604071804  -15.985811532
    1.919862177    2.617993878  -25.369114239   20.793240194  -13.244024470
    2.094395102    2.617993878  -23.343478075    1.525433787  -11.589407304
    2.268928028    2.617993878  -25.037151981  -21.144807323  -11.045876399
    2.443460953    2.617993878  -30.691386199  -43.203729766  -11.318726387
    2.617993878    2.617993878  -39.859082004  -60.775845462  -11.936111931
    2.792526803    2.617993878  -51.440307285  -70.369839422  -12.400978751
    2.967059728    2.617993878  -63.815160697  -69.677509147  -12.343257488

   -3.141592654    2.792526803  -76.373345504  -57.556072344   -2.097148112
   -2.967059728    2.792526803  -84.871629386  -39.075400318   -0.685364580
   -2.792526803    2.792526803  -89.883860485  -18.504837822    0.769650813
   -2.617993878    2.792526803  -91.515408038   -1.090392345    2.249908354
   -2.443460953    2.792526803  -90.660971673    9.596816802    3.747859634
   -2.268928028    2.792526803  -88.610427290   12.706343166    5.191894117
   -2.094395102    2.792526803  -86.567879920    9.964225417    6.499692178
   -1.919862177    2.792526803  -85.274525977    4.772299062    7.758411833
   -1.745329252    2.792526803  -84.818225453    0.976212727    9.353157481
   -1.570796327    2.792526803  -84.656858343    1.811327249   11.880325009
   -1.396263402    2.792526803  -83.809364420    8.930941330   15.826589967
   -1.221730476    2.792526803  -81.191377644   21.760165853   21.156785894
   -1.047197551    2.792526803  -76.022326017   37.549945583   27.135187443
   -0.872664626    2.792526803  -68.140924773   52.112259663   32.473420382
   -0.698131701    2.792526803  -58.127277079   61.383004003   35.784167670
   -0.523598776    2.792526803  -47.162268983   62.760502749   36.052351171
   -0.349065850    2.792526803  -36.703330214   55.644499452   32.939803294
   -0.174532925    2.792526803  -28.159251281   41.104460232   26.748241466
    0.000000000    2.792526803  -22.654341654   21.228770527   18.229371511
    0.174532925    2.792526803  -20.883609998   -1.148064222    8.357943667
    0.349065850    2.792526803  -22.970506392  -22.272041024   -1.769476074
    0.523598776    2.792526803  -28.302771966  -37.543402584  -11.002396069
    0.698131701    2.792526803  -35.457294919  -42.515276173  -18.199755807
    0.872664626    2.792526803  -42.390474228  -34.969501047  -22.502002730
    1.047197551    2.792526803  -47.009658967  -16.633529367  -23.611030294
    1.221730476    2.792526803  -47.897885902    6.576092224  -21.956228514
    1.396263402    2.792526803  -44.886317330   26.785547375  -18.539827736
    1.570796327    2.792526803  -39.109822308   37.450048903  -14.566963556
    1.745329252    2.792526803  -32.539435081   35.784214232  -11.011424970
    1.919862177    2.792526803  -27.273379346   22.968479109   -8.396338162
    2.094395102    2.792526803  -24.962927487    2.636815133   -6.797554233
    2.268928028    2.792526803  -26.538846606  -20.846655685   -5.975716565
    2.443460953    2.792526803  -32.182132732  -43.304032238   -5.543324243
    2.617993878    2.792526803  -41.369847534  -60.838824413   -5.117072619
    2.792526803    2.792526803  -52.933727341  -70.073969188   -4.426326173
    2.967059728    2.792526803  -65.213624372  -68.891645177   -3.391274785

   -3.141592654    2.967059728  -75.813621643  -56.089291335    8.518721564
   -2.967059728    2.967059728  -84.074069022  -37.817872246    9.793879441
   -2.792526803    2.967059728  -88.882103459  -17.407227328   10.640354195
   -2.617993878    2.967059728  -90.325886441   -0.020330482   11.277239891
   -2.443460953    2.967059728  -89.281241612   10.706065336   11.930153533
   -2.268928028    2.967059728  -87.035490047   13.823881593   12.702744602
   -2.094395102    2.967059728  -84.796851282   11.112656385   13.633934770
   -1.919862177    2.967059728  -83.283350750    6.216404545   14.901116805
   -1.745329252    2.967059728  -82.511488428    3.246936158   16.925682911
   -1.570796327    2.967059728  -81.841038289    5.442022206   20.214425876
   -1.396263402    2.967059728  -80.228498010   14.025088443   24.975837718
   -1.221730476    2.967059728  -76.633026578   27.706060387   30.742056645
   -1.047197551    2.967059728  -70.441874278   43.076424054   36.345962059
   -0.872664626    2.967059728  -61.741962915   55.734373414   40.271056735
   -0.698131701    2.967059728  -51.349994018   61.951464120   41.233980652
   -0.523598776    2.967059728  -40.590482342   59.830479326   38.627388732
   -0.349065850    2.967059728  -30.932648682   49.490582993   32.651887052
   -0.174532925    2.967059728  -23.689921231   32.503913553   24.077255404
    0.000000000    2.967059728  -19.828162892   11.177709525   13.939460901
    0.174532925    2.967059728  -19.860776782  -11.569390187    3.320463851
    0.349065850    2.967059728  -23.716762583  -31.933907983   -6.667510964
    0.523598776    2.967059728  -30.584365217  -45.284835924  -14.905325627
    0.698131701    2.967059728  -38.849327413  -47.370434192  -20.360006003
    0.872664626    2.967059728  -46.340199233  -36.483157754  -22.436419963
    1.047197551    2.967059728  -50.949199642  -15.111715244  -21.257623338
    1.221730476    2.967059728  -51.377279122   10.136924614  -17.727349001
    1.396263402    2.967059728  -47.661824877   31.086069121  -13.178018778
    1.570796327    2.967059728  -41.153802751   41.395128613   -8.852264460
    1.745329252    2.967059728  -33.973822183   38.780418842   -5.472765209
    1.919862177    2.967059728  -28.276508684   24.941716926   -3.159155356
    2.094395102    2.967059728  -25.692367674    3.863315577   -1.605096998
    2.268928028    2.967059728  -27.089670364  -19.957077486   -0.346874736
    2.443460953    2.967059728  -32.578480576  -42.375857818    1.026257775
    2.617993878    2.967059728  -41.582747346  -59.646892426    2.726819805
    2.792526803    2.967059728  -52.912542685  -68.606715187    4.723764497
    2.967059728    2.967059728  -64.922777306  -67.318808033    6.763165658
