#! FIELDS phi psi file.free der_phi der_psi
#! SET min_phi -pi
#! SET max_phi pi
#! SET nbins_phi  36
#! SET periodic_phi true
#! SET min_psi -pi
#! SET max_psi pi
#! SET nbins_psi  36
#! SET periodic_psi true
   -3.141592654   -3.141592654  -51.156119140  -54.488928595   17.677825290
   -2.967059728   -3.141592654  -59.543408498  -40.498091205   18.746787715
   -2.792526803   -3.141592654  -65.011025874  -21.788900293   18.873471959
   -2.617993878   -3.141592654  -67.172690121   -3.487270853   18.559642138
   -2.443460953   -3.141592654  -66.529567727    9.726687794   18.410865059
   -2.268928028   -3.141592654  -64.211399711   15.598417234   18.900113663
   -2.094395102   -3.141592654  -61.460997256   15.091265434   20.300142624
   -1.919862177   -3.141592654  -59.114903442   11.663729826   22.739197894
   -1.745329252   -3.141592654  -57.313800361    9.492313216   26.210981869
   -1.570796327   -3.141592654  -55.547511394   11.585553943   30.446488022
   -1.396263402   -3.141592654  -52.976126999   18.598964212   34.758487981
   -1.221730476   -3.141592654  -48.865427320   28.723490661   38.072824967
   -1.047197551   -3.141592654  -42.954459277   38.610506214   39.272236172
   -0.872664626   -3.141592654  -35.594452954   44.813723096   37.663529282
   -0.698131701   -3.141592654  -27.639898843   45.195533413   33.299026384
   -0.523598776   -3.141592654  -20.158609034   39.530490575   26.910881004
   -0.349065850   -3.141592654  -14.109445143   29.071464365   19.540737989
   -0.174532925   -3.141592654  -10.173250182   15.643389804   12.060124527
    0.000000000   -3.141592654   -8.718823719    0.876113991    4.938207995
    0.174532925   -3.141592654   -9.845769542  -13.640910909   -1.707993739
    0.349065850   -3.141592654  -13.336878160  -25.822331025   -7.802796279
    0.523598776   -3.141592654  -18.543148874  -32.771222827  -13.055264659
    0.698131701   -3.141592654  -24.297610514  -31.731506765  -16.871268516
    0.872664626   -3.141592654  -29.083508794  -21.791760029  -18.628515735
    1.047197551   -3.141592654  -31.497177171   -5.154834704  -18.040207711
    1.221730476   -3.141592654  -30.784981038   13.069350222  -15.430089797
    1.396263402   -3.141592654  -27.185743702   27.064482343  -11.631954053
    1.570796327   -3.141592654  -21.826983525   32.820759599   -7.625602193
    1.745329252   -3.141592654  -16.267116340   29.480667072   -4.107386939
    1.919862177   -3.141592654  -11.967745906   18.803759022   -1.281695361
    2.094395102   -3.141592654   -9.970415925    3.565871872    1.082174753
    2.268928028   -3.141592654  -10.843242306  -13.722329581    3.413896368
    2.443460953   -3.141592654  -14.764614663  -31.049940544    6.083003563
    2.617993878   -3.141592654  -21.566404349  -46.336726386    9.191410250
    2.792526803   -3.141592654  -30.669266499  -56.978209782   12.501208686
    2.967059728   -3.141592654  -41.017505573  -60.235370779   15.506809818

   -3.141592654   -2.967059728  -47.487202886  -52.632722445   23.856178158
   -2.967059728   -2.967059728  -55.665094398  -39.927660931   25.186415717
   -2.792526803   -2.967059728  -61.120472619  -22.125482102   25.224543165
   -2.617993878   -2.967059728  -63.373029871   -4.077630514   24.528540407
   -2.443460953   -2.967059728  -62.807719462    9.516579687   23.806383556
   -2.268928028   -2.967059728  -60.459561309   16.206371513   23.658863041
   -2.094395102   -2.967059728  -57.513148404   16.755454392   24.476671379
   -1.919862177   -2.967059728  -54.777555805   14.460585674   26.448120742
   -1.745329252   -2.967059728  -52.398570807   13.263448846   29.526895488
   -1.570796327   -2.967059728  -49.926209249   15.774934815   33.304149072
   -1.396263402   -2.967059728  -46.657437595   22.206493594   36.918582573
   -1.221730476   -2.967059728  -42.056196421   30.554852926   39.198186276
   -1.047197551   -2.967059728  -36.052863048   37.745815131   39.087010326
   -0.872664626   -2.967059728  -29.101019786   41.043257520   36.108848228
   -0.698131701   -2.967059728  -22.020673441   39.098374228   30.590415465
   -0.523598776   -2.967059728  -15.730861438   32.166596985   23.475379558
   -0.349065850   -2.967059728  -11.000329898   21.471871865   15.871446993
   -0.174532925   -2.967059728   -8.360977186    8.455142376    8.596510697
    0.000000000   -2.967059728   -8.108238657   -5.694859289    2.019791728
    0.174532925   -2.967059728  -10.327551586  -19.576203305   -3.804834757
    0.349065850   -2.967059728  -14.790733055  -30.980050667   -8.818332855
    0.523598776   -2.967059728  -20.799618300  -36.708566221  -12.745619529
    0.698131701   -2.967059728  -27.092583208  -33.864325572  -15.101772987
    0.872664626   -2.967059728  -32.063384744  -21.734875214  -15.489930869
    1.047197551   -2.967059728  -34.283161409   -3.053972993  -13.907379329
    1.221730476   -2.967059728  -33.074390542   16.517035031  -10.889984852
    1.396263402   -2.967059728  -28.825514530   30.906691028   -7.299526818
    1.570796327   -2.967059728  -22.820621881   36.289589860   -3.935682116
    1.745329252   -2.967059728  -16.713559933   32.277637520   -1.193772945
    1.919862177   -2.967059728  -11.974339498   21.109355686    1.022819062
    2.094395102   -2.967059728   -9.584598349    5.838060292    3.151793258
    2.268928028   -2.967059728  -10.029739468  -11.033492123    5.696328576
    2.443460953   -2.967059728  -13.427357701  -27.732836710    8.977914709
    2.617993878   -2.967059728  -19.603878168  -42.549582047   12.963003700
    2.792526803   -2.967059728  -28.038862760  -53.226157615   17.229535489
    2.967059728   -2.967059728  -37.782646732  -57.179849462   21.087304266

   -3.141592654   -2.792526803  -43.004679676  -50.350623637   26.966095153
   -2.967059728   -2.792526803  -50.920928384  -39.191466500   28.644409553
   -2.792526803   -2.792526803  -56.359856162  -22.579257464   28.829131889
   -2.617993878   -2.792526803  -58.747270384   -5.046579636   28.020519092
   -2.443460953   -2.792526803  -58.343666263    8.740070585   26.920310395
   -2.268928028   -2.792526803  -56.072927095   16.169194787   26.190739464
   -2.094395102   -2.792526803  -53.042534242   17.793029736   26.320614362
   -1.919862177   -2.792526803  -50.022557080   16.675867449   27.569241854
   -1.745329252   -2.792526803  -47.167735423   16.428366825   29.886315062
   -1.570796327   -2.792526803  -44.106373791   19.208532383   32.797493654
   -1.396263402   -2.792526803  -40.292294748   24.823235498   35.388584305
   -1.221730476   -2.792526803  -35.392326287   31.199907549   36.529779718
   -1.047197551   -2.792526803  -29.508489421   35.678901057   35.322889996
   -0.872664626   -2.792526803  -23.158338551   36.296459679   31.505328005
   -0.698131701   -2.792526803  -17.088610039   32.438503487   25.567493948
   -0.523598776   -2.792526803  -12.047323480   24.708739181   18.496715689
   -0.349065850   -2.792526803   -8.615230206   14.181561718   11.317606828
   -0.174532925   -2.792526803   -7.191977682    1.865089080    4.719318483
    0.000000000   -2.792526803   -8.017369494  -11.453687725   -1.026758309
    0.174532925   -2.792526803  -11.169678666  -24.496870019   -5.884940281
    0.349065850   -2.792526803  -16.409220091  -34.908456688   -9.778267314
    0.523598776   -2.792526803  -22.991040759  -39.263949120  -12.446468415
    0.698131701   -2.792526803  -29.580393447  -34.644355344  -13.538676098
    0.872664626   -2.792526803  -34.522173389  -20.625874512  -12.887891181
    1.047197551   -2.792526803  -36.408688885   -0.438352294  -10.725882460
    1.221730476   -2.792526803  -34.666966578   19.868963406   -7.694665690
    1.396263402   -2.792526803  -29.829865820   34.177423460   -4.570166825
    1.570796327   -2.792526803  -23.300677129   38.983640835   -1.914330293
    1.745329252   -2.792526803  -16.777869331   34.385102585    0.145262860
    1.919862177   -2.792526803  -11.695816997   23.016051604    1.897901562
    2.094395102   -2.792526803   -8.951020710    8.084724559    3.858100823
    2.268928028   -2.792526803   -8.941303201   -8.018502175    6.511827338
    2.443460953   -2.792526803  -11.733836924  -23.828847678   10.114465880
    2.617993878   -2.792526803  -17.168618972  -38.038407043   14.556281508
    2.792526803   -2.792526803  -24.806934857  -48.742081518   19.343278727
    2.967059728   -2.792526803  -33.826560062  -53.500426052   23.726680862

   -3.141592654   -2.617993878  -38.243712523  -47.643714357   27.122833285
   -2.967059728   -2.617993878  -45.829026704  -38.105356294   29.242396830
   -2.792526803   -2.617993878  -51.205455497  -22.874537145   29.800647594
   -2.617993878   -2.617993878  -53.723643992   -6.136370979   29.146858869
   -2.443460953   -2.617993878  -53.528542813    7.554351810   27.892152415
   -2.268928028   -2.617993878  -51.427140780   15.503710603   26.705149924
   -2.094395102   -2.617993878  -48.434810270   18.073238335   26.146508291
   -1.919862177   -2.617993878  -45.270239105   18.048118004   26.542888565
   -1.745329252   -2.617993878  -42.095239249   18.646522806   27.866701049
   -1.570796327   -2.617993878  -38.621257494   21.567886720   29.651476936
   -1.396263402   -2.617993878  -34.457725968   26.288386287   31.047312067
   -1.221730476   -2.617993878  -29.456195187   30.770396695   31.085304350
   -1.047197551   -2.617993878  -23.857318431   32.823958221   29.081697615
   -0.872664626   -2.617993878  -18.208834828   31.209192397   24.943480513
   -0.698131701   -2.617993878  -13.166775652   25.919595164   19.198315249
   -0.523598776   -2.617993878   -9.313876047   17.774969009   12.730644183
   -0.349065850   -2.617993878   -7.066772463    7.643031582    6.383784091
   -0.174532925   -2.617993878   -6.718247341   -3.871975372    0.691810783
    0.000000000   -2.617993878   -8.467631055  -16.297880175   -4.147915422
    0.174532925   -2.617993878  -12.386337254  -28.419511263   -8.088995069
    0.349065850   -2.617993878  -18.219357666  -37.739599476  -11.034399846
    0.523598776   -2.617993878  -25.178829936  -40.703262982  -12.756425304
    0.698131701   -2.617993878  -31.880677449  -34.470285592  -13.038732659
    0.872664626   -2.617993878  -36.656926710  -18.940415384  -11.887746318
    1.047197551   -2.617993878  -38.152503976    2.252566336   -9.651708476
    1.221730476   -2.617993878  -35.905723367   22.847001847   -6.940602029
    1.396263402   -2.617993878  -30.570473950   36.831144467   -4.353401187
    1.570796327   -2.617993878  -23.627481717   41.066175062   -2.221486159
    1.745329252   -2.617993878  -16.781379149   36.063145421   -0.508879599
    1.919862177   -2.617993878  -11.410464283   24.732686692    1.110893304
    2.094395102   -2.617993878   -8.325222825   10.343187242    3.086664700
    2.268928028   -2.617993878   -7.845950678   -4.858456109    5.810098673
    2.443460953   -2.617993878  -10.000601788  -19.700314006    9.477705981
    2.617993878   -2.617993878  -14.648985148  -33.242675417   13.985636087
    2.792526803   -2.617993878  -21.435706901  -43.910511835   18.892424252
    2.967059728   -2.617993878  -29.665287565  -49.414368574   23.512812658

   -3.141592654   -2.443460953  -33.678044934  -44.546373502   24.793369441
   -2.967059728   -2.443460953  -40.854856606  -36.548342021   27.325098865
   -2.792526803   -2.443460953  -46.092465519  -22.798655468   28.349957010
   -2.617993878   -2.443460953  -48.697585712   -7.115750285   28.020272070
   -2.443460953   -2.443460953  -48.720305472    6.149278826   26.806683054
   -2.268928028   -2.443460953  -46.853731839   14.317426955   25.337146113
   -2.094395102   -2.443460953  -44.011855226   17.596552189   24.202887870
   -1.919862177   -2.443460953  -40.852099694   18.469245843   23.771526244
   -1.745329252   -2.443460953  -37.538394577   19.741040961   24.044914001
   -1.570796327   -2.443460953  -33.858826883   22.696569048   24.618045510
   -1.396263402   -2.443460953  -29.558896377   26.578295268   24.793792799
   -1.221730476   -2.443460953  -24.639093740   29.454705861   23.845071227
   -1.047197551   -2.443460953  -19.438797338   29.576899127   21.326846576
   -0.872664626   -2.443460953  -14.510979577   26.292789293   17.264771389
   -0.698131701   -2.443460953  -10.423787189   20.038058520   12.125623713
   -0.523598776   -2.443460953   -7.621754699   11.744027004    6.597928171
   -0.349065850   -2.443460953   -6.393570449    2.079393995    1.301120994
   -0.174532925   -2.443460953   -6.952043963   -8.672688484   -3.380498925
    0.000000000   -2.443460953   -9.466868260  -20.257963293   -7.302623822
    0.174532925   -2.443460953  -14.000438773  -31.489304234  -10.411790708
    0.349065850   -2.443460953  -20.281369225  -39.761323413  -12.625571605
    0.523598776   -2.443460953  -27.487392866  -41.473393726  -13.784374798
    0.698131701   -2.443460953  -34.207145892  -33.906236459  -13.788005930
    0.872664626   -2.443460953  -38.781887219  -17.243162287  -12.718318387
    1.047197551   -2.443460953  -39.916189898    4.607316630  -10.884424140
    1.221730476   -2.443460953  -37.241567471   25.311145529   -8.722359785
    1.396263402   -2.443460953  -31.496639398   39.020344910   -6.597444592
    1.570796327   -2.443460953  -24.203843500   42.895648899   -4.667805125
    1.745329252   -2.443460953  -17.057351904   37.722434627   -2.872145771
    1.919862177   -2.443460953  -11.386916863   26.566212485   -1.003912898
    2.094395102   -2.443460953   -7.939369123   12.713718697    1.201413583
    2.268928028   -2.443460953   -6.978730296   -1.684118974    3.990813473
    2.443460953   -2.443460953   -8.502409319  -15.657807636    7.520131205
    2.617993878   -2.443460953  -12.382384667  -28.549545532   11.762178604
    2.792526803   -2.443460953  -18.328182709  -39.076941442   16.426557133
    2.967059728   -2.443460953  -25.751303032  -45.131365123   20.985016281

   -3.141592654   -2.268928028  -29.700540266  -41.257207894   20.454197135
   -2.967059728   -2.268928028  -36.414831069  -34.590331799   23.158137732
   -2.792526803   -2.268928028  -41.438449936  -22.297923448   24.547729100
   -2.617993878   -2.268928028  -44.068248351   -7.833413139   24.590307104
   -2.443460953   -2.268928028  -44.286249142    4.730076517   23.592395591
   -2.268928028   -2.268928028  -42.683457185   12.814245129   22.084579817
   -2.094395102   -2.268928028  -40.072884157   16.513266955   20.617802749
   -1.919862177   -2.268928028  -37.048000321   18.009703738   19.545722592
   -1.745329252   -2.268928028  -33.770740139   19.721095314   18.885536035
   -1.570796327   -2.268928028  -30.092112705   22.603571921   18.324775339
   -1.396263402   -2.268928028  -25.861766572   25.775155346   17.373606307
   -1.221730476   -2.268928028  -21.182641421   27.450891200   15.589626462
   -1.047197551   -2.268928028  -16.450575664   26.235233667   12.770998271
   -0.872664626   -2.268928028  -12.206395322   21.878575675    9.028429533
   -0.698131701   -2.268928028   -8.945951578   15.084896780    4.721188720
   -0.523598776   -2.268928028   -7.013409608    6.824449765    0.311136309
   -0.349065850   -2.268928028   -6.609060627   -2.383342782   -3.805461045
   -0.174532925   -2.268928028   -7.890579884  -12.474764261   -7.379619850
    0.000000000   -2.268928028  -11.006772058  -23.336889693  -10.319404982
    0.174532925   -2.268928028  -16.012396055  -33.811855871  -12.600010135
    0.349065850   -2.268928028  -22.626959053  -41.234933586  -14.210572714
    0.523598776   -2.268928028  -30.009213411  -42.005663048  -15.099881977
    0.698131701   -2.268928028  -36.738339080  -33.489545019  -15.254553179
    0.872664626   -2.268928028  -41.168658186  -16.036584949  -14.725952943
    1.047197551   -2.268928028  -42.044375964    6.314383520  -13.637939299
    1.221730476   -2.268928028  -39.049493592   27.232247430  -12.141359956
    1.396263402   -2.268928028  -32.964363233   40.979474935  -10.348466353
    1.570796327   -2.268928028  -25.329569247   44.857858903   -8.321346178
    1.745329252   -2.268928028  -17.835797528   39.753043249   -6.098269346
    1.919862177   -2.268928028  -11.796019421   28.788406182   -3.706930177
    2.094395102   -2.268928028   -7.932413864   15.284348904   -1.135961222
    2.268928028   -2.268928028   -6.480208893    1.400807847    1.696120913
    2.443460953   -2.268928028   -7.412179715  -11.959465585    4.915958283
    2.617993878   -2.268928028  -10.595734269  -24.306313102    8.603723175
    2.792526803   -2.268928028  -15.774152303  -34.601957911   12.665517226
    2.967059728   -2.268928028  -22.433258189  -40.955479500   16.783845940

   -3.141592654   -2.094395102  -26.630615950  -38.168092587   14.426021774
   -2.967059728   -2.094395102  -32.887287230  -32.502496799   16.881062748
   -2.792526803   -2.094395102  -37.654233047  -21.466985483   18.380397990
   -2.617993878   -2.094395102  -40.246424096   -8.197087741   18.760475784
   -2.443460953   -2.094395102  -40.607568910    3.532384489   18.151373653
   -2.268928028   -2.094395102  -39.249631169   11.292468749   16.913725868
   -2.094395102   -2.094395102  -36.899772809   15.103124834   15.461309002
   -1.919862177   -2.094395102  -34.096300640   16.884725194   14.057649894
   -1.745329252   -2.094395102  -30.998870832   18.739383896   12.705024592
   -1.570796327   -2.094395102  -27.504103831   21.413543209   11.193337790
   -1.396263402   -2.094395102  -23.527205670   24.012173913    9.263512012
   -1.221730476   -2.094395102  -19.222360925   24.915560432    6.772540073
   -1.047197551   -2.094395102  -14.999443636   22.967906165    3.763200110
   -0.872664626   -2.094395102  -11.372834055   18.126947855    0.431924489
   -0.698131701   -2.094395102   -8.784576460   11.201548744   -2.956963679
   -0.523598776   -2.094395102   -7.516571073    3.147280696   -6.144348139
   -0.349065850   -2.094395102   -7.717804328   -5.609381221   -8.934513082
   -0.174532925   -2.094395102   -9.514107185  -15.137871217  -11.214243622
    0.000000000   -2.094395102  -13.044919100  -25.424346432  -12.977368286
    0.174532925   -2.094395102  -18.367497470  -35.367316176  -14.289981319
    0.349065850   -2.094395102  -25.210068121  -42.287238674  -15.272641031
    0.523598776   -2.094395102  -32.734007125  -42.577248169  -16.009418702
    0.698131701   -2.094395102  -39.521059982  -33.580141716  -16.535907985
    0.872664626   -2.094395102  -43.925304294  -15.641006444  -16.785043142
    1.047197551   -2.094395102  -44.688830377    7.208293233  -16.596695191
    1.221730476   -2.094395102  -41.492655307   28.645902349  -15.781486177
    1.396263402   -2.094395102  -35.115553075   42.902921378  -14.214195542
    1.570796327   -2.094395102  -27.105762018   47.208027275  -11.930804539
    1.745329252   -2.094395102  -19.175325622   42.372950463   -9.146302870
    1.919862177   -2.094395102  -12.666368794   31.518840870   -6.169609712
    2.094395102   -2.094395102   -8.322358801   18.056274998   -3.253978251
    2.268928028   -2.094395102   -6.378548954    4.279527505   -0.479171413
    2.443460953   -2.094395102   -6.788289439   -8.833543871    2.248710457
    2.617993878   -2.094395102   -9.396406683  -20.842477407    5.102609051
    2.792526803   -2.094395102  -13.945703753  -30.891853904    8.177301596
    2.967059728   -2.094395102  -19.957464868  -37.321215153   11.385860857

   -3.141592654   -1.919862177  -24.726590218  -35.772288285    7.194093519
   -2.967059728   -1.919862177  -30.607715561  -30.657637078    8.975590609
   -2.792526803   -1.919862177  -35.123061273  -20.468987419   10.317883046
   -2.617993878   -1.919862177  -37.623138469   -8.134604642   10.985089122
   -2.443460953   -1.919862177  -38.045233133    2.815157816   10.917515818
   -2.268928028   -1.919862177  -36.858571384   10.102027377   10.232690878
   -2.094395102   -1.919862177  -34.736922130   13.712563429    9.115196664
   -1.919862177   -1.919862177  -32.185574607   15.382453036    7.670447045
   -1.745329252   -1.919862177  -29.367148582   17.015488785    5.858593320
   -1.570796327   -1.919862177  -26.205982043   19.289437399    3.571731823
   -1.396263402   -1.919862177  -22.642122569   21.405403658    0.783688246
   -1.221730476   -1.919862177  -18.828831783   21.919829222   -2.352995897
   -1.047197551   -1.919862177  -15.147023058   19.808787289   -5.547742351
   -0.872664626   -1.919862177  -12.067396714   15.061647024   -8.489535530
   -0.698131701   -1.919862177   -9.990325237    8.444529302  -10.953910635
   -0.523598776   -1.919862177   -9.166145760    0.840464450  -12.828426732
   -0.349065850   -1.919862177   -9.725215034   -7.391274767  -14.092893006
   -0.174532925   -1.919862177  -11.787019649  -16.407914605  -14.795132284
    0.000000000   -1.919862177  -15.501861050  -26.284606416  -15.079059895
    0.174532925   -1.919862177  -20.951783578  -36.004922818  -15.175084907
    0.349065850   -1.919862177  -27.900844103  -42.890627606  -15.378292394
    0.523598776   -1.919862177  -35.537087722  -43.267334515  -15.907302619
    0.698131701   -1.919862177  -42.449563449  -34.302788721  -16.802131607
    0.872664626   -1.919862177  -46.966120784  -16.149517244  -17.822761852
    1.047197551   -1.919862177  -47.773406565    7.276605510  -18.493792775
    1.221730476   -1.919862177  -44.490104408   29.614142266  -18.296613928
    1.396263402   -1.919862177  -37.855483067   44.875677665  -16.912383929
    1.570796327   -1.919862177  -29.425308258   49.994741482  -14.396546338
    1.745329252   -1.919862177  -20.966089240   45.563318424  -11.156387124
    1.919862177   -1.919862177  -13.897157321   34.675812699   -7.759832229
    2.094395102   -1.919862177   -9.026680012   20.904865705   -4.686252287
    2.268928028   -1.919862177   -6.616249041    6.788603424   -2.153419088
    2.443460953   -1.919862177   -6.606569687   -6.503782238   -0.113140964
    2.617993878   -1.919862177   -8.807174752  -18.476382681    1.658275327
    2.792526803   -1.919862177  -12.930744877  -28.373883210    3.404081594
    2.967059728   -1.919862177  -18.493853919  -34.731406979    5.264677194

   -3.141592654   -1.745329252  -24.128549687  -34.437212597   -0.333195535
   -2.967059728   -1.745329252  -29.773932634  -29.335725429    0.574631128
   -2.792526803   -1.745329252  -34.078780156  -19.428300322    1.636843841
   -2.617993878   -1.745329252  -36.438852673   -7.599483101    2.570707265
   -2.443460953   -1.745329252  -36.819350231    2.754728925    3.113404223
   -2.268928028   -1.745329252  -35.693416593    9.477967758    3.099580878
   -2.094395102   -1.745329252  -33.726109738   12.572288732    2.443690194
   -1.919862177   -1.745329252  -31.420237531   13.697723815    1.070819708
   -1.745329252   -1.745329252  -28.949593450   14.703038406   -1.104151067
   -1.570796327   -1.745329252  -26.248584826   16.342309642   -4.087930419
   -1.396263402   -1.745329252  -23.242448567   18.012583115   -7.687873017
   -1.221730476   -1.745329252  -20.033419182   18.458384776  -11.476790025
   -1.047197551   -1.745329252  -16.930151414   16.706030515  -14.918859977
   -0.872664626   -1.745329252  -14.336359672   12.637392463  -17.552269716
   -0.698131701   -1.745329252  -12.611684579    6.843890380  -19.124183599
   -0.523598776   -1.745329252  -11.995023693    0.055771368  -19.607040443
   -0.349065850   -1.745329252  -12.627216031   -7.463878184  -19.140494739
   -0.174532925   -1.745329252  -14.653190098  -15.966263677  -17.977256648
    0.000000000   -1.745329252  -18.266957414  -25.624216349  -16.487253055
    0.174532925   -1.745329252  -23.609841139  -35.509299557  -15.128168164
    0.349065850   -1.745329252  -30.513778370  -42.913236056  -14.381893582
    0.523598776   -1.745329252  -38.214541852  -43.988528127  -14.568530854
    0.698131701   -1.745329252  -45.305055804  -35.567333835  -15.684035194
    0.872664626   -1.745329252  -50.054578659  -17.449070472  -17.295868324
    1.047197551   -1.745329252  -51.041254001    6.632124860  -18.644964742
    1.221730476   -1.745329252  -47.769114832   30.196445716  -18.949957988
    1.396263402   -1.745329252  -40.909362128   46.855893554  -17.760388091
    1.570796327   -1.745329252  -32.030722374   53.063461470  -15.170593879
    1.745329252   -1.745329252  -22.985272472   49.090450372  -11.745335326
    1.919862177   -1.745329252  -15.309100409   38.004323131   -8.241007211
    2.094395102   -1.745329252   -9.908776225   23.601677172   -5.293583778
    2.268928028   -1.745329252   -7.093276819    8.735749301   -3.221978413
    2.443460953   -1.745329252   -6.799438514   -5.156938869   -2.030333033
    2.617993878   -1.745329252   -8.796268353  -17.439196642   -1.482793096
    2.792526803   -1.745329252  -12.744284169  -27.355288015   -1.230579335
    2.967059728   -1.745329252  -18.117032628  -33.555020332   -0.924172103

   -3.141592654   -1.570796327  -24.774069034  -34.193917523   -6.826828481
   -2.967059728   -1.570796327  -30.329003761  -28.567052197   -6.659969328
   -2.792526803   -1.570796327  -34.469146460  -18.367235101   -5.820178271
   -2.617993878   -1.570796327  -36.644709338   -6.609019062   -4.653559527
   -2.443460953   -1.570796327  -36.884276106    3.330238158   -3.620621062
   -2.268928028   -1.570796327  -35.712859248    9.391658939   -3.140254357
   -2.094395102   -1.570796327  -33.831198489   11.653976655   -3.522069487
   -1.919862177   -1.570796327  -31.767840377   11.819463105   -4.973351814
   -1.745329252   -1.570796327  -29.713269568   11.818934440   -7.592197135
   -1.570796327   -1.570796327  -27.594208476   12.605815450  -11.282635295
   -1.396263402   -1.570796327  -25.285442581   13.852018222  -15.664434161
   -1.221730476   -1.570796327  -22.793920859   14.504495257  -20.081408290
   -1.047197551   -1.570796327  -20.315217261   13.592403027  -23.780319076
   -0.872664626   -1.570796327  -18.158169238   10.794189738  -26.137662822
   -0.698131701   -1.570796327  -16.632211972    6.410872182  -26.828596372
   -0.523598776   -1.570796327  -15.975470302    0.913012297  -25.869684013
   -0.349065850   -1.570796327  -16.366675696   -5.618317446  -23.557818327
   -0.174532925   -1.570796327  -18.015761268  -13.578686002  -20.391628795
    0.000000000   -1.570796327  -21.205166381  -23.248166031  -17.019822482
    0.174532925   -1.570796327  -26.177995023  -33.745107293  -14.149548392
    0.349065850   -1.570796327  -32.864692525  -42.246810509  -12.417670616
    0.523598776   -1.570796327  -40.561337264  -44.601710562  -12.181498634
    0.698131701   -1.570796327  -47.852830232  -37.171499549  -13.344937007
    0.872664626   -1.570796327  -52.916777609  -19.302382078  -15.293920984
    1.047197551   -1.570796327  -54.179588943    5.468125786  -17.064495957
    1.221730476   -1.570796327  -50.993451749   30.456057549  -17.717436890
    1.396263402   -1.570796327  -43.944798113   48.734179613  -16.744787911
    1.570796327   -1.570796327  -34.622527197   56.155215411  -14.283406712
    1.745329252   -1.570796327  -24.986547037   52.619373997  -10.992946643
    1.919862177   -1.570796327  -16.714606375   41.180260055   -7.724398804
    2.094395102   -1.570796327  -10.831791902   25.896838581   -5.185880281
    2.268928028   -1.570796327   -7.708019504    9.967763678   -3.748408197
    2.443460953   -1.570796327   -7.284563191   -4.865093532   -3.455256755
    2.617993878   -1.570796327   -9.289448394  -17.758255657   -4.073293704
    2.792526803   -1.570796327  -13.315474580  -27.852747947   -5.179355172
    2.967059728   -1.570796327  -18.759581530  -33.815871134   -6.252586672

   -3.141592654   -1.396263402  -26.354792900  -34.711336368  -10.851358441
   -2.967059728   -1.396263402  -31.917496240  -28.154901061  -11.042864648
   -2.792526803   -1.396263402  -35.920120671  -17.273332209  -10.291652359
   -2.617993878   -1.396263402  -37.880997037   -5.335101191   -9.034590931
   -2.443460953   -1.396263402  -37.922940688    4.237069906   -7.878097947
   -2.268928028   -1.396263402  -36.658535838    9.490312822   -7.384122606
   -2.094395102   -1.396263402  -34.853010424   10.645657388   -7.958104061
   -1.919862177   -1.396263402  -33.075048390    9.542303932   -9.834631860
   -1.745329252   -1.396263402  -31.529230564    8.289238063  -13.068260793
   -1.570796327   -1.396263402  -30.116570627    8.116363437  -17.460903722
   -1.396263402   -1.396263402  -28.632668629    9.016314547  -22.493399843
   -1.221730476   -1.396263402  -26.955323892   10.148196995  -27.354490263
   -1.047197551   -1.396263402  -25.134389088   10.523158522  -31.140610534
   -0.872664626   -1.396263402  -23.358284097    9.557915417  -33.106409265
   -0.698131701   -1.396263402  -21.873723529    7.166327994  -32.866007478
   -0.523598776   -1.396263402  -20.925069349    3.439576292  -30.479497891
   -0.349065850   -1.396263402  -20.756985451   -1.839470646  -26.408704829
   -0.174532925   -1.396263402  -21.689048207   -9.275768675  -21.410834044
    0.000000000   -1.396263402  -24.141356686  -19.245172694  -16.407692698
    0.174532925   -1.396263402  -28.499446175  -30.822954588  -12.310141961
    0.349065850   -1.396263402  -34.812636523  -40.947934000   -9.825102601
    0.523598776   -1.396263402  -42.436106653  -45.037563741   -9.255927337
    0.698131701   -1.396263402  -49.926666874  -38.903455270  -10.370230111
    0.872664626   -1.396263402  -55.341319110  -21.419924869  -12.407066196
    1.047197551   -1.396263402  -56.928233294    4.033559366  -14.306564996
    1.221730476   -1.396263402  -53.871396817   30.490980260  -15.102088363
    1.396263402   -1.396263402  -46.670006523   50.412752493  -14.316458557
    1.570796327   -1.396263402  -36.940912021   59.013313967  -12.134419617
    1.745329252   -1.396263402  -26.762426556   55.824785690   -9.243181144
    1.919862177   -1.396263402  -17.961669481   43.909249556   -6.488496078
    2.094395102   -1.396263402  -11.686732059   27.601111304   -4.557562919
    2.268928028   -1.396263402   -8.372181690   10.441260376   -3.809795555
    2.443460953   -1.396263402   -7.967649569   -5.516221627   -4.290506572
    2.617993878   -1.396263402  -10.160243298  -19.182016785   -5.761336685
    2.792526803   -1.396263402  -14.464481949  -29.515963527   -7.752942351
    2.967059728   -1.396263402  -20.176567213  -35.131163998   -9.645847831

   -3.141592654   -1.221730476  -28.352872026  -35.463864666  -11.504813150
   -2.967059728   -1.221730476  -33.952427462  -27.849376042  -11.697477474
   -2.792526803   -1.221730476  -37.830077306  -16.229814614  -11.038860569
   -2.617993878   -1.221730476  -39.587294291   -4.151910449  -10.035168664
   -2.443460953   -1.221730476  -39.457057651    4.932827822   -9.317737177
   -2.268928028   -1.221730476  -38.150270507    9.217329053   -9.422056009
   -2.094395102   -1.221730476  -36.499640320    9.110828445  -10.692067180
   -1.919862177   -1.221730476  -35.109302524    6.631185318  -13.285900630
   -1.745329252   -1.221730476  -34.186516679    4.099690045  -17.176401697
   -1.570796327   -1.221730476  -33.590208973    3.044631514  -22.084023900
   -1.396263402   -1.221730476  -33.017899236    3.787741277  -27.414343538
   -1.221730476   -1.221730476  -32.198830364    5.696792953  -32.291175549
   -1.047197551   -1.221730476  -31.018914867    7.753894322  -35.757422698
   -0.872664626   -1.221730476  -29.531973096    9.079405694  -37.035273973
   -0.698131701   -1.221730476  -27.916778592    9.125876888  -35.749747005
   -0.523598776   -1.221730476  -26.434818788    7.498830112  -32.048381830
   -0.349065850   -1.221730476  -25.426563618    3.581614966  -26.569030576
   -0.174532925   -1.221730476  -25.364207167   -3.478008610  -20.293019661
    0.000000000   -1.221730476  -26.846983008  -14.100166625  -14.330119751
    0.174532925   -1.221730476  -30.428611829  -27.189418864   -9.669746029
    0.349065850   -1.221730476  -36.278334658  -39.311679718   -6.953684875
    0.523598776   -1.221730476  -43.791848093  -45.364076349   -6.325346926
    0.698131701   -1.221730476  -51.470995729  -40.604772937   -7.383141010
    0.872664626   -1.221730476  -57.231218713  -23.505780767   -9.276216484
    1.047197551   -1.221730476  -59.136807302    2.620578696  -10.978414134
    1.221730476   -1.221730476  -56.211595494   30.461897903  -11.645193579
    1.396263402   -1.221730476  -48.881806423   51.865204252  -10.934792568
    1.570796327   -1.221730476  -38.801841958   61.456806827   -9.096708645
    1.745329252   -1.221730476  -28.167602273   58.461919915   -6.782617407
    1.919862177   -1.221730476  -18.945684378   45.987090468   -4.729792681
    2.094395102   -1.221730476  -12.394684267   28.635656955   -3.501508611
    2.268928028   -1.221730476   -9.005239062   10.261233331   -3.368723109
    2.443460953   -1.221730476   -8.731552477   -6.793629312   -4.331179683
    2.617993878   -1.221730476  -11.218111844  -21.192522040   -6.138858473
    2.792526803   -1.221730476  -15.897049687  -31.691013610   -8.327332267
    2.967059728   -1.221730476  -21.956318547  -36.833995053  -10.297381392

   -3.141592654   -1.047197551  -30.170130022  -36.036015633   -8.905462796
   -2.967059728   -1.047197551  -35.793823153  -27.595780993   -9.011886556
   -2.792526803   -1.047197551  -39.581694365  -15.540073865   -8.710842145
   -2.617993878   -1.047197551  -41.222600315   -3.604559416   -8.473163351
   -2.443460953   -1.047197551  -41.049085442    4.807514735   -8.777101846
   -2.268928028   -1.047197551  -39.850072054    8.066031685   -9.956087730
   -2.094395102   -1.047197551  -38.503833283    6.758216286  -12.177024037
   -1.919862177   -1.047197551  -37.631817636    3.053130056  -15.481954024
   -1.745329252   -1.047197551  -37.430220602   -0.537955105  -19.780216403
   -1.570796327   -1.047197551  -37.705498957   -2.205123303  -24.760621583
   -1.396263402   -1.047197551  -38.049653249   -1.314784833  -29.818334142
   -1.221730476   -1.047197551  -38.039341700    1.688538437  -34.092236965
   -1.047197551   -1.047197551  -37.396006298    5.735386265  -36.669813800
   -0.872664626   -1.047197551  -36.043163655    9.617398675  -36.855336438
   -0.698131701   -1.047197551  -34.103233284   12.274184602  -34.398755555
   -0.523598776   -1.047197551  -31.876447352   12.762343608  -29.610116784
   -0.349065850   -1.047197551  -29.830374378   10.029631267  -23.307238216
   -0.174532925   -1.047197551  -28.622129133    3.008229151  -16.609690527
    0.000000000   -1.047197551  -29.049857296   -8.662708606  -10.656101523
    0.174532925   -1.047197551  -31.833379182  -23.574325084   -6.326192295
    0.349065850   -1.047197551  -37.236489310  -37.813714302   -4.034660692
    0.523598776   -1.047197551  -44.658860916  -45.738807639   -3.670247661
    0.698131701   -1.047197551  -52.517086660  -42.141360394   -4.660090637
    0.872664626   -1.047197551  -58.576554189  -25.245073658   -6.152191569
    1.047197551   -1.047197551  -60.736087700    1.567764004   -7.301106384
    1.221730476   -1.047197551  -57.894196840   30.592218567   -7.540185738
    1.396263402   -1.047197551  -50.436907519   53.134871383   -6.766560172
    1.570796327   -1.047197551  -40.068870270   63.376103509   -5.308304662
    1.745329252   -1.047197551  -29.091718521   60.360217357   -3.714441365
    1.919862177   -1.047197551  -19.583325083   47.293289795   -2.505638213
    2.094395102   -1.047197551  -12.881926688   29.023569069   -2.014849665
    2.268928028   -1.047197551   -9.512060340    9.657263994   -2.348738196
    2.443460953   -1.047197551   -9.421124275   -8.239945202   -3.426249481
    2.617993878   -1.047197551  -12.210116943  -23.138309185   -5.005060414
    2.792526803   -1.047197551  -17.236694107  -33.637516579   -6.712519438
    2.967059728   -1.047197551  -23.597058702  -38.259902958   -8.121105244

   -3.141592654   -0.872664626  -31.327989184  -36.346833039   -4.172315309
   -2.967059728   -0.872664626  -36.978202845  -27.641061184   -4.435398126
   -2.792526803   -0.872664626  -40.777269657  -15.686684797   -4.946805619
   -2.617993878   -0.872664626  -42.481380785   -4.235034663   -5.978760541
   -2.443460953   -0.872664626  -42.479827733    3.439576459   -7.678095448
   -2.268928028   -0.872664626  -41.592718520    5.851363453  -10.057317605
   -2.094395102   -0.872664626  -40.709231143    3.669830414  -13.078876194
   -1.919862177   -0.872664626  -40.450785629   -0.876498671  -16.714842619
   -1.745329252   -0.872664626  -40.997480373   -5.135415747  -20.887399992
   -1.570796327   -0.872664626  -42.103824547   -7.033643757  -25.323998983
   -1.396263402   -0.872664626  -43.259428306   -5.642291701  -29.462360614
   -1.221730476   -0.872664626  -43.896067801   -1.252031538  -32.508289348
   -1.047197551   -0.872664626  -43.585421849    4.965872344  -33.666803994
   -0.872664626   -0.872664626  -42.144425963   11.423568394  -32.426820302
   -0.698131701   -0.872664626  -39.671079335   16.513268481  -28.775371124
   -0.523598776   -0.872664626  -36.539116833   18.742160721  -23.254841231
   -0.349065850   -0.872664626  -33.373281350   16.684761338  -16.843562319
   -0.174532925   -0.872664626  -31.029227919    9.182781168  -10.675236563
    0.000000000   -0.872664626  -30.492171269   -3.912178369   -5.722954732
    0.174532925   -0.872664626  -32.611046350  -20.749040360   -2.555693241
    0.349065850   -0.872664626  -37.691469407  -36.896308485   -1.218682616
    0.523598776   -0.872664626  -45.087487088  -46.249072237   -1.297050734
    0.698131701   -0.872664626  -53.103898009  -43.313862608   -2.093534668
    0.872664626   -0.872664626  -59.366102152  -26.287172626   -2.876270308
    1.047197551   -0.872664626  -61.652232055    1.216679630   -3.129310804
    1.221730476   -0.872664626  -58.796208213   31.088540228   -2.696301943
    1.396263402   -0.872664626  -51.192326767   54.245599474   -1.781970798
    1.570796327   -0.872664626  -40.608545139   64.652239300   -0.779800440
    1.745329252   -0.872664626  -29.427617840   61.356584783   -0.058790058
    1.919862177   -0.872664626  -19.791648593   47.730922068    0.179468854
    2.094395102   -0.872664626  -13.070128878   28.819589910   -0.079529750
    2.268928028   -0.872664626   -9.787915661    8.880070672   -0.728114935
    2.443460953   -0.872664626   -9.870832201   -9.415788637   -1.602923938
    2.617993878   -0.872664626  -12.881982357  -24.458934589   -2.522524708
    2.792526803   -0.872664626  -18.129865160  -34.804412857   -3.313052238
    2.967059728   -0.872664626  -24.661640883  -39.029119869   -3.858492835

   -3.141592654   -0.698131701  -31.597579883  -36.635854999    0.972196392
   -2.967059728   -0.698131701  -37.335373556  -28.398566268    0.164170203
   -2.792526803   -0.698131701  -41.323878500  -17.114178884   -1.540153234
   -2.617993878   -0.698131701  -43.338762628   -6.354013899   -4.074825080
   -2.443460953   -0.698131701  -43.758058214    0.765810322   -7.158582666
   -2.268928028   -0.698131701  -43.373963686    2.782115547  -10.466590370
   -2.094395102   -0.698131701  -43.054918510    0.272867910  -13.814494535
   -1.919862177   -0.698131701  -43.418096867   -4.600877158  -17.198516102
   -1.745329252   -0.698131701  -44.637768690   -9.087120879  -20.642502535
   -1.570796327   -0.698131701  -46.428789037  -10.839489864  -23.971485014
   -1.396263402   -0.698131701  -48.188691286   -8.631232350  -26.695065119
   -1.221730476   -0.698131701  -49.218237291   -2.639794041  -28.107802698
   -1.047197551   -0.698131701  -48.963630078    5.780786695  -27.570877337
   -0.872664626   -0.698131701  -47.173622325   14.588161338  -24.820824074
   -0.698131701   -0.698131701  -43.969921757   21.607686746  -20.148190437
   -0.523598776   -0.698131701  -39.843515691   24.864064095  -14.353586229
   -0.349065850   -0.698131701  -35.600210513   22.720217158   -8.521771848
   -0.174532925   -0.698131701  -32.284825385   14.135789000   -3.665414064
    0.000000000   -0.698131701  -31.024860268   -0.644533361   -0.418204213
    0.174532925   -0.698131701  -32.729723054  -19.241114341    1.113421893
    0.349065850   -0.698131701  -37.674538665  -36.753077817    1.328940867
    0.523598776   -0.698131701  -45.115550382  -46.788254985    0.925180842
    0.698131701   -0.698131701  -53.232169558  -43.826746815    0.623577817
    0.872664626   -0.698131701  -59.543040664  -26.290999584    0.895320411
    1.047197551   -0.698131701  -61.774713036    1.823493794    1.801149317
    1.221730476   -0.698131701  -58.775726905   32.048539398    3.012389889
    1.396263402   -0.698131701  -51.003587136   55.136990289    4.014483022
    1.570796327   -0.698131701  -40.296569995   65.129539203    4.405366201
    1.745329252   -0.698131701  -29.079761286   61.293021094    4.079048478
    1.919862177   -0.698131701  -19.496603176   47.222988623    3.228134716
    2.094395102   -0.698131701  -12.887685984   28.077109253    2.199227916
    2.268928028   -0.698131701   -9.739720638    8.118799993    1.317810042
    2.443460953   -0.698131701   -9.945274330  -10.036738347    0.793395058
    2.617993878   -0.698131701  -13.046120138  -24.858044495    0.678707297
    2.792526803   -0.698131701  -18.344293126  -34.995092696    0.865146817
    2.967059728   -0.698131701  -24.899813528  -39.145297392    1.086697296

   -3.141592654   -0.523598776  -31.052360180  -37.260536636    4.969003333
   -2.967059728   -0.523598776  -36.997827026  -30.166945394    3.376446966
   -2.792526803   -0.523598776  -41.392642994  -19.951188565    0.453264073
   -2.617993878   -0.523598776  -43.968249164   -9.855475171   -3.364963108
   -2.443460953   -0.523598776  -45.018360271   -2.881040240   -7.412383145
   -2.268928028   -0.523598776  -45.255176175   -0.650197120  -11.120713634
   -2.094395102   -0.523598776  -45.509398811   -2.875480317  -14.260158441
   -1.919862177   -0.523598776  -46.405464873   -7.579579602  -16.925944820
   -1.745329252   -0.523598776  -48.134012249  -11.922023272  -19.281524872
   -1.570796327   -0.523598776  -50.389020256  -13.243895784  -21.258692481
   -1.396263402   -0.523598776  -52.488661373  -10.003831275  -22.435138122
   -1.221730476   -0.523598776  -53.618312905   -2.312465909  -22.193385280
   -1.047197551   -0.523598776  -53.127110954    8.193845956  -20.061040578
   -0.872664626   -0.523598776  -50.740832861   18.934591820  -16.038385658
   -0.698131701   -0.523598776  -46.658935673   27.169999602  -10.721335252
   -0.523598776   -0.523598776  -41.532677960   30.565451938   -5.135559912
   -0.349065850   -0.523598776  -36.360756328   27.499480824   -0.391572172
   -0.174532925   -0.523598776  -32.345887548   17.297602560    2.728853901
    0.000000000   -0.523598776  -30.688592375    0.769124331    4.031586632
    0.174532925   -0.523598776  -32.271759577  -19.151844458    3.926576402
    0.349065850   -0.523598776  -37.262566679  -37.229848660    3.240890846
    0.523598776   -0.523598776  -44.776962015  -47.037451703    2.867653759
    0.698131701   -0.523598776  -52.875364919  -43.328500286    3.430026467
    0.872664626   -0.523598776  -59.025801258  -24.993290219    5.023561276
    1.047197551   -0.523598776  -60.989148848    3.495276419    7.191825814
    1.221730476   -0.523598776  -57.713603319   33.426407791    9.130919248
    1.396263402   -0.523598776  -49.768995077   55.668363011   10.083712872
    1.570796327   -0.523598776  -39.058529720   64.648828745    9.720917740
    1.745329252   -0.523598776  -27.998288182   60.054950393    8.255844462
    1.919862177   -0.523598776  -18.661995623   45.728299147    6.290089943
    2.094395102   -0.523598776  -12.299418407   26.821650589    4.507602668
    2.268928028   -0.523598776   -9.324478367    7.428687380    3.405785937
    2.443460953   -0.523598776   -9.593156097  -10.073976728    3.185021445
    2.617993878   -0.523598776  -12.652931366  -24.393186597    3.722944670
    2.792526803   -0.523598776  -17.851193126  -34.393595844    4.612745371
    2.967059728   -0.523598776  -24.325965605  -38.912443487    5.241409380

   -3.141592654   -0.349065850  -29.978045487  -38.428717896    6.951752899
   -2.967059728   -0.349065850  -36.265431508  -32.891312827    4.663188582
   -2.792526803   -0.349065850  -41.249251115  -23.867779246    0.931914120
   -2.617993878   -0.349065850  -44.559313304  -14.215678805   -3.539119263
   -2.443460953   -0.349065850  -46.351563188   -6.917625343   -7.874372773
   -2.268928028   -0.349065850  -47.229588602   -3.927847492  -11.429222477
   -2.094395102   -0.349065850  -47.987095105   -5.396772750  -14.023660416
   -1.919862177   -0.349065850  -49.274912197   -9.589407947  -15.860330419
   -1.745329252   -0.349065850  -51.321568936  -13.553271745  -17.194786361
   -1.570796327   -0.349065850  -53.814730189  -14.270872136  -18.007535267
   -1.396263402   -0.349065850  -56.002311353   -9.881170403  -17.907081342
   -1.221730476   -0.349065850  -56.968759692   -0.488609203  -16.352491900
   -1.047197551   -0.349065850  -55.995162348   11.885234943  -13.036997945
   -0.872664626   -0.349065850  -52.829345636   24.052616247   -8.210080813
   -0.698131701   -0.349065850  -47.798075430   32.740534172   -2.724541812
   -0.523598776   -0.349065850  -41.745737322   35.413434684    2.247489473
   -0.349065850   -0.349065850  -35.860661408   30.707966368    5.657862978
   -0.174532925   -0.349065850  -31.457042264   18.546450893    7.016934213
    0.000000000   -0.349065850  -29.729881123    0.429132550    6.575761211
    0.174532925   -0.349065850  -31.448685099  -20.190921544    5.206872011
    0.349065850   -0.349065850  -36.605794799  -37.933294363    4.064769648
    0.523598776   -0.349065850  -44.152688270  -46.615983883    4.120966491
    0.698131701   -0.349065850  -52.057193713  -41.557383519    5.801336995
    0.872664626   -0.349065850  -57.807336703  -22.306472977    8.781935217
    1.047197551   -0.349065850  -59.287447320    6.165705391   12.117759662
    1.221730476   -0.349065850  -55.621252444   35.081609823   14.622905837
    1.396263402   -0.349065850  -47.524064473   55.717893772   15.406897243
    1.570796327   -0.349065850  -36.944978854   63.164020360   14.280891787
    1.745329252   -0.349065850  -26.234577335   57.674065113   11.775287877
    1.919862177   -0.349065850  -17.329769919   43.312400765    8.839251835
    2.094395102   -0.349065850  -11.337439401   25.089139094    6.406912789
    2.268928028   -0.349065850   -8.575186878    6.754058036    5.070080132
    2.443460953   -0.349065850   -8.868379279   -9.716102693    4.972942264
    2.617993878   -0.349065850  -11.801362230  -23.387994545    5.820028298
    2.792526803   -0.349065850  -16.814258648  -33.403349508    6.972517836
    2.967059728   -0.349065850  -23.173455157  -38.702347103    7.600100459

   -3.141592654   -0.174532925  -28.739207678  -40.077779353    6.934520494
   -2.967059728   -0.174532925  -35.459932270  -36.149545933    4.332143134
   -2.792526803   -0.174532925  -41.116240242  -28.176185205    0.475380705
   -2.617993878   -0.174532925  -45.205311549  -18.678943146   -3.851922854
   -2.443460953   -0.174532925  -47.728903880  -10.730910807   -7.796468707
   -2.268928028   -0.174532925  -49.184524474   -6.715359432  -10.814199330
   -2.094395102   -0.174532925  -50.343434807   -7.255685079  -12.834478203
   -1.919862177   -0.174532925  -51.897527081  -10.829918766  -14.112853050
   -1.745329252   -0.174532925  -54.119910173  -14.320627307  -14.883017003
   -1.570796327   -0.174532925  -56.691330904  -14.327605404  -15.065492468
   -1.396263402   -0.174532925  -58.789508148   -8.707093427  -14.236593055
   -1.221730476   -0.174532925  -59.409790981    2.353403125  -11.913992201
   -1.047197551   -0.174532925  -57.793979541   16.349012720   -7.955134898
   -0.872664626   -0.174532925  -53.753464116   29.447891817   -2.835807827
   -0.698131701   -0.174532925  -47.781507108   37.913506662    2.399432808
   -0.523598776   -0.174532925  -40.933198624   39.183435283    6.522894068
   -0.349065850   -0.174532925  -34.568812835   32.366865075    8.623014625
   -0.174532925   -0.174532925  -30.061399422   18.150648520    8.513427060
    0.000000000   -0.174532925  -28.528033846   -1.217938785    6.820009707
    0.174532925   -0.174532925  -30.554771596  -21.852605811    4.747027775
    0.349065850   -0.174532925  -35.914597525  -38.429149975    3.627993994
    0.523598776   -0.174532925  -43.391344805  -45.264149512    4.396182661
    0.698131701   -0.174532925  -50.899918205  -38.470947872    7.230476404
    0.872664626   -0.174532925  -56.019460379  -18.370926208   11.424726444
    1.047197551   -0.174532925  -56.834446748    9.618555085   15.654444254
    1.221730476   -0.174532925  -52.698345753   36.852121011   18.499120754
    1.396263402   -0.174532925  -44.484744264   55.269286146   19.052312918
    1.570796327   -0.174532925  -34.160544419   60.814287319   17.299018557
    1.745329252   -0.174532925  -23.959922534   54.375860112   14.027493991
    1.919862177   -0.174532925  -15.632073578   40.178638550   10.416178641
    2.094395102   -0.174532925  -10.107861249   22.960151400    7.526144642
    2.268928028   -0.174532925   -7.599530108    5.990021389    5.959829179
    2.443460953   -0.174532925   -7.914044345   -9.259893914    5.782680491
    2.617993878   -0.174532925  -10.699119514  -22.269730323    6.575240860
    2.792526803   -0.174532925  -15.518043997  -32.450581599    7.587242109
    2.967059728   -0.174532925  -21.788757371  -38.768393627    7.940735961

   -3.141592654    0.000000000  -27.639780602  -41.927750322    5.481441314
   -2.967059728    0.000000000  -34.807539585  -39.347328185    3.030629429
   -2.792526803    0.000000000  -41.098524908  -32.114732094   -0.295789020
   -2.617993878    0.000000000  -45.879775042  -22.539554279   -3.815272969
   -2.443460953    0.000000000  -49.020911945  -13.873059410   -6.891448591
   -2.268928028    0.000000000  -50.943190788   -8.924449939   -9.209393576
   -2.094395102    0.000000000  -52.416875855   -8.702550388  -10.829264174
   -1.919862177    0.000000000  -54.177538642  -11.782821433  -11.985152009
   -1.745329252    0.000000000  -56.528080859  -14.809229519  -12.768366595
   -1.570796327    0.000000000  -59.121803687  -14.009315619  -12.929053255
   -1.396263402    0.000000000  -61.054862448   -7.048437223  -11.947852603
   -1.221730476    0.000000000  -61.242171281    5.676712753   -9.383100647
   -1.047197551    0.000000000  -58.914983707   21.084862237   -5.256402420
   -0.872664626    0.000000000  -53.985930460   34.699438721   -0.248306293
   -0.698131701    0.000000000  -47.142848842   42.428332846    4.465858414
   -0.523598776    0.000000000  -39.653916711   41.859659063    7.684486022
   -0.349065850    0.000000000  -33.022455838   32.739636967    8.687510337
   -0.174532925    0.000000000  -28.628782847   16.604051565    7.573329151
    0.000000000    0.000000000  -27.455418132   -3.574302565    5.239930801
    0.174532925    0.000000000  -29.860751033  -23.597127059    3.065633908
    0.349065850    0.000000000  -35.381060181  -38.375205142    2.404075379
    0.523598776    0.000000000  -42.648352686  -42.909802117    4.046955595
    0.698131701    0.000000000  -49.569312420  -34.248453655    7.910021465
    0.872664626    0.000000000  -53.874091563  -13.514660561   12.985196666
    1.047197551    0.000000000  -53.901042925   13.533686492   17.713377360
    1.221730476    0.000000000  -49.260119641   38.569992206   20.602434008
    1.396263402    0.000000000  -40.976233120   54.378456944   20.841204375
    1.570796327    0.000000000  -31.002441548   57.850360470   18.603799496
    1.745329252    0.000000000  -21.418377971   50.495485344   14.859108566
    1.919862177    0.000000000  -13.757016671   36.610440079   10.885214594
    2.094395102    0.000000000   -8.762051782   20.558724546    7.746640188
    2.268928028    0.000000000   -6.545116481    5.053808608    5.983364672
    2.443460953    0.000000000   -6.908983662   -8.969763704    5.578727354
    2.617993878    0.000000000   -9.580489225  -21.387888925    6.056888457
    2.792526803    0.000000000  -14.254407705  -31.817317188    6.679848033
    2.967059728    0.000000000  -20.495051494  -39.162388252    6.667924538

   -3.141592654    0.174532925  -26.869552701  -43.668116598    3.251485625
   -2.967059728    0.174532925  -34.426370610  -41.990798589    1.279068383
   -2.792526803    0.174532925  -41.220845529  -35.133495081   -1.128086346
   -2.617993878    0.174532925  -46.518235913  -25.350509949   -3.496521837
   -2.443460953    0.174532925  -50.103711197  -16.125496680   -5.501327538
   -2.268928028    0.174532925  -52.367731040  -10.614132905   -7.105799066
   -2.094395102    0.174532925  -54.102190628  -10.040783193   -8.494589915
   -1.919862177    0.174532925  -56.077837641  -12.908571436   -9.831487676
   -1.745329252    0.174532925  -58.595849579  -15.539453489  -11.000472634
   -1.570796327    0.174532925  -61.246580667  -13.826994408  -11.527351125
   -1.396263402    0.174532925  -63.024895957   -5.378978331  -10.771171410
   -1.221730476    0.174532925  -62.771603097    9.046697286   -8.325938186
   -1.047197551    0.174532925  -59.735614986   25.708765750   -4.371655220
   -0.872664626    0.174532925  -53.963768617   39.519391758    0.241081538
   -0.698131701    0.174532925  -46.355554686   46.170155698    4.274549905
   -0.523598776    0.174532925  -38.380963970   43.571423618    6.630782752
   -0.349065850    0.174532925  -31.649095814   32.215354597    6.824748806
   -0.174532925    0.174532925  -27.500352982   14.489314647    5.211001542
    0.000000000    0.174532925  -26.744360553   -6.001833544    2.857469484
    0.174532925    0.174532925  -29.494746728  -24.895266297    1.168629308
    0.349065850    0.174532925  -35.060541347  -37.483655429    1.373341017
    0.523598776    0.174532925  -41.954739847  -39.564671363    4.029442541
    0.698131701    0.174532925  -48.122592231  -29.164262984    8.776122493
    0.872664626    0.174532925  -51.491032419   -8.156788430   14.375956224
    1.047197551    0.174532925  -50.681195013   17.507951885   19.166274361
    1.221730476    0.174532925  -45.558889937   39.988285380   21.728657118
    1.396263402    0.174532925  -37.274670910   53.020938746   21.450835460
    1.570796327    0.174532925  -27.732967993   54.442669735   18.721625378
    1.745329252    0.174532925  -18.832495099   46.297039559   14.640085131
    1.919862177    0.174532925  -11.881819913   32.843520166   10.487204757
    2.094395102    0.174532925   -7.445723577   17.999286830    7.235686724
    2.268928028    0.174532925   -5.551247857    3.904796043    5.307031468
    2.443460953    0.174532925   -6.011234804   -9.008576069    4.602327024
    2.617993878    0.174532925   -8.636476697  -20.939045220    4.642163025
    2.792526803    0.174532925  -13.243009378  -31.615087539    4.784985583
    2.967059728    0.174532925  -19.516104549  -39.805919586    4.432763018

   -3.141592654    0.349065850  -26.517069226  -45.112260254    0.780229319
   -2.967059728    0.349065850  -34.367771053  -43.850846066   -0.617324450
   -2.792526803    0.349065850  -41.495562904  -37.025945505   -2.043422391
   -2.617993878    0.349065850  -47.103143731  -26.982430568   -3.250948151
   -2.443460953    0.349065850  -50.945951129  -17.460748703   -4.214718102
   -2.268928028    0.349065850  -53.430659268  -11.852828756   -5.146709306
   -2.094395102    0.349065850  -55.390406689  -11.408911061   -6.328533818
   -1.919862177    0.349065850  -57.617537083  -14.386106726   -7.845278217
   -1.745329252    0.349065850  -60.375570954  -16.711511663   -9.390852234
   -1.570796327    0.349065850  -63.154548520  -14.000704676  -10.304328090
   -1.396263402    0.349065850  -64.829390879   -3.949116466   -9.866214515
   -1.221730476    0.349065850  -64.174496001   12.180372760   -7.728452321
   -1.047197551    0.349065850  -60.482571172   29.935844442   -4.208183871
   -0.872664626    0.349065850  -53.958692480   43.691661217   -0.251697361
   -0.698131701    0.349065850  -45.716471637   49.082205350    2.947098987
   -0.523598776    0.349065850  -37.401876987   44.490554499    4.487492748
   -0.349065850    0.349065850  -30.685243942   31.201464908    4.159484667
   -0.174532925    0.349065850  -26.825341806   12.382386479    2.536888532
    0.000000000    0.349065850  -26.437771797   -7.881693669    0.758223326
    0.174532925    0.349065850  -29.398429201  -25.228974003    0.122173165
    0.349065850    0.349065850  -34.822031936  -35.454410362    1.607394238
    0.523598776    0.349065850  -41.150892807  -35.204992763    5.453448769
    0.698131701    0.349065850  -46.419240560  -23.451537042   10.997854489
    0.872664626    0.349065850  -48.786790511   -2.697938851   16.817083368
    1.047197551    0.349065850  -47.166673775   21.102243162   21.242713916
    1.221730476    0.349065850  -41.657174665   40.752532213   23.046712811
    1.396263402    0.349065850  -33.491150878   50.999848306   21.912993206
    1.570796327    0.349065850  -24.483050719   50.555392216   18.491166415
    1.745329252    0.349065850  -16.329202290   41.849266174   14.000582159
    1.919862177    0.349065850  -10.118123080   28.970995868    9.675495695
    2.094395102    0.349065850   -6.257231030   15.333197785    6.338886638
    2.268928028    0.349065850   -4.713253949    2.526169866    4.255295321
    2.443460953    0.349065850   -5.323955893   -9.442074806    3.236711033
    2.617993878    0.349065850   -7.982362360  -20.986168742    2.821881953
    2.792526803    0.349065850  -12.605524870  -31.845054444    2.496385411
    2.967059728    0.349065850  -18.965551315  -40.602979141    1.862090369

   -3.141592654    0.523598776  -26.590943405  -46.226548733   -1.591997126
   -2.967059728    0.523598776  -34.639265865  -44.951799472   -2.480679043
   -2.792526803    0.523598776  -41.940137489  -37.879159318   -3.075283865
   -2.617993878    0.523598776  -47.670399836  -27.551073368   -3.317163578
   -2.443460953    0.523598776  -51.602033069  -17.964707944   -3.405157199
   -2.268928028    0.523598776  -54.194736636  -12.643609686   -3.718773936
   -2.094395102    0.523598776  -56.335887059  -12.708397184   -4.588954894
   -1.919862177    0.523598776  -58.826694208  -16.044319865   -6.035814950
   -1.745329252    0.523598776  -61.866013892  -18.152031766   -7.641197782
   -1.570796327    0.523598776  -64.820308444  -14.440989888   -8.674582020
   -1.396263402    0.523598776  -66.439670483   -2.817599664   -8.447654908
   -1.221730476    0.523598776  -65.446252021   14.865451070   -6.719631914
   -1.047197551    0.523598776  -61.197139956   33.469931019   -3.902305192
   -0.872664626    0.523598776  -54.062191836   46.960686119   -0.913419024
   -0.698131701    0.523598776  -45.348648895   51.076618400    1.250781193
   -0.523598776    0.523598776  -36.834369120   44.772464385    1.999064741
   -0.349065850    0.523598776  -30.200134253   30.089450570    1.424528904
   -0.174532925    0.523598776  -26.589546840   10.829864790    0.260156254
    0.000000000    0.523598776  -26.421353080   -8.635573674   -0.397918680
    0.174532925    0.523598776  -29.363084970  -24.114301322    0.518137645
    0.349065850    0.523598776  -34.388135767  -31.996171898    3.634208610
    0.523598776    0.523598776  -39.929557476  -29.783761183    8.810983915
    0.698131701    0.523598776  -44.164916415  -17.299080081   15.071516142
    0.872664626    0.523598776  -45.516285720    2.502327739   20.843676863
    1.047197551    0.523598776  -43.183031672   23.884153260   24.530828911
    1.221730476    0.523598776  -37.454754719   40.458928082   25.181448537
    1.396263402    0.523598776  -29.587954809   48.009881114   22.848315987
    1.570796327    0.523598776  -21.257664486   46.004238707   18.480444775
    1.745329252    0.523598776  -13.936306722   37.068924049   13.420772784
    1.919862177    0.523598776   -8.502383145   24.969911362    8.837159151
    2.094395102    0.523598776   -5.234712113   12.559802324    5.377084769
    2.268928028    0.523598776   -4.069027364    0.920448445    3.130097954
    2.443460953    0.523598776   -4.884289737  -10.261878958    1.812163368
    2.617993878    0.523598776   -7.652376348  -21.501987424    0.980804649
    2.792526803    0.523598776  -12.369313200  -32.455670329    0.243101145
    2.967059728    0.523598776  -18.860664919  -41.494292359   -0.620613740

   -3.141592654    0.698131701  -27.049922174  -47.058487734   -3.590107638
   -2.967059728    0.698131701  -35.216721842  -45.441926401   -4.075658423
   -2.792526803    0.698131701  -42.563924750  -37.920182313   -4.044878817
   -2.617993878    0.698131701  -48.270901340  -27.290186395   -3.577539834
   -2.443460953    0.698131701  -52.157152149  -17.780295224   -3.004894877
   -2.268928028    0.698131701  -54.755947371  -12.957364266   -2.774438670
   -2.094395102    0.698131701  -57.012260979  -13.714874513   -3.205029521
   -1.919862177    0.698131701  -59.726259118  -17.520005049   -4.266788507
   -1.745329252    0.698131701  -63.021328284  -19.483090138   -5.529416847
   -1.570796327    0.698131701  -66.141458535  -14.900377437   -6.345029094
   -1.396263402    0.698131701  -67.729413754   -1.967555595   -6.194119346
   -1.221730476    0.698131701  -66.478619635   16.887463159   -4.995587713
   -1.047197551    0.698131701  -61.821510904   35.972671314   -3.188377739
   -0.872664626    0.698131701  -54.274147756   49.033777950   -1.503576178
   -0.698131701    0.698131701  -45.287643937   52.056477347   -0.566537494
   -0.523598776    0.698131701  -36.708283473   44.581124561   -0.556415654
   -0.349065850    0.698131701  -30.174330752   29.265637050   -1.084443665
   -0.174532925    0.698131701  -26.694535700   10.328761028   -1.358163699
    0.000000000    0.698131701  -26.509987519   -7.789100247   -0.462684455
    0.174532925    0.698131701  -29.131032592  -21.209203684    2.315547151
    0.349065850    0.698131701  -33.458121363  -26.962807302    7.178231895
    0.523598776    0.698131701  -37.982874249  -23.362766974   13.598558531
    0.698131701    0.698131701  -41.078226435  -10.938537856   20.330579352
    0.872664626    0.698131701  -41.448360996    7.115882355   25.734698889
    1.047197551    0.698131701  -38.558883325   25.508881717   28.375259883
    1.221730476    0.698131701  -32.836852815   38.810769861   27.636806267
    1.396263402    0.698131701  -25.495372950   43.833035413   23.960410588
    1.570796327    0.698131701  -18.018187785   40.648495029   18.577689610
    1.745329252    0.698131701  -11.634260217   31.874769086   12.923075599
    1.919862177    0.698131701   -7.025475982   20.799761648    8.074313802
    2.094395102    0.698131701   -4.373492054    9.668411988    4.496113444
    2.268928028    0.698131701   -3.613423487   -0.895992749    2.108971660
    2.443460953    0.698131701   -4.681814963  -11.423570770    0.540556024
    2.617993878    0.698131701   -7.626198974  -22.419191970   -0.631961195
    2.792526803    0.698131701  -12.501784186  -33.377943105   -1.695638532
    2.967059728    0.698131701  -19.159389837  -42.448243368   -2.725278877

   -3.141592654    0.872664626  -27.812613400  -47.644210525   -5.110798720
   -2.967059728    0.872664626  -36.034224081  -45.462224251   -5.274950287
   -2.792526803    0.872664626  -43.333748097  -37.375177221   -4.790876692
   -2.617993878    0.872664626  -48.913715579  -26.442982554   -3.837183209
   -2.443460953    0.872664626  -52.657322245  -17.070923457   -2.801842151
   -2.268928028    0.872664626  -55.175290391  -12.791505778   -2.114030502
   -2.094395102    0.872664626  -57.462842173  -14.230263299   -2.024983142
   -1.919862177    0.872664626  -60.311331916  -18.475458239   -2.467706898
   -1.745329252    0.872664626  -63.774634010  -20.357868484   -3.090462776
   -1.570796327    0.872664626  -67.000935523  -15.173217370   -3.462593312
   -1.396263402    0.872664626  -68.565455810   -1.427349958   -3.343360582
   -1.221730476    0.872664626  -67.163272734   18.004202591   -2.832443849
   -1.047197551    0.872664626  -62.299472970   37.116995763   -2.307800983
   -0.872664626    0.872664626  -54.590160656   49.672745433   -2.162485126
   -0.698131701    0.872664626  -45.552917584   52.000467185   -2.516313967
   -0.523598776    0.872664626  -37.025375363   44.133832904   -3.089079890
   -0.349065850    0.872664626  -30.556299525   29.102418126   -3.257977398
   -0.174532925    0.872664626  -27.020513782   11.263756487   -2.303300384
    0.000000000    0.872664626  -26.525958259   -5.083718292    0.363407907
    0.174532925    0.872664626  -28.497079128  -16.466011564    4.998659310
    0.349065850    0.872664626  -31.838283980  -20.528423031   11.354829406
    0.523598776    0.872664626  -35.163061419  -16.278701730   18.577098520
    0.698131701    0.872664626  -37.076759332   -4.762144730   25.275577161
    0.872664626    0.872664626  -36.565490180   10.810328424   29.890157890
    1.047197551    0.872664626  -33.323408150   25.780704226   31.260135118
    1.221730476    0.872664626  -27.853192708   35.764329708   29.138814077
    1.396263402    0.872664626  -21.260301317   38.534979991   24.304105972
    1.570796327    0.872664626  -14.795358146   34.596246663   18.170947606
    1.745329252    0.872664626   -9.435244178   26.365400354   12.170383421
    1.919862177    0.872664626   -5.684814568   16.531390633    7.240722381
    2.094395102    0.872664626   -3.660462347    6.712814271    3.664147106
    2.268928028    0.872664626   -3.323899284   -2.865122069    1.221252829
    2.443460953    0.872664626   -4.682260172  -12.849048864   -0.517811826
    2.617993878    0.872664626   -7.854138994  -23.640855809   -1.940596748
    2.792526803    0.872664626  -12.936259531  -34.519248788   -3.235830877
    2.967059728    0.872664626  -19.782013360  -43.416355636   -4.361161419

   -3.141592654    1.047197551  -28.811211881  -48.026525590   -6.342739423
   -2.967059728    1.047197551  -37.038265688  -45.133028806   -6.259102440
   -2.792526803    1.047197551  -44.222861885  -36.424113077   -5.446252531
   -2.617993878    1.047197551  -49.605201413  -25.198050051   -4.152694142
   -2.443460953    1.047197551  -53.137465342  -15.963244000   -2.776160775
   -2.268928028    1.047197551  -55.499708694  -12.149881783   -1.678786020
   -2.094395102    1.047197551  -57.722937256  -14.120321687   -1.020199588
   -1.919862177    1.047197551  -60.584988129  -18.689691088   -0.718384701
   -1.745329252    1.047197551  -64.090219679  -20.572361333   -0.566700537
   -1.570796327    1.047197551  -67.336823645  -15.177146796   -0.429947322
   -1.396263402    1.047197551  -68.885841517   -1.278421158   -0.385652175
   -1.221730476    1.047197551  -67.463683447   18.022591698   -0.683126678
   -1.047197551    1.047197551  -62.629389058   36.719221948   -1.548015169
   -0.872664626    1.047197551  -55.030642839   48.825030455   -2.939145146
   -0.698131701    1.047197551  -46.158122828   51.040295478   -4.430487298
   -0.523598776    1.047197551  -37.762848788   43.700456392   -5.323754986
   -0.349065850    1.047197551  -31.272334165   29.889904852   -4.873452497
   -0.174532925    1.047197551  -27.451695091   13.804945523   -2.561299635
    0.000000000    1.047197551  -26.342524974   -0.577760534    1.772720669
    0.174532925    1.047197551  -27.367949046  -10.209835381    7.885739741
    0.349065850    1.047197551  -29.512542529  -13.237168892   15.117063195
    0.523598776    1.047197551  -31.559400808   -9.167383448   22.400157685
    0.698131701    1.047197551  -32.356419253    0.673747872   28.376465777
    0.872664626    1.047197551  -31.142089663   13.263174677   31.744575477
    1.047197551    1.047197551  -27.780731951   24.684015173   31.733683764
    1.221730476    1.047197551  -22.785655716   31.574618021   28.466959475
    1.396263402    1.047197551  -17.104888943   32.521784240   22.949141796
    1.570796327    1.047197551  -11.737520956   28.265938702   16.617691186
    1.745329252    1.047197551   -7.420917107   20.876329918   10.760234086
    1.919862177    1.047197551   -4.513259984   12.389564488    6.105691658
    2.094395102    1.047197551   -3.097422052    3.831261884    2.755342540
    2.268928028    1.047197551   -3.182606173   -4.893011218    0.390901684
    2.443460953    1.047197551   -4.852728285  -14.455722690   -1.429923938
    2.617993878    1.047197551   -8.288993791  -25.085698009   -3.031890552
    2.792526803    1.047197551  -13.612291996  -35.813092784   -4.501273534
    2.967059728    1.047197551  -20.659568229  -44.373881839   -5.692146393

   -3.141592654    1.221730476  -30.041914488  -48.288803468   -7.892999844
   -2.967059728    1.221730476  -38.242395778  -44.567223961   -7.702320305
   -2.792526803    1.221730476  -45.265558194  -35.186715700   -6.685367376
   -2.617993878    1.221730476  -50.398817018  -23.649627634   -5.131037317
   -2.443460953    1.221730476  -53.662887798  -14.494437338   -3.427394020
   -2.268928028    1.221730476  -55.794703615  -10.997407090   -1.868757770
   -2.094395102    1.221730476  -57.846487174  -13.293226099   -0.546394097
   -1.919862177    1.221730476  -60.583428652  -18.060848166    0.594648004
   -1.745329252    1.221730476  -63.989782083  -20.070484428    1.574234605
   -1.570796327    1.221730476  -67.167417272  -14.929557181    2.219075880
   -1.396263402    1.221730476  -68.716626482   -1.582746367    2.169460081
   -1.221730476    1.221730476  -67.415281751   16.912691514    1.100616988
   -1.047197551    1.221730476  -62.843264599   34.859282689   -0.991351767
   -0.872664626    1.221730476  -55.601705325   46.704570815   -3.619279521
   -0.698131701    1.221730476  -47.063791723   49.470453822   -5.883664118
   -0.523598776    1.221730476  -38.830862179   43.541432476   -6.795025804
   -0.349065850    1.221730476  -32.199113353   31.732459887   -5.617173603
   -0.174532925    1.221730476  -27.866970231   17.812570960   -2.113516872
    0.000000000    1.221730476  -25.886925393    5.314457739    3.436140644
    0.174532925    1.221730476  -25.765057172   -3.094805053   10.339161444
    0.349065850    1.221730476  -26.630542338   -5.882640528   17.619429122
    0.523598776    1.221730476  -27.461150646   -2.804331576   24.135714941
    0.698131701    1.221730476  -27.327081182    4.791771154   28.723626653
    0.872664626    1.221730476  -25.660385224   14.238937940   30.487457715
    1.047197551    1.221730476  -22.420086509   22.370925693   29.122872645
    1.221730476    1.221730476  -18.067847716   26.704688243   25.092889677
    1.396263402    1.221730476  -13.366169935   26.408070136   19.497691056
    1.570796327    1.221730476   -9.073763924   22.255661857   13.627125395
    1.745329252    1.221730476   -5.726101713   15.878082136    8.483714476
    1.919862177    1.221730476   -3.577492064    8.685907724    4.515775921
    2.094395102    1.221730476   -2.708789518    1.203758400    1.643002919
    2.268928028    1.221730476   -3.190547044   -6.883490226   -0.515312315
    2.443460953    1.221730476   -5.181833867  -16.192798176   -2.372367969
    2.617993878    1.221730476   -8.913107225  -26.731268034   -4.163311896
    2.792526803    1.221730476  -14.510722520  -37.266718870   -5.861124535
    2.967059728    1.221730476  -21.777145816  -45.365142654   -7.213061470

   -3.141592654    1.396263402  -31.614574907  -48.615397610  -10.336638300
   -2.967059728    1.396263402  -39.786742013  -43.921550662  -10.241937014
   -2.792526803    1.396263402  -46.624326984  -33.757727726   -9.155332394
   -2.617993878    1.396263402  -51.466695728  -21.812536514   -7.380456104
   -2.443460953    1.396263402  -54.401627378  -12.606337029   -5.301837779
   -2.268928028    1.396263402  -56.213966637   -9.235057540   -3.183747541
   -2.094395102    1.396263402  -57.969700146  -11.655526143   -1.103287823
   -1.919862177    1.396263402  -60.430036741  -16.539701061    0.924433983
   -1.745329252    1.396263402  -63.592624859  -18.851514106    2.729922021
   -1.570796327    1.396263402  -66.613183189  -14.432843301    3.883370926
   -1.396263402    1.396263402  -68.173020417   -2.262908134    3.834841900
   -1.221730476    1.396263402  -67.107102857   14.906062883    2.268150290
   -1.047197551    1.396263402  -62.974964902   31.932774825   -0.581720747
   -0.872664626    1.396263402  -56.259259765   43.786975706   -3.865024268
   -0.698131701    1.396263402  -48.146699678   47.695035444   -6.378211017
   -0.523598776    1.396263402  -40.053565539   43.832704610   -7.022667873
   -0.349065850    1.396263402  -33.157255104   34.486515507   -5.191205787
   -0.174532925    1.396263402  -28.140540917   22.823497494   -0.937682937
    0.000000000    1.396263402  -25.137029441   11.885003383    5.109235729
    0.174532925    1.396263402  -23.802948900    4.041414421   11.950433120
    0.349065850    1.396263402  -23.454824802    0.699014477   18.441956749
    0.523598776    1.396263402  -23.266713466    2.113260743   23.495693353
    0.698131701    1.396263402  -22.487291763    7.160068100   26.243326223
    0.872664626    1.396263402  -20.664451142   13.653955542   26.258314929
    1.047197551    1.396263402  -17.768884611   19.108429156   23.708296849
    1.221730476    1.396263402  -14.156090537   21.680273335   19.336125644
    1.396263402    1.396263402  -10.396906659   20.829430861   14.220749028
    1.570796327    1.396263402   -7.047416738   17.163937946    9.376165202
    1.745329252    1.396263402   -4.500392288   11.836449014    5.420975010
    1.919862177    1.396263402   -2.959939658    5.724819611    2.474470024
    2.094395102    1.396263402   -2.536735615   -1.007944471    0.273769689
    2.268928028    1.396263402   -3.371485570   -8.781661168   -1.602510703
    2.443460953    1.396263402   -5.690897404  -18.083354356   -3.513532899
    2.617993878    1.396263402   -9.757424151  -28.662829073   -5.588546734
    2.792526803    1.396263402  -15.682035348  -39.018207326   -7.675511377
    2.967059728    1.396263402  -23.212751392  -46.565435074   -9.398550527

   -3.141592654    1.570796327  -33.707732891  -49.236218461  -13.821396638
   -2.967059728    1.570796327  -41.885446764  -43.367640434  -14.004307922
   -2.792526803    1.570796327  -48.535587066  -32.217733844  -12.958490437
   -2.617993878    1.570796327  -53.051004956  -19.675047483  -10.994027504
   -2.443460953    1.570796327  -55.587994532  -10.229136110   -8.517058985
   -2.268928028    1.570796327  -56.978628425   -6.791707879   -5.813110224
   -2.094395102    1.570796327  -58.305029531   -9.184682683   -2.997050490
   -1.919862177    1.570796327  -60.338649482  -14.161034744   -0.170618405
   -1.745329252    1.570796327  -63.120257217  -16.954742046    2.353653966
   -1.570796327    1.570796327  -65.895636853  -13.628592245    3.995124818
   -1.396263402    1.570796327  -67.449963565   -3.058896125    4.135732503
   -1.221730476    1.570796327  -66.667508988   12.503796550    2.537031575
   -1.047197551    1.570796327  -63.048684242   28.611490112   -0.368922543
   -0.872664626    1.570796327  -56.907490970   40.739928302   -3.529834170
   -0.698131701    1.570796327  -49.210465277   46.164796979   -5.666569565
   -0.523598776    1.570796327  -41.187318954   44.646359883   -5.773979956
   -0.349065850    1.570796327  -33.927633963   37.803151429   -3.467407178
   -0.174532925    1.570796327  -28.145476922   28.152970848    0.958088761
    0.000000000    1.570796327  -24.102948544   18.279234887    6.686998250
    0.174532925    1.570796327  -21.642539981   10.353163056   12.619366548
    0.349065850    1.570796327  -20.282267299    5.814573664   17.620169050
    0.523598776    1.570796327  -19.373622143    5.135852401   20.761235367
    0.698131701    1.570796327  -18.288477646    7.612646826   21.501907993
    0.872664626    1.570796327  -16.610037106   11.617451922   19.856022732
    1.047197551    1.570796327  -14.243379694   15.227800935   16.393760181
    1.221730476    1.570796327  -11.396001654   16.962769317   12.054127777
    1.396263402    1.570796327   -8.458485741   16.274466482    7.812317300
    1.570796327    1.570796327   -5.838822101   13.421100993    4.344151561
    1.745329252    1.570796327   -3.858098857    9.073513870    1.849039065
    1.919862177    1.570796327   -2.729300056    3.707464892    0.104702601
    2.094395102    1.570796327   -2.624670991   -2.713409312   -1.331754858
    2.268928028    1.570796327   -3.761387308  -10.590243336   -2.914878708
    2.443460953    1.570796327   -6.423510005  -20.210530289   -4.941737959
    2.617993878    1.570796327  -10.886388913  -31.034728901   -7.429380678
    2.792526803    1.570796327  -17.222833669  -41.279567489  -10.090017501
    2.967059728    1.570796327  -25.103038892  -48.216766445  -12.403890747

   -3.141592654    1.745329252  -36.462573552  -50.296078095  -17.765646076
   -2.967059728    1.745329252  -44.701730013  -43.010794592  -18.290358867
   -2.792526803    1.745329252  -51.176621540  -30.623251278  -17.335846745
   -2.617993878    1.745329252  -55.335608001  -17.261077596  -15.230833821
   -2.443460953    1.745329252  -57.409987488   -7.394664861  -12.432931043
   -2.268928028    1.745329252  -58.286474691   -3.754807908   -9.287577663
   -2.094395102    1.745329252  -59.072364048   -6.046133992   -5.969886884
   -1.919862177    1.745329252  -60.562755964  -11.132321881   -2.642121807
   -1.745329252    1.745329252  -62.858926886  -14.526288596    0.333218670
   -1.570796327    1.745329252  -65.311152447  -12.464133998    2.365093422
   -1.396263402    1.745329252  -66.809227481   -3.616694084    2.894661465
   -1.221730476    1.745329252  -66.269320416   10.359546872    1.800021239
   -1.047197551    1.745329252  -63.105802128   25.716314227   -0.382854506
   -0.872664626    1.745329252  -57.446060653   38.324979461   -2.603602828
   -0.698131701    1.745329252  -50.044311751   45.348882263   -3.747759030
   -0.523598776    1.745329252  -41.976495540   46.013894997   -3.086633765
   -0.349065850    1.745329252  -34.288719605   41.272082371   -0.513848311
   -0.174532925    1.745329252  -27.761603202   33.080022767    3.516776899
    0.000000000    1.745329252  -22.802468677   23.674555074    8.184644240
    0.174532925    1.745329252  -19.438732368   15.122741879   12.503229368
    0.349065850    1.745329252  -17.372926932    8.992317938   15.519656828
    0.523598776    1.745329252  -16.098456826    6.086867807   16.548404247
    0.698131701    1.745329252  -15.054214954    6.233803310   15.358535002
    0.872664626    1.745329252  -13.789231498    8.387477443   12.311955772
    1.047197551    1.745329252  -12.082743451   11.062096636    8.260326719
    1.221730476    1.745329252   -9.968388554   12.877984171    4.241518040
    1.396263402    1.745329252   -7.679326459   13.013620181    1.078165622
    1.570796327    1.745329252   -5.535482399   11.226420663   -0.894528162
    1.745329252    1.745329252   -3.858132831    7.719941501   -1.872290080
    1.919862177    1.745329252   -2.927064028    2.704112564   -2.393059248
    2.094395102    1.745329252   -3.006532203   -3.896229483   -3.065954568
    2.268928028    1.745329252   -4.395624841  -12.341929274   -4.374400152
    2.443460953    1.745329252   -7.424818155  -22.653592875   -6.553110543
    2.617993878    1.745329252  -12.362674695  -33.967739835   -9.507305959
    2.792526803    1.745329252  -19.219672037  -44.201789386  -12.810672605
    2.967059728    1.745329252  -27.562096303  -50.479876889  -15.792847284

   -3.141592654    1.919862177  -39.869070361  -51.770675144  -21.065137795
   -2.967059728    1.919862177  -48.223177020  -42.850367397  -21.834731344
   -2.792526803    1.919862177  -54.537855187  -29.010448142  -20.952608638
   -2.617993878    1.919862177  -58.321813781  -14.663042536  -18.782583916
   -2.443460953    1.919862177  -59.891804029   -4.277277831  -15.844197966
   -2.268928028    1.919862177  -60.200829753   -0.399955228  -12.548526288
   -2.094395102    1.919862177  -60.391350485   -2.603047249   -9.118708300
   -1.919862177    1.919862177  -61.288225487   -7.831376598   -5.724080517
   -1.745329252    1.919862177  -63.052441129  -11.827075536   -2.670015785
   -1.570796327    1.919862177  -65.128112116  -10.938489612   -0.420612857
   -1.396263402    1.919862177  -66.489425527   -3.591556004    0.630593445
   -1.221730476    1.919862177  -66.062988128    9.120050549    0.484791441
   -1.047197551    1.919862177  -63.169108453   24.027210366   -0.335795398
   -0.872664626    1.919862177  -57.766938095   37.222429100   -0.984402531
   -0.698131701    1.919862177  -50.445538502   45.623874136   -0.710389597
   -0.523598776    1.919862177  -42.187225519   47.910851272    0.816552572
   -0.349065850    1.919862177  -34.044515823   44.500001691    3.419971475
   -0.174532925    1.919862177  -26.884102471   36.982236674    6.582605758
    0.000000000    1.919862177  -21.245319084   27.414593376    9.632925108
    0.174532925    1.919862177  -17.305141509   17.843629237   11.864262377
    0.349065850    1.919862177  -14.906604126    9.991428889   12.635314875
    0.523598776    1.919862177  -13.637652534    5.009479319   11.554119134
    0.698131701    1.919862177  -12.953437487    3.275901427    8.659138994
    0.872664626    1.919862177  -12.317775960    4.297290995    4.548328597
    1.047197551    1.919862177  -11.346634817    6.904349590    0.221007252
    1.221730476    1.919862177   -9.890982190    9.609123924   -3.281817453
    1.396263402    1.919862177   -8.055641918   11.114289327   -5.315243652
    1.570796327    1.919862177   -6.129354970   10.569809827   -5.850687701
    1.745329252    1.919862177   -4.497566342    7.735443095   -5.416542173
    1.919862177    1.919862177   -3.557488421    2.676142334   -4.810165647
    2.094395102    1.919862177   -3.692051176   -4.579783338   -4.776233759
    2.268928028    1.919862177   -5.286350965  -14.041390638   -5.813649073
    2.443460953    1.919862177   -8.706166916  -25.399641535   -8.090856593
    2.617993878    1.919862177  -14.193965577  -37.434145343  -11.404243275
    2.792526803    1.919862177  -21.674472448  -47.748200614  -15.201261158
    2.967059728    1.919862177  -30.585333475  -53.318246939  -18.685789907

   -3.141592654    2.094395102  -43.705810951  -53.446946876  -22.546399248
   -2.967059728    2.094395102  -52.200316311  -42.783099049  -23.359612107
   -2.792526803    2.094395102  -58.362831981  -27.403889707  -22.499656362
   -2.617993878    2.094395102  -61.768511506  -12.030666626  -20.357494370
   -2.443460953    2.094395102  -62.828619611   -1.140950931  -17.487191493
   -2.268928028    2.094395102  -62.571799299    2.910908543  -14.337437990
   -2.094395102    2.094395102  -62.181444098    0.720593542  -11.150542039
   -1.919862177    2.094395102  -62.508758230   -4.668452244   -8.055578811
   -1.745329252    2.094395102  -63.756746421   -9.139311205   -5.222030951
   -1.570796327    2.094395102  -65.432108329   -9.093948771   -2.894486952
   -1.396263402    2.094395102  -66.558751894   -2.743513899   -1.245442855
   -1.221730476    2.094395102  -66.054445228    9.237869936   -0.182403004
   -1.047197551    2.094395102  -63.158619429   24.044133736    0.681157598
   -0.872664626    2.094395102  -57.712521162   37.794797797    1.829953016
   -0.698131701    2.094395102  -50.214864300   47.091645538    3.539780592
   -0.523598776    2.094395102  -41.627258389   50.161201094    5.723879158
   -0.349065850    2.094395102  -33.053030260   47.105208585    7.993938527
   -0.174532925    2.094395102  -25.446778021   39.394429838    9.877710706
    0.000000000    2.094395102  -19.444013211   29.083985361   10.956062460
    0.174532925    2.094395102  -15.314136466   18.262259293   10.880960710
    0.349065850    2.094395102  -12.980772772    8.782348970    9.370585243
    0.523598776    2.094395102  -12.074109769    2.091516683    6.329907524
    0.698131701    2.094395102  -12.022614963   -0.936246726    2.019927965
    0.872664626    2.094395102  -12.172436246   -0.315856158   -2.820246786
    1.047197551    2.094395102  -11.960566211    2.989853521   -7.152381262
    1.221730476    2.094395102  -11.061925763    7.233451756  -10.010992277
    1.396263402    2.094395102   -9.485269788   10.510026112  -10.943042640
    1.570796327    2.094395102   -7.537828747   11.305614738  -10.183972429
    1.745329252    2.094395102   -5.720715273    8.969134412   -8.520158791
    1.919862177    2.094395102   -4.587583837    3.520887009   -6.935051020
    2.094395102    2.094395102   -4.659646862   -4.788802583   -6.259214031
    2.268928028    2.094395102   -6.408398913  -15.621785697   -6.977527854
    2.443460953    2.094395102  -10.222419939  -28.288182920   -9.180248923
    2.617993878    2.094395102  -16.299689335  -41.192867215  -12.563548677
    2.792526803    2.094395102  -24.459874218  -51.631517996  -16.484512173
    2.967059728    2.094395102  -33.995105529  -56.452163847  -20.085682997

   -3.141592654    2.268928028  -47.573679694  -55.026769910  -21.294759470
   -2.967059728    2.268928028  -56.196785467  -42.682660233  -21.927826681
   -2.792526803    2.268928028  -62.207827828  -25.840490620  -21.056435018
   -2.617993878    2.268928028  -65.249499706   -9.518920009  -19.052072850
   -2.443460953    2.268928028  -65.827883993    1.791097545  -16.432256607
   -2.268928028    2.268928028  -65.049032505    5.922209571  -13.623975903
   -2.094395102    2.268928028  -64.137677713    3.665464904  -10.853469452
   -1.919862177    2.268928028  -63.962161605   -1.865919733   -8.187493925
   -1.745329252    2.268928028  -64.741174825   -6.592081988   -5.638136311
   -1.570796327    2.268928028  -66.003421662   -6.923084435   -3.217538482
   -1.396263402    2.268928028  -66.784856944   -0.944464372   -0.901221214
   -1.221730476    2.268928028  -65.984728283   10.870041093    1.414815965
   -1.047197551    2.268928028  -62.795146913   25.820617402    3.870645777
   -0.872664626    2.268928028  -57.010938663   39.896339541    6.507507913
   -0.698131701    2.268928028  -49.124146028   49.404296941    9.137431448
   -0.523598776    2.268928028  -40.140805163   52.304681698   11.364068698
   -0.349065850    2.268928028  -31.239609055   48.638470695   12.741573080
   -0.174532925    2.268928028  -23.444826090   39.977634580   12.962384988
    0.000000000    2.268928028  -17.439318588   28.503968311   11.905162606
    0.174532925    2.268928028  -13.522853519   16.370917887    9.558992612
    0.349065850    2.268928028  -11.639845689    5.514299687    5.953205852
    0.523598776    2.268928028  -11.414760578   -2.394746840    1.237014442
    0.698131701    2.268928028  -12.214853535   -6.071925033   -4.155819356
    0.872664626    2.268928028  -13.249844425   -5.149821808   -9.407189036
    1.047197551    2.268928028  -13.777305820   -0.491739689  -13.506187996
    1.221730476    2.268928028  -13.314374234    5.785363752  -15.617980390
    1.396263402    2.268928028  -11.808280454   11.093364640  -15.494257047
    1.570796327    2.268928028   -9.627680860   13.246663964  -13.600498312
    1.745329252    2.268928028   -7.428109894   11.234636133  -10.909908984
    1.919862177    2.268928028   -5.945120736    5.122374040   -8.509847698
    2.094395102    2.268928028   -5.847473621   -4.519899000   -7.247532260
    2.268928028    2.268928028   -7.686808015  -16.933730526   -7.547422819
    2.443460953    2.268928028  -11.859339725  -31.021236225   -9.403500994
    2.617993878    2.268928028  -18.502520102  -44.827570213  -12.430184317
    2.792526803    2.268928028  -27.320191224  -55.384398812  -15.955201852
    2.967059728    2.268928028  -37.456471773  -59.456014174  -19.158058198

   -3.141592654    2.443460953  -50.956260786  -56.209715799  -16.976073149
   -2.967059728    2.443460953  -59.661669769  -42.452323048  -17.272465954
   -2.792526803    2.443460953  -65.520466066  -24.388818771  -16.411516939
   -2.617993878    2.443460953  -68.232847026   -7.278335638  -14.665986601
   -2.443460953    2.443460953  -68.384899685    4.369162993  -12.418295570
   -2.268928028    2.443460953  -67.149854588    8.536997298   -9.999086505
   -2.094395102    2.443460953  -65.788139068    6.206209750   -7.586784220
   -1.919862177    2.443460953  -65.174703420    0.620961019   -5.193883612
   -1.745329252    2.443460953  -65.519192860   -4.087989639   -2.715505980
   -1.570796327    2.443460953  -66.336974046   -4.321636683   -0.004435514
   -1.396263402    2.443460953  -66.649879334    1.830469494    3.054192563
   -1.221730476    2.443460953  -65.346567570   13.853967209    6.457277943
   -1.047197551    2.443460953  -61.622397648   28.929256109   10.019112384
   -0.872664626    2.443460953  -55.303332582   42.851001225   13.352893528
   -0.698131701    2.443460953  -46.945661728   51.763302220   15.941023606
   -0.523598776    2.443460953  -37.636624687   53.608745033   17.288998938
   -0.349065850    2.443460953  -28.622854930   48.593694606   17.097304229
   -0.174532925    2.443460953  -20.959653198   38.520888910   15.331677854
    0.000000000    2.443460953  -15.325469116   25.726865903   12.156506868
    0.174532925    2.443460953  -11.999546783   12.400621647    7.796012682
    0.349065850    2.443460953  -10.902569486    0.511083259    2.469553170
    0.523598776    2.443460953  -11.618295827   -8.091875303   -3.521437027
    0.698131701    2.443460953  -13.426851148  -11.785345379   -9.618560309
    0.872664626    2.443460953  -15.390805721   -9.915694965  -14.955798133
    1.047197551    2.443460953  -16.596087769   -3.360152970  -18.579624053
    1.221730476    2.443460953  -16.428370077    5.302073036  -19.824264618
    1.396263402    2.443460953  -14.810720207   12.761928817  -18.666066854
    1.570796327    2.443460953  -12.211525828   16.201098656  -15.781251479
    1.745329252    2.443460953   -9.467755557   14.332114454  -12.266369730
    1.919862177    2.443460953   -7.507389990    7.358024211   -9.224171869
    2.094395102    2.443460953   -7.142349017   -3.750767676   -7.432449256
    2.268928028    2.443460953   -8.988982800  -17.773963223   -7.198235823
    2.443460953    2.443460953  -13.432863438  -33.216845417   -8.403590770
    2.617993878    2.443460953  -20.539321612  -47.826355505  -10.614587176
    2.792526803    2.443460953  -29.898058784  -58.457584423  -13.209905846
    2.967059728    2.443460953  -40.521390674  -61.858215478  -15.517923494

   -3.141592654    2.617993878  -53.328705708  -56.786912798   -9.803412545
   -2.967059728    2.617993878  -62.050379331  -42.068800496   -9.696411655
   -2.792526803    2.617993878  -67.764413269  -23.151852675   -8.920566796
   -2.617993878    2.617993878  -70.204122480   -5.439734468   -7.570871931
   -2.443460953    2.617993878  -70.003559078    6.527072257   -5.801596394
   -2.268928028    2.617993878  -68.379759234   10.808608545   -3.773974247
   -2.094395102    2.617993878  -66.617660229    8.523803726   -1.585788636
   -1.919862177    2.617993878  -65.590880907    3.063348885    0.788121174
   -1.745329252    2.617993878  -65.485814515   -1.348571260    3.497789694
   -1.570796327    2.617993878  -65.787337979   -1.127848153    6.725178464
   -1.396263402    2.617993878  -65.500558774    5.487663433   10.523324540
   -1.221730476    2.617993878  -63.533238874   17.741141902   14.659804697
   -1.047197551    2.617993878  -59.143966400   32.565948734   18.596670080
   -0.872664626    2.617993878  -52.256335030   45.626244455   21.623814108
   -0.698131701    2.617993878  -43.530375292   53.129937301   23.105464934
   -0.523598776    2.617993878  -34.130215901   53.261649862   22.690231268
   -0.349065850    2.617993878  -25.328255402   46.536598486   20.403752262
   -0.174532925    2.617993878  -18.157162169   34.988715309   16.541552901
    0.000000000    2.617993878  -13.246020696   21.022240009   11.490716751
    0.174532925    2.617993878  -10.824370487    6.785007580    5.574824979
    0.349065850    2.617993878  -10.768356184   -5.751802192   -0.934417563
    0.523598776    2.617993878  -12.603056751  -14.552253050   -7.677385737
    0.698131701    2.617993878  -15.503741776  -17.687729054  -14.015341364
    0.872664626    2.617993878  -18.379406806  -14.303644192  -19.056991395
    1.047197551    2.617993878  -20.156264159   -5.418121659  -21.930324913
    1.221730476    2.617993878  -20.121079000    5.835717361  -22.175292639
    1.396263402    2.617993878  -18.213893365   15.418287957  -20.015530029
    1.570796327    2.617993878  -15.037885699   19.964754315  -16.316794239
    1.745329252    2.617993878  -11.626986836   18.035933353  -12.227822631
    1.919862177    2.617993878   -9.095728481   10.079485762   -8.766446393
    2.094395102    2.617993878   -8.378758283   -2.474138451   -6.544912468
    2.268928028    2.617993878  -10.131712611  -17.945196730   -5.697635650
    2.443460953    2.617993878  -14.709549752  -34.503839770   -5.992571644
    2.617993878    2.617993878  -22.101162555  -49.709812404   -6.997034451
    2.792526803    2.617993878  -31.798598624  -60.364429137   -8.227553815
    2.967059728    2.617993878  -42.717497143  -63.273726865   -9.262653402

   -3.141592654    2.792526803  -54.258812380  -56.665363543   -0.653536956
   -2.967059728    2.792526803  -62.926702612  -41.573035721   -0.161103942
   -2.792526803    2.792526803  -68.518993484  -22.254624512    0.435334174
   -2.617993878    2.792526803  -70.766449782   -4.137770334    1.264734567
   -2.443460953    2.792526803  -70.305915575    8.193356742    2.454020169
   -2.268928028    2.792526803  -68.363930347   12.778478269    4.060250874
   -2.094395102    2.792526803  -66.233142058   10.784440516    6.096003182
   -1.919862177    2.792526803  -64.780228682    5.711220290    8.613575608
   -1.745329252    2.792526803  -64.166702263    1.857061752   11.737315561
   -1.570796327    2.792526803  -63.852232275    2.721312443   15.555936062
   -1.396263402    2.792526803  -62.848854816    9.782782542   19.919553007
   -1.221730476    2.792526803  -60.131291152   21.922621881   24.288619443
   -1.047197551    2.792526803  -55.080175548   35.831229573   27.817377427
   -0.872664626    2.792526803  -47.759267183   47.223792003   29.640206619
   -0.698131701    2.792526803  -38.933222788   52.643310399   29.225999177
   -0.523598776    2.792526803  -29.800370783   50.728125256   26.554295681
   -0.349065850    2.792526803  -21.593013915   42.335435169   22.060093482
   -0.174532925    2.792526803  -15.264560119   29.613572682   16.343267025
    0.000000000    2.792526803  -11.364132779   14.868733166    9.914863881
    0.174532925    2.792526803  -10.065295488    0.114741923    3.077308503
    0.349065850    2.792526803  -11.200192400  -12.674913558   -3.946893235
    0.523598776    2.792526803  -14.231332733  -21.226947618  -10.806020795
    0.698131701    2.792526803  -18.218913269  -23.312315655  -16.826351711
    0.872664626    2.792526803  -21.917019993  -17.958364332  -21.132532565
    1.047197551    2.792526803  -24.109839775   -6.461888569  -22.979267620
    1.221730476    2.792526803  -24.024507035    7.406577755  -22.150516898
    1.396263402    2.792526803  -21.662149024   18.905407620  -19.122282903
    1.570796327    2.792526803  -17.790134802   24.261021529  -14.899683947
    1.745329252    2.792526803  -13.640699594   22.049309502  -10.589157277
    1.919862177    2.792526803  -10.490694700   13.076296993   -7.015063574
    2.094395102    2.792526803   -9.360678663   -0.740180133   -4.537029005
    2.268928028    2.792526803  -10.911973190  -17.318434663   -3.082604652
    2.443460953    2.792526803  -15.450431191  -34.608822172   -2.326747123
    2.617993878    2.792526803  -22.893926002  -50.133526823   -1.899007622
    2.792526803    2.792526803  -32.667817834  -60.777844477   -1.529654323
    2.967059728    2.792526803  -43.641134315  -63.471068666   -1.113127224

   -3.141592654    2.967059728  -53.519210437  -55.867456130    9.064358932
   -2.967059728    2.967059728  -62.071577052  -41.034383236    9.877083024
   -2.792526803    2.967059728  -67.580055658  -21.794296171   10.229976247
   -2.617993878    2.967059728  -69.733530929   -3.475797078   10.468523610
   -2.443460953    2.967059728  -69.122301790    9.285918152   10.992441877
   -2.268928028    2.967059728  -66.942974381   14.415710530   12.084608993
   -2.094395102    2.967059728  -64.474790047   13.023444400   13.887164358
   -1.919862177    2.967059728  -62.572643668    8.637678157   16.484112560
   -1.745329252    2.967059728  -61.381674749    5.552480096   19.935783998
   -1.570796327    2.967059728  -60.360524645    7.078770968   24.158681601
   -1.396263402    2.967059728  -58.571178798   14.311201524   28.727067096
   -1.221730476    2.967059728  -55.110057686   25.751825913   32.794317749
   -1.047197551    2.967059728  -49.525060549   37.973993153   35.310714548
   -0.872664626    2.967059728  -42.031630457   46.991424986   35.429423509
   -0.698131701    2.967059728  -33.465572244   49.926636781   32.882588177
   -0.523598776    2.967059728  -24.993588405   45.985089711   28.052050204
   -0.349065850    2.967059728  -17.738232724   36.292468119   21.743458549
   -0.174532925    2.967059728  -12.528585325   22.927546276   14.760817653
    0.000000000    2.967059728   -9.821558778    7.921070311    7.634996310
    0.174532925    2.967059728   -9.745277264   -6.916000037    0.579950389
    0.349065850    2.967059728  -12.100475518  -19.577444250   -6.266120144
    0.523598776    2.967059728  -16.291065813  -27.492326318  -12.584492156
    0.698131701    2.967059728  -21.260112157  -28.142798246  -17.716081422
    0.872664626    2.967059728  -25.615161734  -20.532063525  -20.871803177
    1.047197551    2.967059728  -28.026287856   -6.364379865  -21.502857612
    1.221730476    2.967059728  -27.706397380    9.907148322  -19.665397948
    1.396263402    2.967059728  -24.759591524   22.925932059  -16.053793878
    1.570796327    2.967059728  -20.134382269   28.694936112  -11.719736836
    1.745329252    2.967059728  -15.244250748   25.990898885   -7.614334790
    1.919862177    2.967059728  -11.485955415   16.073553955   -4.274330049
    2.094395102    2.967059728   -9.916804731    1.327074560   -1.757598030
    2.268928028    2.967059728  -11.167400192  -15.877885409    0.210911752
    2.443460953    2.967059728  -15.481803931  -33.427938119    2.005326576
    2.617993878    2.967059728  -22.722897480  -48.971203062    3.877112190
    2.792526803    2.967059728  -32.291105309  -59.602508492    5.838566233
    2.967059728    2.967059728  -43.065979614  -62.413083915    7.666336320
