#! FIELDS phi psi file.free der_phi der_psi
#! SET min_phi -pi
#! SET max_phi pi
#! SET nbins_phi  36
#! SET periodic_phi true
#! SET min_psi -pi
#! SET max_psi pi
#! SET nbins_psi  36
#! SET periodic_psi true
   -3.141592654   -3.141592654  -87.249451770  -52.249967695   19.614806441
   -2.967059728   -3.141592654  -94.901466438  -34.838349971   19.939595172
   -2.792526803   -3.141592654  -99.311086205  -15.871977955   19.723425517
   -2.617993878   -3.141592654 -100.607849781    0.183883109   19.522666782
   -2.443460953   -3.141592654  -99.601084756   10.170705274   19.688515845
   -2.268928028   -3.141592654  -97.461566099   13.232572540   20.259033425
   -2.094395102   -3.141592654  -95.292455105   10.962603296   21.148428561
   -1.919862177   -3.141592654  -93.745374023    6.776704902   22.455088558
   -1.745329252   -3.141592654  -92.798597369    4.707796602   24.604444194
   -1.570796327   -3.141592654  -91.776970880    8.027870384   28.140310741
   -1.396263402   -3.141592654  -89.597410344   17.945189819   33.242554500
   -1.221730476   -3.141592654  -85.199125174   32.955648578   39.308560833
   -1.047197551   -3.141592654  -78.003451336   49.225709992   44.957956746
   -0.872664626   -3.141592654  -68.214830702   61.868963767   48.457867496
   -0.698131701   -3.141592654  -56.845319306   66.769352566   48.368998027
   -0.523598776   -3.141592654  -45.465379676   61.877760564   44.024673185
   -0.349065850   -3.141592654  -35.789857183   47.443272315   35.672055384
   -0.174532925   -3.141592654  -29.327700426   25.510236746   24.275780872
    0.000000000   -3.141592654  -27.126801153   -0.783016233   11.267497527
    0.174532925   -3.141592654  -29.606062343  -27.346534862   -1.674562788
    0.349065850   -3.141592654  -36.380805801  -49.123866293  -12.784677470
    0.523598776   -3.141592654  -46.137996680  -60.646889854  -20.508081681
    0.698131701   -3.141592654  -56.696271987  -57.869007842  -23.883557256
    0.872664626   -3.141592654  -65.457831548  -40.428746240  -22.965949916
    1.047197551   -3.141592654  -70.191764330  -12.822596490  -18.861528826
    1.221730476   -3.141592654  -69.813694105   16.658872000  -13.339097465
    1.396263402   -3.141592654  -64.782301154   39.215119591   -8.082639095
    1.570796327   -3.141592654  -56.880766799   48.947349251   -4.059257046
    1.745329252   -3.141592654  -48.530272440   44.515182199   -1.312079692
    1.919862177   -3.141592654  -42.022352759   28.494756258    0.755781587
    2.094395102   -3.141592654  -38.993415092    5.488415750    2.889700538
    2.268928028   -3.141592654  -40.225675796  -19.538484608    5.576832812
    2.443460953   -3.141592654  -45.670817417  -42.118869711    8.885176471
    2.617993878   -3.141592654  -54.565104380  -58.514403561   12.478455929
    2.792526803   -3.141592654  -65.573596963  -66.071088813   15.794790563
    2.967059728   -3.141592654  -77.030873501  -63.659648013   18.273565262

   -3.141592654   -2.967059728  -83.223282647  -51.490691243   25.849135220
   -2.967059728   -2.967059728  -90.837511053  -35.067117216   25.989690586
   -2.792526803   -2.967059728  -95.327449192  -16.454522706   25.337029286
   -2.617993878   -2.967059728  -96.713523122   -0.191150219   24.565477189
   -2.443460953   -2.967059728  -95.733060020   10.252132744   24.135953502
   -2.268928028   -2.967059728  -93.539356142   13.762932558   24.206666052
   -2.094395102   -2.967059728  -91.238895846   11.960730855   24.825284017
   -1.919862177   -2.967059728  -89.457422266    8.536207937   26.186722372
   -1.745329252   -2.967059728  -88.100601572    7.730432455   28.689465977
   -1.570796327   -2.967059728  -86.416681324   12.606061305   32.660472996
   -1.396263402   -2.967059728  -83.324658503   23.691931871   37.900787344
   -1.221730476   -2.967059728  -77.905466650   38.657694720   43.411906834
   -1.047197551   -2.967059728  -69.844064648   53.157540014   47.589989750
   -0.872664626   -2.967059728  -59.643072317   62.449060036   48.787666904
   -0.698131701   -2.967059728  -48.534022985   63.137466777   45.949907694
   -0.523598776   -2.967059728  -38.155305700   54.130201068   38.961623463
   -0.349065850   -2.967059728  -30.130821283   36.473578781   28.593878968
   -0.174532925   -2.967059728  -25.766135428   12.708933208   16.179822314
    0.000000000   -2.967059728  -25.842796553  -13.794700005    3.308433496
    0.174532925   -2.967059728  -30.488292115  -38.870479280   -8.385294874
    0.349065850   -2.967059728  -39.028169066  -57.592633131  -17.370445087
    0.523598776   -2.967059728  -49.911299860  -64.952695290  -22.494421771
    0.698131701   -2.967059728  -60.833964845  -57.790122222  -23.328264333
    0.872664626   -2.967059728  -69.254498286  -36.812562209  -20.450795426
    1.047197551   -2.967059728  -73.168300692   -7.342380250  -15.314751025
    1.221730476   -2.967059728  -71.807231504   22.185500830   -9.725607827
    1.396263402   -2.967059728  -65.903986363   43.562487046   -5.096813514
    1.570796327   -2.967059728  -57.372582319   51.861498821   -1.944702423
    1.745329252   -2.967059728  -48.602444368   46.550719966    0.122398556
    1.919862177   -2.967059728  -41.753460272   30.511620953    1.981976214
    2.094395102   -2.967059728  -38.321841172    8.160523355    4.461646483
    2.268928028   -2.967059728  -39.010948283  -15.997104448    7.960433301
    2.443460953   -2.967059728  -43.777860277  -37.980341650   12.351195694
    2.617993878   -2.967059728  -51.940081975  -54.393378257   17.058359766
    2.792526803   -2.967059728  -62.282828356  -62.684729117   21.292438762
    2.967059728   -2.967059728  -73.253747699  -61.539939366   24.340623724

   -3.141592654   -2.792526803  -78.445013211  -50.664272982   28.216695799
   -2.967059728   -2.792526803  -86.029019368  -35.444628214   28.463202587
   -2.792526803   -2.792526803  -90.640514937  -17.352158396   27.787175667
   -2.617993878   -2.792526803  -92.181602158   -0.992998365   26.847541830
   -2.443460953   -2.792526803  -91.305748069    9.881026846   26.129185731
   -2.268928028   -2.792526803  -89.130171038   13.940996566   25.880189095
   -2.094395102   -2.792526803  -86.741767607   12.829680663   26.272827872
   -1.919862177   -2.792526803  -84.725586789   10.421404016   27.572160443
   -1.745329252   -2.792526803  -82.923490342   10.992397867   30.104698980
   -1.570796327   -2.792526803  -80.547546623   17.224933530   33.960247850
   -1.396263402   -2.792526803  -76.580633490   28.913454607   38.623767443
   -1.221730476   -2.792526803  -70.300859304   43.028477112   42.867457585
   -1.047197551   -2.792526803  -61.676159276   54.987512215   45.089631292
   -0.872664626   -2.792526803  -51.474472849   60.488348084   43.922809763
   -0.698131701   -2.792526803  -41.071149203   57.037635448   38.777493546
   -0.523598776   -2.792526803  -32.080027215   44.499624902   30.031853880
   -0.349065850   -2.792526803  -25.955897837   24.576950078   18.822906247
   -0.174532925   -2.792526803  -23.753396835    0.104565958    6.662590495
    0.000000000   -2.792526803  -25.975873504  -25.512889625   -4.875142524
    0.174532925   -2.792526803  -32.480110663  -48.217050176  -14.343552868
    0.349065850   -2.792526803  -42.355043753  -63.386442834  -20.580448191
    0.523598776   -2.792526803  -53.891839213  -66.618008768  -22.944280528
    0.698131701   -2.792526803  -64.761701268  -55.653269352  -21.576204366
    0.872664626   -2.792526803  -72.563192643  -32.107230405  -17.482240552
    1.047197551   -2.792526803  -75.558898847   -1.808295357  -12.231044046
    1.221730476   -2.792526803  -73.277765445   27.002105733   -7.378040133
    1.396263402   -2.792526803  -66.659371283   46.905873210   -3.854103283
    1.570796327   -2.792526803  -57.664889842   53.929676838   -1.686589891
    1.745329252   -2.792526803  -48.586750531   48.177932529   -0.184803028
    1.919862177   -2.792526803  -41.423135571   32.627660505    1.588022705
    2.094395102   -2.792526803  -37.532649874   11.352188031    4.351116140
    2.268928028   -2.792526803  -37.562677216  -11.678479655    8.337340478
    2.443460953   -2.792526803  -41.506335494  -32.986657804   13.272639041
    2.617993878   -2.792526803  -48.792296383  -49.500450680   18.486080862
    2.792526803   -2.792526803  -58.350951136  -58.724955627   23.135486172
    2.967059728   -2.792526803  -68.757507546  -59.101977183   26.497073300

   -3.141592654   -2.617993878  -73.567838598  -49.591679390   27.154431771
   -2.967059728   -2.617993878  -81.078755846  -35.594772483   27.771699225
   -2.792526803   -2.617993878  -85.780399572  -18.132643939   27.459389332
   -2.617993878   -2.617993878  -87.470566825   -1.847161556   26.737346572
   -2.443460953   -2.617993878  -86.722064228    9.315111553   26.033712930
   -2.268928028   -2.617993878  -84.603874379   13.884859362   25.645844504
   -2.094395102   -2.617993878  -82.164111855   13.523148166   25.838380699
   -1.919862177   -2.617993878  -79.938366971   12.179747165   26.904884707
   -1.745329252   -2.617993878  -77.720227609   14.007588830   29.068138467
   -1.570796327   -2.617993878  -74.725121945   21.209871681   32.208226034
   -1.396263402   -2.617993878  -70.044831626   32.894615742   35.616403998
   -1.221730476   -2.617993878  -63.177285149   45.530529044   38.035517699
   -1.047197551   -2.617993878  -54.354601434   54.559146242   38.069877010
   -0.872664626   -2.617993878  -44.549675029   56.311483387   34.750536846
   -0.698131701   -2.617993878  -35.200399496   49.238721502   27.940364358
   -0.523598776   -2.617993878  -27.820396816   34.054415266   18.383964411
   -0.349065850   -2.617993878  -23.646653995   12.938015099    7.411567389
   -0.174532925   -2.617993878  -23.466406464  -11.168571371   -3.448156531
    0.000000000   -2.617993878  -27.519383570  -34.989451616  -12.765542488
    0.174532925   -2.617993878  -35.434488100  -54.745266958  -19.390249115
    0.349065850   -2.617993878  -46.137227541  -66.276243469  -22.623197650
    0.523598776   -2.617993878  -57.855651877  -65.875989435  -22.385849621
    0.698131701   -2.617993878  -68.332852239  -52.089988780  -19.347609250
    0.872664626   -2.617993878  -75.368698427  -27.146957921  -14.778823228
    1.047197551   -2.617993878  -77.491815038    3.013297615  -10.121459141
    1.221730476   -2.617993878  -74.463887175   30.637378537   -6.458436288
    1.396263402   -2.617993878  -67.336699825   49.143611386   -4.138368333
    1.570796327   -2.617993878  -58.037842920   55.316421944   -2.767236159
    1.745329252   -2.617993878  -48.726804833   49.611911568   -1.544440846
    1.919862177   -2.617993878  -41.249126799   34.894204444    0.311078402
    2.094395102   -2.617993878  -36.858625904   14.830820416    3.262071473
    2.268928028   -2.617993878  -36.179148216   -7.088549028    7.343864950
    2.443460953   -2.617993878  -39.258538723  -27.794996662   12.217266312
    2.617993878   -2.617993878  -45.639017610  -44.463112725   17.275969793
    2.792526803   -2.617993878  -54.389223959  -54.616401513   21.803967600
    2.967059728   -2.617993878  -64.201621913  -56.464745002   25.200402196

   -3.141592654   -2.443460953  -69.096144749  -48.166281829   23.732581308
   -2.967059728   -2.443460953  -76.457590049  -35.256872190   24.813927741
   -2.792526803   -2.443460953  -81.166787511  -18.487583818   25.036618822
   -2.617993878   -2.443460953  -82.948354972   -2.479582881   24.715290705
   -2.443460953   -2.443460953  -82.308901526    8.745582266   24.176544836
   -2.268928028   -2.443460953  -80.263810921   13.666788429   23.731324044
   -2.094395102   -2.443460953  -77.810105147   13.951221243   23.691267005
   -1.919862177   -2.443460953  -75.433071113   13.516656057   24.330187614
   -1.745329252   -2.443460953  -72.897898250   16.277684238   25.747856957
   -1.570796327   -2.443460953  -69.455489331   23.946533940   27.666987058
   -1.396263402   -2.443460953  -64.328228587   35.079779923   29.321420160
   -1.221730476   -2.443460953  -57.222552466   45.868803958   29.605515894
   -1.047197551   -2.443460953  -48.584942027   51.977749222   27.477975376
   -0.872664626   -2.443460953  -39.518862248   50.439170458   22.414377938
   -0.698131701   -2.443460953  -31.451675587   40.572785893   14.658279669
   -0.523598776   -2.443460953  -25.745893888   23.772572664    5.172726259
   -0.349065850   -2.443460953  -23.400981717    2.520626232   -4.674159843
   -0.174532925   -2.443460953  -24.945240334  -20.284462118  -13.462348279
    0.000000000   -2.443460953  -30.388437383  -41.634151111  -20.000451376
    0.174532925   -2.443460953  -39.190466320  -58.186549313  -23.513961498
    0.349065850   -2.443460953  -50.199441926  -66.371269367  -23.821188378
    0.523598776   -2.443460953  -61.678611386  -63.190667414  -21.397852507
    0.698131701   -2.443460953  -71.526128164  -47.783736615  -17.327645429
    0.872664626   -2.443460953  -77.772074289  -22.611468851  -12.943309358
    1.047197551   -2.443460953  -79.169640051    6.668036888   -9.344117726
    1.221730476   -2.443460953  -75.618075503   32.980863764   -7.009386230
    1.396263402   -2.443460953  -68.179282868   50.472055428   -5.715383184
    1.570796327   -2.443460953  -58.684965469   56.362515139   -4.782712485
    1.745329252   -2.443460953  -49.159095694   51.133070476   -3.487142704
    1.919862177   -2.443460953  -41.336476134   37.371814489   -1.360742577
    2.094395102   -2.443460953  -36.418795997   18.374337233    1.723410922
    2.268928028   -2.443460953  -35.040519664   -2.691196224    5.611583445
    2.443460953   -2.443460953  -37.308471852  -22.991201585    9.977577382
    2.617993878   -2.443460953  -42.855960261  -39.833359460   14.397572837
    2.792526803   -2.443460953  -50.856199374  -50.737872356   18.402592390
    2.967059728   -2.443460953  -60.089445901  -53.757545242   21.596088402

   -3.141592654   -2.268928028  -65.350680010  -46.458203864   18.959809290
   -2.967059728   -2.268928028  -72.491803172  -34.428331639   20.353038805
   -2.792526803   -2.268928028  -77.121433674  -18.372311333   20.999918252
   -2.617993878   -2.268928028  -78.926952041   -2.826721755   21.018866559
   -2.443460953   -2.268928028  -78.367363684    8.228549673   20.629491560
   -2.268928028   -2.268928028  -76.404921337   13.292449284   20.123500793
   -2.094395102   -2.268928028  -73.982127684   14.014400099   19.803991381
   -1.919862177   -2.268928028  -71.541799681   14.188147231   19.876108371
   -1.745329252   -2.268928028  -68.843120979   17.430831333   20.308506307
   -1.570796327   -2.268928028  -65.194915491   25.029804530   20.723637557
   -1.396263402   -2.268928028  -59.949700520   35.182745086   20.411877491
   -1.221730476   -2.268928028  -52.983944732   44.023564560   18.545759540
   -1.047197551   -2.268928028  -44.888595204   47.562577493   14.519279972
   -0.872664626   -2.268928028  -36.820060955   43.493130036    8.247250106
   -0.698131701   -2.268928028  -30.136502469   31.842264019    0.266588378
   -0.523598776   -2.268928028  -26.023166251   14.487672478   -8.372101045
   -0.349065850   -2.268928028  -25.246918950   -5.939556989  -16.389639464
   -0.174532925   -2.268928028  -28.105232089  -26.701569609  -22.577859189
    0.000000000   -2.268928028  -34.426477886  -45.177088381  -26.064678686
    0.174532925   -2.268928028  -43.572417487  -58.598283905  -26.510817752
    0.349065850   -2.268928028  -54.405354148  -64.058904750  -24.259485058
    0.523598776   -2.268928028  -65.314817776  -59.185800787  -20.264675202
    0.698131701   -2.268928028  -74.412070165  -43.409542655  -15.851899808
    0.872664626   -2.268928028  -79.950112445  -19.011671638  -12.208162739
    1.047197551   -2.268928028  -80.832323934    8.956277084   -9.933826860
    1.221730476   -2.268928028  -76.985991603   34.157106764   -8.872008754
    1.396263402   -2.268928028  -69.390352394   51.226325040   -8.319172464
    1.570796327   -2.268928028  -59.745001832   57.443433777   -7.466848744
    1.745329252   -2.268928028  -49.964589823   53.008410613   -5.805229135
    1.919862177   -2.268928028  -41.735497791   40.137671792   -3.254030524
    2.094395102   -2.268928028  -36.267647646   21.861909563   -0.032115033
    2.268928028   -2.268928028  -34.236665447    1.240280460    3.548024281
    2.443460953   -2.268928028  -35.801646189  -18.925125844    7.217695940
    2.617993878   -2.268928028  -40.650418582  -35.954905092   10.777065117
    2.792526803   -2.268928028  -48.013572272  -47.361792247   14.037355507
    2.967059728   -2.268928028  -56.721302811  -51.149062847   16.822248776

   -3.141592654   -2.094395102  -62.519400738  -44.718540399   13.258664189
   -2.967059728   -2.094395102  -69.412602177  -33.344949996   14.641127913
   -2.792526803   -2.094395102  -73.912140154  -17.963410138   15.433728519
   -2.617993878   -2.094395102  -75.697773077   -2.981483486   15.616158618
   -2.443460953   -2.094395102  -75.198505706    7.740169625   15.313255374
   -2.268928028   -2.094395102  -73.329877480   12.756685893   14.760047403
   -2.094395102   -2.094395102  -70.986533366   13.667928243   14.190335048
   -1.919862177   -2.094395102  -68.584699253   14.080047254   13.696148103
   -1.745329252   -2.094395102  -65.900574593   17.308425021   13.113692192
   -1.570796327   -2.094395102  -62.314160911   24.335345412   12.011160209
   -1.396263402   -2.094395102  -57.291249419   33.215649372    9.809044585
   -1.221730476   -2.094395102  -50.823265556   40.223359484    6.024397328
   -1.047197551   -2.094395102  -43.566630268   41.777905284    0.514995893
   -0.872664626   -2.094395102  -36.656010485   36.122120704   -6.388087607
   -0.698131701   -2.094395102  -31.335400112   23.778910005  -13.921119009
   -0.523598776   -2.094395102  -28.606260611    6.897303092  -21.040438094
   -0.349065850   -2.094395102  -29.027807837  -11.889077155  -26.661433840
   -0.174532925   -2.094395102  -32.712771451  -30.105952204  -29.893810812
    0.000000000   -2.094395102  -39.371600379  -45.618078859  -30.275254504
    0.174532925   -2.094395102  -48.348052759  -56.317479098  -27.946241609
    0.349065850   -2.094395102  -58.607064805  -59.951762499  -23.729236539
    0.523598776   -2.094395102  -68.736251941  -54.587863689  -18.912025003
    0.698131701   -2.094395102  -77.084030427  -39.596961481  -14.849093377
    0.872664626   -2.094395102  -82.084097966  -16.706042657  -12.394541542
    1.047197551   -2.094395102  -82.694862445    9.847077079  -11.570015964
    1.221730476   -2.094395102  -78.764329559   34.385654942  -11.638136066
    1.396263402   -2.094395102  -71.117287576   51.725181672  -11.559003603
    1.570796327   -2.094395102  -61.311583938   58.838330017  -10.540206951
    1.745329252   -2.094395102  -51.197473517   55.405757379   -8.363560428
    1.919862177   -2.094395102  -42.481421672   43.245042517   -5.336114861
    2.094395102   -2.094395102  -36.438871747   25.265054744   -1.980754563
    2.268928028   -2.094395102  -33.810999532    4.628316264    1.270611023
    2.443460953   -2.094395102  -34.797932578  -15.706813820    4.216335656
    2.617993878   -2.094395102  -39.104281359  -32.970241508    6.857373242
    2.792526803   -2.094395102  -45.971474890  -44.671823354    9.250299353
    2.967059728   -2.094395102  -54.243137856  -48.865679292   11.413366501

   -3.141592654   -1.919862177  -60.754055510  -43.274880996    6.767845422
   -2.967059728   -1.919862177  -67.428638456  -32.316077481    7.849922647
   -2.792526803   -1.919862177  -71.794121649  -17.473847100    8.570081495
   -2.617993878   -1.919862177  -73.541824488   -3.025138288    8.820697213
   -2.443460953   -1.919862177  -73.087142008    7.309560468    8.628964049
   -2.268928028   -1.919862177  -71.312802564   12.141947980    8.127083602
   -2.094395102   -1.919862177  -69.082608084   12.993183745    7.427392569
   -1.919862177   -1.919862177  -66.808608732   13.254182221    6.483906490
   -1.745329252   -1.919862177  -64.306291126   15.978775250    5.014055780
   -1.570796327   -1.919862177  -61.032923259   21.991624568    2.570218234
   -1.396263402   -1.919862177  -56.541074953   29.418902657   -1.258491550
   -1.221730476   -1.919862177  -50.874862372   34.846921916   -6.593186376
   -1.047197551   -1.919862177  -44.675486562   35.132981556  -13.120800340
   -0.872664626   -1.919862177  -38.985468887   28.927342785  -20.120778255
   -0.698131701   -1.919862177  -34.898699869   17.010690259  -26.640803817
   -0.523598776   -1.919862177  -33.239627263    1.569631312  -31.703003089
   -0.349065850   -1.919862177  -34.401738833  -14.925368960  -34.505848563
   -0.174532925   -1.919862177  -38.378194928  -30.369221939  -34.587486824
    0.000000000   -1.919862177  -44.841409765  -43.175757453  -31.989855255
    0.174532925   -1.919862177  -53.203181117  -51.894649294  -27.354152667
    0.349065850   -1.919862177  -62.606886076  -54.805721604  -21.884137577
    0.523598776   -1.919862177  -71.879973799  -50.145953275  -17.006823067
    0.698131701   -1.919862177  -79.593679778  -36.881306577  -13.886877109
    0.872664626   -1.919862177  -84.291391727  -15.906224815  -12.909571280
    1.047197551   -1.919862177  -84.884680168    9.419996796  -13.522902248
    1.221730476   -1.919862177  -81.051133092   33.896385287  -14.535413259
    1.396263402   -1.919862177  -73.416753085   52.189806839  -14.735726620
    1.570796327   -1.919862177  -63.411142487   60.664839395  -13.462454331
    1.745329252   -1.919862177  -52.873686927   58.334187557  -10.809069972
    1.919862177   -1.919862177  -43.594416360   46.647760056   -7.414853492
    2.094395102   -1.919862177  -36.961195215   28.540757862   -4.032525547
    2.268928028   -1.919862177  -33.797691298    7.454604367   -1.168816618
    2.443460953   -1.919862177  -34.333863656  -13.352583184    1.034044681
    2.617993878   -1.919862177  -38.260352963  -30.944102217    2.727073367
    2.792526803   -1.919862177  -44.791741885  -42.827773459    4.153348935
    2.967059728   -1.919862177  -52.754041242  -47.172503497    5.494374597

   -3.141592654   -1.745329252  -60.171656281  -42.334583731   -0.186651653
   -2.967059728   -1.745329252  -66.689482875  -31.496733877    0.539415256
   -2.792526803   -1.745329252  -70.935636671  -16.957118306    1.211457860
   -2.617993878   -1.745329252  -72.627328199   -2.906708062    1.634221465
   -2.443460953   -1.745329252  -72.185941231    7.054837538    1.702948851
   -2.268928028   -1.745329252  -70.483351764   11.586589781    1.403465748
   -2.094395102   -1.745329252  -68.376242866   12.122980894    0.705579066
   -1.919862177   -1.745329252  -66.296121637   11.849023192   -0.560470627
   -1.745329252   -1.745329252  -64.115446166   13.623732230   -2.754469048
   -1.570796327   -1.745329252  -61.368003947   18.261411753   -6.297524662
   -1.396263402   -1.745329252  -57.662009561   24.148907967  -11.415088220
   -1.221730476   -1.745329252  -53.032259573   28.327956837  -17.885347068
   -1.047197551   -1.745329252  -48.028348744   28.108337550  -24.981438010
   -0.872664626   -1.745329252  -43.535881892   22.405709071  -31.634203829
   -0.698131701   -1.745329252  -40.468276730   12.013521862  -36.732974001
   -0.523598776   -1.745329252  -39.487958252   -1.100596755  -39.404292278
   -0.349065850   -1.745329252  -40.878258017  -14.829176604  -39.196772383
   -0.174532925   -1.745329252  -44.595786037  -27.550306040  -36.165845244
    0.000000000   -1.745329252  -50.369101732  -38.238006807  -30.920302397
    0.174532925   -1.745329252  -57.764060089  -45.986948958  -24.577061600
    0.349065850   -1.745329252  -66.157258473  -49.374526598  -18.580120117
    0.523598776   -1.745329252  -74.622095048  -46.487855516  -14.287992636
    0.698131701   -1.745329252  -81.903007825  -35.601566379  -12.495828932
    0.872664626   -1.745329252  -86.564950377  -16.636687447  -13.061309806
    1.047197551   -1.745329252  -87.378980321    7.853471543  -14.944066934
    1.221730476   -1.745329252  -83.787583109   32.895526380  -16.669967405
    1.396263402   -1.745329252  -76.202312894   52.714160775  -17.016887757
    1.570796327   -1.745329252  -65.954666415   62.860180550  -15.531323967
    1.745329252   -1.745329252  -54.926011005   61.621010475  -12.595113319
    1.919862177   -1.745329252  -45.040727340   50.150542310   -9.094464494
    2.094395102   -1.745329252  -37.831588730   31.541804324   -5.923737037
    2.268928028   -1.745329252  -34.213568079    9.638485642   -3.615262289
    2.443460953   -1.745329252  -34.436507362  -11.908104815   -2.254541340
    2.617993878   -1.745329252  -38.154622775  -29.943243761   -1.579083100
    2.792526803   -1.745329252  -44.527095514  -41.959292804   -1.200222668
    2.967059728   -1.745329252  -52.335191122  -46.261778035   -0.785446564

   -3.141592654   -1.570796327  -60.778748871  -41.841359575   -6.665231437
   -2.967059728   -1.570796327  -67.186197880  -30.766509702   -6.081837543
   -2.792526803   -1.570796327  -71.302172911  -16.245204796   -5.218982974
   -2.617993878   -1.570796327  -72.889314936   -2.452508615   -4.413402405
   -2.443460953   -1.570796327  -72.402247219    7.113532455   -3.948249580
   -2.268928028   -1.570796327  -70.729284843   11.178090946   -3.996532637
   -2.094395102   -1.570796327  -68.742771130   11.119068756   -4.697984973
   -1.919862177   -1.570796327  -66.910112831    9.955591078   -6.279807442
   -1.745329252   -1.570796327  -65.167987903   10.423014562   -9.103405147
   -1.570796327   -1.570796327  -63.117649566   13.444778047  -13.511200160
   -1.396263402   -1.570796327  -60.390331447   17.810043447  -19.541694495
   -1.221730476   -1.570796327  -56.956001117   21.118897135  -26.684718683
   -1.047197551   -1.570796327  -53.207387591   21.138690104  -33.887389744
   -0.872664626   -1.570796327  -49.818850400   16.925140382  -39.816266047
   -0.698131701   -1.570796327  -47.499943121    9.053649470  -43.259195594
   -0.523598776   -1.570796327  -46.772196587   -0.988523500  -43.482675399
   -0.349065850   -1.570796327  -47.873041677  -11.675726498  -40.415237335
   -0.174532925   -1.570796327  -50.815907557  -21.976571266  -34.650759753
    0.000000000   -1.570796327  -55.484181252  -31.374727315  -27.344351710
    0.174532925   -1.570796327  -61.673596094  -39.296086032  -19.992011602
    0.349065850   -1.570796327  -69.021547272  -44.302405664  -14.109620528
    0.523598776   -1.570796327  -76.819301739  -44.014159052  -10.809626543
    0.698131701   -1.570796327  -83.910117776  -35.829497571  -10.419226242
    0.872664626   -1.570796327  -88.790219194  -18.701464846  -12.304132341
    1.047197551   -1.570796327  -90.017599331    5.442621985  -15.090545467
    1.221730476   -1.570796327  -86.767064851   31.594699028  -17.215880317
    1.396263402   -1.570796327  -79.246439709   53.317283125  -17.588230449
    1.570796327   -1.570796327  -68.729023475   65.248613457  -15.998030182
    1.745329252   -1.570796327  -57.183735261   64.973864415  -13.056615398
    1.919862177   -1.570796327  -46.703457544   53.446123217   -9.792451541
    2.094395102   -1.570796327  -38.982379781   34.021126849   -7.146568287
    2.268928028   -1.570796327  -35.026695319   11.018481747   -5.623886328
    2.443460953   -1.570796327  -35.095545169  -11.464739151   -5.242923812
    2.617993878   -1.570796327  -38.788772770  -30.019764097   -5.643060326
    2.792526803   -1.570796327  -45.186197181  -42.095333927   -6.303231764
    2.967059728   -1.570796327  -52.997863013  -46.131025261   -6.738574203

   -3.141592654   -1.396263402  -62.364505700  -41.518547161  -11.141240068
   -2.967059728   -1.396263402  -68.658759009  -29.848983765  -10.389882637
   -2.792526803   -1.396263402  -72.590239511  -15.126462530   -9.125356830
   -2.617993878   -1.396263402  -73.996944923   -1.566160894   -7.879068542
   -2.443460953   -1.396263402  -73.399465586    7.457648875   -7.119555862
   -2.268928028   -1.396263402  -71.727085044   10.805147332   -7.131235858
   -2.094395102   -1.396263402  -69.879771339    9.865597152   -8.074724605
   -1.919862177   -1.396263402  -68.361963073    7.546243980  -10.130672825
   -1.745329252   -1.396263402  -67.166633007    6.513338654  -13.568862188
   -1.570796327   -1.396263402  -65.943980255    7.869917957  -18.600034349
   -1.396263402   -1.396263402  -64.316674712   10.881318506  -25.090324202
   -1.221730476   -1.396263402  -62.146957557   13.749751978  -32.330844864
   -1.047197551   -1.396263402  -59.625455642   14.682866023  -39.083917825
   -0.872664626   -1.396263402  -57.181174142   12.770368312  -43.899984832
   -0.698131701   -1.396263402  -55.310954984    8.178931316  -45.577276944
   -0.523598776   -1.396263402  -54.423956942    1.692440222  -43.573066697
   -0.349065850   -1.396263402  -54.777488364   -5.932865283  -38.183093695
   -0.174532925   -1.396263402  -56.530706665  -14.322091754  -30.464821165
    0.000000000   -1.396263402  -59.807101477  -23.358045248  -21.983907789
    0.174532925   -1.396263402  -64.683871754  -32.526969191  -14.433971796
    0.349065850   -1.396263402  -71.055922336  -40.050065750   -9.219514191
    0.523598776   -1.396263402  -78.377780859  -42.828829071   -7.083068717
    0.698131701   -1.396263402  -85.508038104  -37.324259944   -7.878446829
    0.872664626   -1.396263402  -90.797740862  -21.655827781  -10.600314211
    1.047197551   -1.396263402  -92.550693923    2.630548983  -13.743218813
    1.221730476   -1.396263402  -89.675949994   30.260104848  -15.854708580
    1.396263402   -1.396263402  -82.210926741   54.012666423  -16.090236839
    1.570796327   -1.396263402  -71.413913390   67.625165662  -14.485476411
    1.745329252   -1.396263402  -59.374207595   68.072381946  -11.793698706
    1.919862177   -1.396263402  -48.367695191   56.211121319   -9.064554541
    2.094395102   -1.396263402  -40.249371452   35.730126571   -7.184622454
    2.268928028   -1.396263402  -36.107139075   11.452562338   -6.577938722
    2.443460953   -1.396263402  -36.196463842  -12.059007418   -7.182392593
    2.617993878   -1.396263402  -40.046202774  -31.116048736   -8.546869406
    2.792526803   -1.396263402  -46.634667913  -43.090926658  -10.032654474
    2.967059728   -1.396263402  -54.575325180  -46.556534755  -11.023637429

   -3.141592654   -1.221730476  -64.452608168  -41.073903561  -12.224030683
   -2.967059728   -1.221730476  -70.591419897  -28.594610497  -11.214116050
   -2.792526803   -1.221730476  -74.273906129  -13.636542256   -9.688589234
   -2.617993878   -1.221730476  -75.446340092   -0.458860163   -8.342207585
   -2.443460953   -1.221730476  -74.721697239    7.762272329   -7.743329257
   -2.268928028   -1.221730476  -73.080752622   10.123605886   -8.176225797
   -2.094395102   -1.221730476  -71.445372197    8.102849928   -9.715645848
   -1.919862177   -1.221730476  -70.340801910    4.539126933  -12.410182635
   -1.745329252   -1.221730476  -69.794346473    2.055233881  -16.378706250
   -1.570796327   -1.221730476  -69.479606576    1.950180688  -21.678088842
   -1.396263402   -1.221730476  -68.983433168    3.966216353  -28.038421529
   -1.221730476   -1.221730476  -68.035024039    6.879792688  -34.661429467
   -1.047197551   -1.221730476  -66.605307063    9.280882357  -40.295351791
   -0.872664626   -1.221730476  -64.874076912   10.197973378  -43.567889042
   -0.698131701   -1.221730476  -63.140751063    9.258474105  -43.448711130
   -0.523598776   -1.221730476  -61.741314260    6.407101609  -39.656360465
   -0.349065850   -1.221730476  -61.013306786    1.538220885  -32.805830596
   -0.174532925   -1.221730476  -61.329332655   -5.611891029  -24.253884855
    0.000000000   -1.221730476  -63.104892096  -15.163082399  -15.735440584
    0.174532925   -1.221730476  -66.712039395  -26.392677806   -8.890935839
    0.349065850   -1.221730476  -72.267636990  -36.919845087   -4.830094021
    0.523598776   -1.221730476  -79.318380140  -42.792151993   -3.859835819
    0.698131701   -1.221730476  -86.660910640  -39.602527264   -5.432050692
    0.872664626   -1.221730476  -92.451252757  -24.868403080   -8.347326617
    1.047197551   -1.221730476  -94.735181943   -0.022570252  -11.187944882
    1.221730476   -1.221730476  -92.191935579   29.221775384  -12.800053639
    1.396263402   -1.221730476  -84.740355694   54.853654260  -12.682101268
    1.570796327   -1.221730476  -73.664807608   69.830129201  -11.092180296
    1.745329252   -1.221730476  -61.190432019   70.669431936   -8.815972675
    1.919862177   -1.221730476  -49.767972022   58.235579742   -6.786137510
    2.094395102   -1.221730476  -41.394226747   36.575608562   -5.724831159
    2.268928028   -1.221730476  -37.220227540   10.992211967   -5.925589417
    2.443460953   -1.221730476  -37.483550726  -13.505239397   -7.248932363
    2.617993878   -1.221730476  -41.629040376  -32.941084009   -9.193532537
    2.792526803   -1.221730476  -48.517549333  -44.591221285  -11.066889665
    2.967059728   -1.221730476  -56.649202960  -47.177844913  -12.203909750

   -3.141592654   -1.047197551  -66.387134238  -40.473497661   -9.410301377
   -2.967059728   -1.047197551  -72.348363367  -27.263329444   -8.489098180
   -2.792526803   -1.047197551  -75.784583671  -12.269013059   -7.337430985
   -2.617993878   -1.047197551  -76.766471137    0.267884411   -6.648365777
   -2.443460953   -1.047197551  -76.001850400    7.460063543   -6.904755024
   -2.268928028   -1.047197551  -74.510703232    8.713430168   -8.250636555
   -2.094395102   -1.047197551  -73.215058106    5.627650431  -10.610330115
   -1.919862177   -1.047197551  -72.635956012    0.982616856  -13.896311539
   -1.745329252   -1.047197551  -72.809221760   -2.640834047  -18.099501353
   -1.570796327   -1.047197551  -73.406916831   -3.763642545  -23.155136580
   -1.396263402   -1.047197551  -73.960701655   -2.216936775  -28.708930786
   -1.221730476   -1.047197551  -74.059907571    1.258086400  -33.968225131
   -1.047197551   -1.047197551  -73.467032788    5.523129931  -37.815831684
   -0.872664626   -1.047197551  -72.142903418    9.444850466  -39.141603025
   -0.698131701   -1.047197551  -70.234582573   12.043543807  -37.256808012
   -0.523598776   -1.047197551  -68.057389479   12.407178094  -32.219758407
   -0.349065850   -1.047197551  -66.079330625    9.619469391  -24.901046812
   -0.174532925   -1.047197551  -64.920717720    2.911431643  -16.748744542
    0.000000000   -1.047197551  -65.293411091   -7.871942828   -9.376637217
    0.174532925   -1.047197551  -67.831127868  -21.582420549   -4.099140412
    0.349065850   -1.047197551  -72.806636991  -35.096984023   -1.568550100
    0.523598776   -1.047197551  -79.780993875  -43.621226037   -1.642624394
    0.698131701   -1.047197551  -87.428968643  -42.068014496   -3.493783665
    0.872664626   -1.047197551  -93.695231730  -27.645182231   -5.931502391
    1.047197551   -1.047197551  -96.401471106   -1.932771198   -7.837217344
    1.221730476   -1.047197551  -94.063565237   28.820729007   -8.515699318
    1.396263402   -1.047197551  -86.547445082   55.918283011   -7.869741058
    1.570796327   -1.047197551  -75.198166132   71.764726018   -6.327110306
    1.745329252   -1.047197551  -62.371185088   72.633539204   -4.574186494
    1.919862177   -1.047197551  -50.658700215   59.491133606   -3.275699423
    2.094395102   -1.047197551  -42.160968616   36.710564735   -2.878597369
    2.268928028   -1.047197551  -38.066167831    9.981785925   -3.511738157
    2.443460953   -1.047197551  -38.583418631  -15.316886827   -4.998540837
    2.617993878   -1.047197551  -43.072708507  -34.953760956   -6.889211763
    2.792526803   -1.047197551  -50.279246272  -46.114596518   -8.578994580
    2.967059728   -1.047197551  -58.593752209  -47.692182054   -9.507083303

   -3.141592654   -0.872664626  -67.544688048  -40.093461523   -3.539276344
   -2.967059728   -0.872664626  -73.404314744  -26.577354660   -3.436989956
   -2.792526803   -0.872664626  -76.739749114  -11.899156437   -3.592841031
   -2.617993878   -0.872664626  -77.723785662   -0.182418685   -4.438144796
   -2.443460953   -0.872664626  -77.124865443    6.010882944   -6.151421187
   -2.268928028   -0.872664626  -75.967801719    6.362406793   -8.634665342
   -2.094395102   -0.872664626  -75.149207728    2.533918468  -11.685258918
   -1.919862177   -0.872664626  -75.169476144   -2.789700529  -15.178255489
   -1.745329252   -0.872664626  -76.059229657   -7.068325172  -19.086175227
   -1.570796327   -0.872664626  -77.474475540   -8.646659718  -23.304754269
   -1.396263402   -0.872664626  -78.881793193   -6.984435872  -27.448842131
   -1.221730476   -0.872664626  -79.736983392   -2.465528916  -30.783759440
   -1.047197551   -0.872664626  -79.625744906    3.884735294  -32.406067038
   -0.872664626   -0.872664626  -78.346935426   10.649454059  -31.581021364
   -0.698131701   -0.872664626  -75.966179246   16.217066839  -28.077831202
   -0.523598776   -0.872664626  -72.842596080   18.912174376  -22.347002405
   -0.349065850   -0.872664626  -69.613451801   17.207025310  -15.448775828
   -0.174532925   -0.872664626  -67.145412007   10.077896194   -8.732369178
    0.000000000   -0.872664626  -66.402210668   -2.436399126   -3.436006113
    0.174532925   -0.872664626  -68.201698424  -18.622350303   -0.326482251
    0.349065850   -0.872664626  -72.882351678  -34.617197294    0.507516240
    0.523598776   -0.872664626  -79.943654467  -44.943818227   -0.378859034
    0.698131701   -0.872664626  -87.902361888  -44.121092089   -2.024644850
    0.872664626   -0.872664626  -94.510629683  -29.366852202   -3.440775388
    1.047197551   -0.872664626  -97.433825718   -2.633963194   -3.974825195
    1.221730476   -0.872664626  -95.114255136   29.282436050   -3.488136377
    1.396263402   -0.872664626  -87.436791358   57.210732985   -2.291325503
    1.570796327   -0.872664626  -75.829718308   73.321985267   -0.896440385
    1.745329252   -0.872664626  -62.749458876   73.899243552    0.244273043
    1.919862177   -0.872664626  -50.870712093   60.085237074    0.866774866
    2.094395102   -0.872664626  -42.341272528   36.478145405    0.882780406
    2.268928028   -0.872664626  -38.356927297    8.980121282    0.332537730
    2.443460953   -0.872664626  -39.098314888  -16.818176641   -0.647789943
    2.617993878   -0.872664626  -43.862292768  -36.516377364   -1.809835123
    2.792526803   -0.872664626  -51.310086968  -47.242443491   -2.827541394
    2.967059728   -0.872664626  -59.756786129  -48.050904111   -3.422396255

   -3.141592654   -0.698131701  -67.551234929  -40.580369906    3.393255765
   -2.967059728   -0.698131701  -73.521996784  -27.417420262    1.903244979
   -2.792526803   -0.698131701  -77.057630569  -13.383409453   -0.326116806
   -2.617993878   -0.698131701  -78.365660252   -2.401562131   -3.231783327
   -2.443460953   -0.698131701  -78.208066576    3.213746260   -6.550647712
   -2.268928028   -0.698131701  -77.570550589    3.245331131   -9.943438590
   -2.094395102   -0.698131701  -77.310871361   -0.741167118  -13.192059489
   -1.919862177   -0.698131701  -77.915582419   -6.219034269  -16.289601418
   -1.745329252   -0.698131701  -79.419053185  -10.659646483  -19.326863484
   -1.570796327   -0.698131701  -81.462192758  -12.186712539  -22.245987674
   -1.396263402   -0.698131701  -83.444336795   -9.909011625  -24.663425025
   -1.221730476   -0.698131701  -84.698575405   -3.974706276  -25.903957501
   -1.047197551   -0.698131701  -84.671911850    4.519431224  -25.276117534
   -0.872664626   -0.698131701  -83.069256216   13.729241601  -22.433396412
   -0.698131701   -0.698131701  -79.957963364   21.403949768  -17.622496843
   -0.523598776   -0.698131701  -75.809944905   25.268797512  -11.680076796
   -0.349065850   -0.698131701  -71.459244450   23.485508438   -5.791181968
   -0.174532925   -0.698131701  -67.989615674   15.104296617   -1.080907873
    0.000000000   -0.698131701  -66.536414528    0.593084514    1.735182996
    0.174532925   -0.698131701  -67.994717546  -17.705642077    2.545262465
    0.349065850   -0.698131701  -72.667322737  -35.315909219    1.842455107
    0.523598776   -0.698131701  -79.926723731  -46.351446654    0.511500672
    0.698131701   -0.698131701  -88.121364706  -45.282659076   -0.499760859
    0.872664626   -0.698131701  -94.860081981  -29.644815514   -0.554434230
    1.047197551   -0.698131701  -97.742689811   -1.926170347    0.440942665
    1.221730476   -0.698131701  -95.237379955   30.608293297    2.057967201
    1.396263402   -0.698131701  -87.314369978   58.603539930    3.644147747
    1.570796327   -0.698131701  -75.490675472   74.361922570    4.709902776
    1.745329252   -0.698131701  -62.272920417   74.435952306    5.141901154
    1.919862177   -0.698131701  -50.340785378   60.182777874    5.149912310
    2.094395102   -0.698131701  -41.823696200   36.262953821    5.029752787
    2.268928028   -0.698131701  -37.897592862    8.543913443    4.960847199
    2.443460953   -0.698131701  -38.729375762  -17.400844603    4.951527691
    2.617993878   -0.698131701  -43.600707509  -37.143126620    4.909632809
    2.792526803   -0.698131701  -51.152484137  -47.794487626    4.723644436
    2.967059728   -0.698131701  -59.685260836  -48.496421502    4.271727623

   -3.141592654   -0.523598776  -66.423896564  -42.534603606    9.111836770
   -2.967059728   -0.523598776  -72.824202154  -30.359248894    5.666589986
   -2.792526803   -0.523598776  -76.944716154  -17.077311909    1.236198361
   -2.617993878   -0.523598776  -78.932027831   -6.407771072   -3.549617848
   -2.443460953   -0.523598776  -79.464751424   -0.618853587   -8.020308950
   -2.268928028   -0.523598776  -79.456261237   -0.103160304  -11.714893750
   -2.094395102   -0.523598776  -79.735619073   -3.591542091  -14.546546549
   -1.919862177   -0.523598776  -80.807963113   -8.762757616  -16.748074686
   -1.745329252   -0.523598776  -82.740030288  -13.024159901  -18.602220218
   -1.570796327   -0.523598776  -85.169442833  -14.180734971  -20.126020983
   -1.396263402   -0.523598776  -87.428511640  -10.970080654  -20.929435597
   -1.221730476   -0.523598776  -88.735284557   -3.403836173  -20.362558564
   -1.047197551   -0.523598776  -88.430797283    7.168939076  -17.893432555
   -0.872664626   -0.523598776  -86.188888570   18.329757360  -13.499926012
   -0.698131701   -0.523598776  -82.156848607   27.185014184   -7.835678094
   -0.523598776   -0.523598776  -76.981546727   31.044512485   -2.053774162
   -0.349065850   -0.523598776  -71.710033311   28.086361123    2.600509609
   -0.174532925   -0.523598776  -67.598974178   17.773988563    5.272941518
    0.000000000   -0.523598776  -65.861099140    1.217141774    5.784986002
    0.174532925   -0.523598776  -67.355171164  -18.607792572    4.649420619
    0.349065850   -0.523598776  -72.252322812  -36.814088774    2.862325057
    0.523598776   -0.523598776  -79.750331869  -47.436080119    1.521205606
    0.698131701   -0.523598776  -88.042337004  -45.249203889    1.443718611
    0.872664626   -0.523598776  -94.662752095  -28.363347664    2.842982423
    1.047197551   -0.523598776  -97.244043467    0.117919172    5.262352983
    1.221730476   -0.523598776  -94.373106246   32.610376143    7.791032404
    1.396263402   -0.523598776  -86.155667454   59.897534761    9.549082890
    1.570796327   -0.523598776  -74.185693275   74.760526866   10.153106302
    1.745329252   -0.523598776  -60.957592105   74.240718292    9.850463507
    1.919862177   -0.523598776  -49.074310269   59.905991040    9.295657406
    2.094395102   -0.523598776  -40.583079763   36.285428764    9.119772612
    2.268928028   -0.523598776  -36.619679592    8.936656158    9.594862881
    2.443460953   -0.523598776  -37.364430377  -16.845348898   10.556671463
    2.617993878   -0.523598776  -42.149225781  -36.767466923   11.524398169
    2.792526803   -0.523598776  -49.676534711  -47.948550655   11.911397192
    2.967059728   -0.523598776  -58.303589133  -49.466094953   11.204359196

   -3.141592654   -0.349065850  -64.529534783  -46.131041637   11.982388271
   -2.967059728   -0.349065850  -71.683810589  -35.287123063    6.891608109
   -2.792526803   -0.349065850  -76.726243573  -22.557188204    0.923935997
   -2.617993878   -0.349065850  -79.652955883  -11.555135187   -4.866234696
   -2.443460953   -0.349065850  -81.003940736   -4.773147060   -9.606573738
   -2.268928028   -0.349065850  -81.615042511   -3.056824566  -12.903637188
   -2.094395102   -0.349065850  -82.319998140   -5.582785043  -14.909773960
   -1.919862177   -0.349065850  -83.687399164  -10.218145187  -16.110279007
   -1.745329252   -0.349065850  -85.847570515  -14.186050069  -16.931314361
   -1.570796327   -0.349065850  -88.443826762  -14.854151953  -17.402241030
   -1.396263402   -0.349065850  -90.736501568  -10.561244977  -17.077125781
   -1.221730476   -0.349065850  -91.829503038   -1.270314660  -15.293762022
   -1.047197551   -0.349065850  -90.981118989   11.257931742  -11.632771660
   -0.872664626   -0.349065850  -87.883606743   23.906425781   -6.318379870
   -0.698131701   -0.349065850  -82.825670597   33.144962688   -0.300448578
   -0.523598776   -0.349065850  -76.674983033   36.038787240    5.063222011
   -0.349065850   -0.349065850  -70.696084313   31.068463153    8.537905110
   -0.174532925   -0.349065850  -66.271350956   18.392849488    9.534388153
    0.000000000   -0.349065850  -64.603754661   -0.078882058    8.323948111
    0.174532925   -0.349065850  -66.417907574  -20.772996697    5.902329638
    0.349065850   -0.349065850  -71.678317004  -38.613703613    3.612268336
    0.523598776   -0.349065850  -79.382234501  -47.872779001    2.634191760
    0.698131701   -0.349065850  -87.596746851  -43.933308417    3.590149822
    0.872664626   -0.349065850  -93.854921223  -25.654717697    6.295564117
    1.047197551   -0.349065850  -95.909472154    3.247678674    9.855365292
    1.221730476   -0.349065850  -92.537240738   35.054350540   13.033523165
    1.396263402   -0.349065850  -84.008302270   60.971588951   14.844579066
    1.570796327   -0.349065850  -71.972118830   74.520789989   15.031765764
    1.745329252   -0.349065850  -58.853778612   73.375650646   14.117959050
    1.919862177   -0.349065850  -47.112261907   59.284906881   13.067181716
    2.094395102   -0.349065850  -38.663090744   36.476946090   12.734640198
    2.268928028   -0.349065850  -34.589523122    9.965766675   13.444645451
    2.443460953   -0.349065850  -35.113914866  -15.461691960   14.892023853
    2.617993878   -0.349065850  -39.680826722  -35.789298807   16.292019861
    2.792526803   -0.349065850  -47.128978757  -48.136482820   16.702761539
    2.967059728   -0.349065850  -55.929868753  -51.324635491   15.361513827

   -3.141592654   -0.174532925  -62.422801464  -50.961509289   11.610994698
   -2.967059728   -0.174532925  -70.545307263  -41.369242864    5.789077318
   -2.792526803   -0.174532925  -76.677042908  -28.750930750   -0.506558928
   -2.617993878   -0.174532925  -80.614078518  -16.791029722   -6.093154469
   -2.443460953   -0.174532925  -82.747150134   -8.452780988  -10.179118978
   -2.268928028   -0.174532925  -83.862247682   -5.205982461  -12.608907368
   -2.094395102   -0.174532925  -84.842576480   -6.693266345  -13.791520948
   -1.919862177   -0.174532925  -86.356390033  -10.861993996  -14.358011227
   -1.745329252   -0.174532925  -88.610018987  -14.606193623  -14.721320760
   -1.570796327   -0.174532925  -91.243514874  -14.765889611  -14.789483323
   -1.396263402   -0.174532925  -93.429342181   -9.298598648  -13.990171437
   -1.221730476   -0.174532925  -94.153328764    1.771282206  -11.633448090
   -1.047197551   -0.174532925  -92.609781666   16.133127708   -7.410991774
   -0.872664626   -0.174532925  -88.548300114   29.892884141   -1.755300696
   -0.698131701   -0.174532925  -82.441935738   38.924366675    4.182443334
   -0.523598776   -0.174532925  -75.404305009   40.206749750    8.960092853
   -0.349065850   -0.174532925  -68.908543765   32.737986961   11.436354424
   -0.174532925   -0.174532925  -64.417821677   17.553503642   11.273646501
    0.000000000   -0.174532925  -63.057559604   -2.565854214    9.069604330
    0.174532925   -0.174532925  -65.350504976  -23.522095418    6.109838918
    0.349065850   -0.174532925  -71.010929365  -40.248690469    3.887415742
    0.523598776   -0.174532925  -78.832558788  -47.499419290    3.535688690
    0.698131701   -0.174532925  -86.793017630  -41.465351978    5.459232136
    0.872664626   -0.174532925  -92.485664026  -21.829421409    9.173050024
    1.047197551   -0.174532925  -93.845212633    7.149733448   13.518064574
    1.221730476   -0.174532925  -89.879035234   37.780961049   17.117760990
    1.396263402   -0.174532925  -81.030720224   61.876232292   18.981210790
    1.570796327   -0.174532925  -68.985865513   73.826623533   18.939262729
    1.745329252   -0.174532925  -56.065260601   71.994159797   17.634490898
    1.919862177   -0.174532925  -44.546439145   58.280703984   16.148408326
    2.094395102   -0.174532925  -36.185864923   36.523881117   15.426344260
    2.268928028   -0.174532925  -32.007078148   11.065375642   15.827317785
    2.443460953   -0.174532925  -32.290865346  -13.954939613   17.007958398
    2.617993878   -0.174532925  -36.631711994  -34.883474785   18.072665826
    2.792526803   -0.174532925  -44.047218566  -48.811125178   17.957276871
    2.967059728   -0.174532925  -53.148650721  -54.135251115   15.859067507

   -3.141592654    0.000000000  -60.621998630  -56.155797754    8.652821499
   -2.967059728    0.000000000  -69.740186063  -47.380936379    3.249375398
   -2.792526803    0.000000000  -76.905584671  -34.383219798   -2.114294131
   -2.617993878    0.000000000  -81.720180085  -21.101891960   -6.443238247
   -2.443460953    0.000000000  -84.461343122  -11.113008384   -9.258558348
   -2.268928028    0.000000000  -85.915150939   -6.519648712  -10.720210166
   -2.094395102    0.000000000  -87.053594401   -7.305494320  -11.418660669
   -1.919862177    0.000000000  -88.655363296  -11.314221163  -11.959350632
   -1.745329252    0.000000000  -90.983880583  -14.971422646  -12.555278797
   -1.570796327    0.000000000  -93.642377043  -14.564901228  -12.857804786
   -1.396263402    0.000000000  -95.688583239   -7.769364632  -12.120315237
   -1.221730476    0.000000000  -95.987055321    5.169559950   -9.650897670
   -1.047197551    0.000000000  -93.691369897   21.265395072   -5.303253839
   -0.872664626    0.000000000  -88.645255176   35.827136234    0.271059386
   -0.698131701    0.000000000  -81.535371608   44.234555157    5.782911560
   -0.523598776    0.000000000  -73.725809858   43.550578870    9.822035180
   -0.349065850    0.000000000  -66.873394917   33.441012559   11.442472536
   -0.174532925    0.000000000  -62.477436782   15.886211867   10.572938107
    0.000000000    0.000000000  -61.538300226   -5.494261490    8.036323811
    0.174532925    0.000000000  -64.342856762  -26.196795455    5.223816385
    0.349065850    0.000000000  -70.346308552  -41.325773677    3.582097750
    0.523598776    0.000000000  -78.158181229  -46.262324882    4.069671831
    0.698131701    0.000000000  -85.705565361  -38.080577389    6.858815067
    0.872664626    0.000000000  -90.685002879  -17.259406016   11.267113525
    1.047197551    0.000000000  -91.243932953   11.510016792   16.040166681
    1.221730476    0.000000000  -86.629791751   40.677424525   19.826902377
    1.396263402    0.000000000  -77.453569178   62.721709257   21.711254835
    1.570796327    0.000000000  -65.426094012   72.899820320   21.567350810
    1.745329252    0.000000000  -52.756283173   70.240791092   20.015253657
    1.919862177    0.000000000  -41.535440889   56.790674313   18.083931232
    2.094395102    0.000000000  -33.355687212   36.004386643   16.695364213
    2.268928028    0.000000000  -29.174886039   11.552173712   16.243601578
    2.443460953    0.000000000  -29.327930325  -13.095518729   16.471026504
    2.617993878    0.000000000  -33.559172030  -34.664927737   16.589258792
    2.792526803    0.000000000  -41.064392487  -50.191030770   15.657093445
    2.967059728    0.000000000  -50.584571028  -57.567474002   13.015354642

   -3.141592654    0.174532925  -59.478372061  -60.739066579    4.273992158
   -2.967059728    0.174532925  -69.431783799  -52.192645563    0.223888205
   -2.792526803    0.174532925  -77.385834953  -38.460947927   -3.357008672
   -2.617993878    0.174532925  -82.801623427  -23.863584367   -5.871767052
   -2.443460953    0.174532925  -85.908150755  -12.592867691   -7.248836909
   -2.268928028    0.174532925  -87.544879305   -7.248665598   -7.926398498
   -2.094395102    0.174532925  -88.793496117   -7.933322996   -8.548792682
   -1.919862177    0.174532925  -90.524531491  -12.176917141   -9.542186512
   -1.745329252    0.174532925  -93.011608434  -15.834457042  -10.798187867
   -1.570796327    0.174532925  -95.769929478  -14.694748341  -11.655637782
   -1.396263402    0.174532925  -97.712586972   -6.328431733  -11.213274288
   -1.221730476    0.174532925  -97.587853487    8.592342193   -8.845064611
   -1.047197551    0.174532925  -94.542890315   26.297238518   -4.635728541
   -0.872664626    0.174532925  -88.555333100   41.346346655    0.530624998
   -0.698131701    0.174532925  -80.544183413   48.803536500    5.292603144
   -0.523598776    0.174532925  -72.108079496   46.015235966    8.393103866
   -0.349065850    0.174532925  -65.043551295   33.417831281    9.196519073
   -0.174532925    0.174532925  -60.836337257   13.901727350    7.937963431
    0.000000000    0.174532925  -60.328512858   -8.215857908    5.601856883
    0.174532925    0.174532925  -63.566049189  -28.200688042    3.538729512
    0.349065850    0.174532925  -69.768515662  -41.466128124    2.978474789
    0.523598776    0.174532925  -77.402588822  -44.080469854    4.580155684
    0.698131701    0.174532925  -84.388292711  -33.964975174    8.242106205
    0.872664626    0.174532925  -88.554348837  -12.279022805   13.132746661
    1.047197551    0.174532925  -88.267135617   16.000033680   18.007099783
    1.221730476    0.174532925  -82.998698564   43.539763698   21.656849121
    1.396263402    0.174532925  -73.507617529   63.459641302   23.321323416
    1.570796327    0.174532925  -61.522549246   71.782003094   22.931482369
    1.745329252    0.174532925  -49.150557782   68.119316827   21.036134485
    1.919862177    0.174532925  -38.314709914   54.659614916   18.528385567
    2.094395102    0.174532925  -30.453426988   34.553290779   16.239469022
    2.268928028    0.174532925  -26.452805931   10.905048596   14.594808896
    2.443460953    0.174532925  -26.678781354  -13.403845938   13.503272161
    2.617993878    0.174532925  -30.992194784  -35.439723050   12.434790442
    2.792526803    0.174532925  -38.729717367  -52.176768984   10.733941313
    2.967059728    0.174532925  -48.727331691  -61.038948131    7.979267805

   -3.141592654    0.349065850  -59.136718335  -64.003410404   -0.350215014
   -2.967059728    0.349065850  -69.643143244  -55.150573593   -2.612229223
   -2.792526803    0.349065850  -78.044624799  -40.558822886   -4.167789674
   -2.617993878    0.349065850  -83.737703651  -24.960397563   -4.870596101
   -2.443460953    0.349065850  -86.971724615  -13.049198001   -5.008047751
   -2.268928028    0.349065850  -88.678510537   -7.704871173   -5.176511001
   -2.094395102    0.349065850  -90.047339815   -8.908510948   -5.944949705
   -1.919862177    0.349065850  -92.001028960  -13.704336615   -7.479760328
   -1.745329252    0.349065850  -94.765147261  -17.340842018   -9.347943779
   -1.570796327    0.349065850  -97.716263091  -15.229844191  -10.643481050
   -1.396263402    0.349065850  -99.603914436   -5.059831622  -10.418747890
   -1.221730476    0.349065850  -99.079754134   11.866126840   -8.210822091
   -1.047197551    0.349065850  -95.329086982   30.937402551   -4.375181549
   -0.872664626    0.349065850  -88.501365686   46.092417085    0.017313456
   -0.698131701    0.349065850  -79.751423101   52.323087716    3.650410888
   -0.523598776    0.349065850  -70.873879037   47.474793288    5.560170969
   -0.349065850    0.349065850  -63.741251701   32.807018757    5.527122883
   -0.174532925    0.349065850  -59.769308821   11.995491856    4.119871712
    0.000000000    0.349065850  -59.618235443  -10.176887906    2.428568098
    0.174532925    0.349065850  -63.110381020  -28.970997363    1.648604858
    0.349065850    0.349065850  -69.279496459  -40.239976061    2.661449456
    0.523598776    0.349065850  -76.511453110  -40.748839143    5.718746696
    0.698131701    0.349065850  -82.772738607  -29.159125904   10.378441424
    0.872664626    0.349065850  -86.051112380   -7.132266204   15.643937357
    1.047197551    0.349065850  -84.926781350   20.254911266   20.311379523
    1.221730476    0.349065850  -79.064982673   45.977006254   23.384294211
    1.396263402    0.349065850  -69.336752904   63.748118666   24.351235765
    1.570796327    0.349065850  -57.471673364   70.213962036   23.289679580
    1.745329252    0.349065850  -45.483411033   65.436702581   20.736179802
    1.919862177    0.349065850  -35.150645518   51.715481490   17.457825550
    2.094395102    0.349065850  -27.776607406   31.983472076   14.168925362
    2.268928028    0.349065850  -24.172085713    8.932152978   11.299335255
    2.443460953    0.349065850  -24.703728498  -15.004047248    8.925555741
    2.617993878    0.349065850  -29.298911360  -37.155228730    6.812755487
    2.792526803    0.349065850  -37.380062437  -54.453970599    4.632024601
    2.967059728    0.349065850  -47.835651375  -63.979441072    2.197807817

   -3.141592654    0.523598776  -59.555888375  -65.695241201   -4.309867281
   -2.967059728    0.523598776  -70.303707858  -56.181489130   -4.868599667
   -2.792526803    0.523598776  -78.816930789  -40.811271834   -4.674950961
   -2.617993878    0.523598776  -84.501210461  -24.674951496   -3.959571401
   -2.443460953    0.523598776  -87.678066395  -12.785433788   -3.236529181
   -2.268928028    0.523598776  -89.386655428   -8.075878867   -3.116406457
   -2.094395102    0.523598776  -90.901661497  -10.219232371   -3.997411216
   -1.919862177    0.523598776  -93.151680025  -15.691971665   -5.785646858
   -1.745329252    0.523598776  -96.265266297  -19.188856061   -7.826447926
   -1.570796327    0.523598776  -99.451461559  -15.916726204   -9.140350983
   -1.396263402    0.523598776 -101.302669468   -3.891371897   -8.905252778
   -1.221730476    0.523598776 -100.411137154   14.821875567   -6.917170923
   -1.047197551    0.523598776  -96.046505409   34.819132609   -3.777022494
   -0.872664626    0.523598776  -88.552127648   49.631704652   -0.607213170
   -0.698131701    0.523598776  -79.295687785   54.452324620    1.502723303
   -0.523598776    0.523598776  -70.203735716   47.804846017    2.027311333
   -0.349065850    0.523598776  -63.146007256   31.744056004    1.221978045
   -0.174532925    0.523598776  -59.411845130   10.523871630   -0.045181420
    0.000000000    0.523598776  -59.468200057  -10.895998421   -0.669177935
    0.174532925    0.523598776  -62.950019370  -28.016244859    0.284394826
    0.349065850    0.523598776  -68.774487681  -37.248365159    3.258532685
    0.523598776    0.523598776  -75.324294684  -36.038112229    8.033304508
    0.698131701    0.523598776  -80.676694254  -23.647972532   13.780176072
    0.872664626    0.523598776  -83.010276570   -2.027761598   19.309292687
    1.047197551    0.523598776  -81.111945277   23.872176144   23.458444853
    1.221730476    0.523598776  -74.799474059   47.470412316   25.481841837
    1.396263402    0.523598776  -65.004548282   63.061265491   25.207906432
    1.570796327    0.523598776  -53.421362053   67.770934233   22.980909978
    1.745329252    0.523598776  -41.962736380   61.936340011   19.435318470
    1.919862177    0.523598776  -32.280116955   47.879321774   15.270368419
    2.094395102    0.523598776  -25.562714268   28.360129193   11.076484590
    2.268928028    0.523598776  -22.549542465    5.799118899    7.236095102
    2.443460953    0.523598776  -23.583970651  -17.655650219    3.924512477
    2.617993878    0.523598776  -28.612642009  -39.504829932    1.140486269
    2.792526803    0.523598776  -37.090591839  -56.667663266   -1.174699131
    2.967059728    0.523598776  -47.922192402  -66.040914378   -3.028862470

   -3.141592654    0.698131701  -60.560711638  -65.985210256   -6.985962831
   -2.967059728    0.698131701  -71.286392340  -55.656366559   -6.261044389
   -2.792526803    0.698131701  -79.652409549  -39.708022768   -4.870389442
   -2.617993878    0.698131701  -85.128063554  -23.481401138   -3.289486323
   -2.443460953    0.698131701  -88.133395015  -12.109647470   -2.110458468
   -2.268928028    0.698131701  -89.806077060   -8.390869044   -1.835008237
   -2.094395102    0.698131701  -91.471298504  -11.590447524   -2.639176478
   -1.919862177    0.698131701  -94.022248551  -17.646959527   -4.223081558
   -1.745329252    0.698131701  -97.465327723  -20.846859554   -5.869088372
   -1.570796327    0.698131701 -100.847866155  -16.389786986   -6.738102765
   -1.396263402    0.698131701 -102.643029421   -2.765149898   -6.312123087
   -1.221730476    0.698131701 -101.434689332   17.200942721   -4.703940466
   -1.047197551    0.698131701  -96.612071962   37.495594234   -2.662214287
   -0.872664626    0.698131701  -88.704289980   51.532484625   -1.157709904
   -0.698131701    0.698131701  -79.234083979   54.953103243   -0.845554335
   -0.523598776    0.698131701  -70.172737857   47.040527327   -1.699741588
   -0.349065850    0.698131701  -63.304693757   30.503172989   -3.008508442
   -0.174532925    0.698131701  -59.749676875    9.892208040   -3.721799367
    0.000000000    0.698131701  -59.790916841   -9.959089886   -2.867415276
    0.174532925    0.698131701  -62.931461220  -25.006124345    0.112062590
    0.349065850    0.698131701  -68.053637009  -32.294246864    5.167331460
    0.523598776    0.698131701  -73.620061894  -29.903293918   11.609530510
    0.698131701    0.698131701  -77.884810384  -17.541571444   18.255833237
    0.872664626    0.698131701  -79.249102517    2.774784732   23.761158779
    1.047197551    0.698131701  -76.696995667   26.461937847   27.041526603
    1.221730476    0.698131701  -70.152103509   47.555345977   27.636986378
    1.396263402    0.698131701  -60.542040518   60.950920422   25.769547486
    1.570796327    0.698131701  -49.471671406   64.126797602   22.121387465
    1.745329252    0.698131701  -38.728664446   57.494484174   17.494592745
    1.919862177    0.698131701  -29.844925934   43.254337845   12.560107989
    2.094395102    0.698131701  -23.918002237   23.978357900    7.773489133
    2.268928028    0.698131701  -21.628581782    1.916622525    3.410516268
    2.443460953    0.698131701  -23.287656481  -20.921587986   -0.348251881
    2.617993878    0.698131701  -28.829220730  -42.110717052   -3.373440507
    2.792526803    0.698131701  -37.701972041  -58.574359183   -5.548754626
    2.967059728    0.698131701  -48.801275036  -67.173554945   -6.772252412

   -3.141592654    0.872664626  -61.902108269  -65.270559801   -8.229040453
   -2.967059728    0.872664626  -72.426802292  -54.130035485   -6.749616890
   -2.792526803    0.872664626  -80.488554615  -37.838558886   -4.753700390
   -2.617993878    0.872664626  -85.651310876  -21.862212397   -2.828522273
   -2.443460953    0.872664626  -88.436171490  -11.271396460   -1.523405349
   -2.268928028    0.872664626  -90.052641969   -8.594338911   -1.152096623
   -2.094395102    0.872664626  -91.836187486  -12.677743495   -1.660259332
   -1.919862177    0.872664626  -94.615357206  -19.055597887   -2.623532177
   -1.745329252    0.872664626  -98.277557127  -21.828116517   -3.421950347
   -1.570796327    0.872664626 -101.749837581  -16.384458399   -3.542964906
   -1.396263402    0.872664626 -103.450952804   -1.739334645   -2.895071533
   -1.221730476    0.872664626 -102.011964908   18.676501358   -1.899272452
   -1.047197551    0.872664626  -96.955056061   38.555154711   -1.303808060
   -0.872664626    0.872664626  -88.950042458   51.518749306   -1.718084165
   -0.698131701    0.872664626  -79.583687878   53.829344378   -3.199772877
   -0.523598776    0.872664626  -70.771396762   45.470479255   -5.135060249
   -0.349065850    0.872664626  -64.140559403   29.539669334   -6.457283626
   -0.174532925    0.872664626  -60.624652285   10.548797952   -6.113308968
    0.000000000    0.872664626  -60.361922680   -7.075587392   -3.443461356
    0.174532925    0.872664626  -62.799560255  -19.885778664    1.616396627
    0.349065850    0.872664626  -66.873077833  -25.553864185    8.504069068
    0.523598776    0.872664626  -71.201371958  -22.685341884   16.132952353
    0.698131701    0.872664626  -74.266855055  -11.252487082   23.098563581
    0.872664626    0.872664626  -74.709407195    6.875524463   28.044597141
    1.047197551    0.872664626  -71.688238193   27.690103537   30.074026909
    1.221730476    0.872664626  -65.179438894   45.992066990   29.054876599
    1.396263402    0.872664626  -56.037998967   57.290822296   25.589800217
    1.570796327    0.872664626  -45.721896706   59.290968411   20.663140903
    1.745329252    0.872664626  -35.865422976   52.276990168   15.214072869
    1.919862177    0.872664626  -27.886397300   38.164209396    9.868905694
    2.094395102    0.872664626  -22.815735712   19.286590477    4.930616365
    2.268928028    0.872664626  -21.298263613   -2.212997492    0.529534799
    2.443460953    0.872664626  -23.618314984  -24.340587500   -3.217933535
    2.617993878    0.872664626  -29.682598307  -44.652520958   -6.140447639
    2.792526803    0.872664626  -38.910649856  -60.075060150   -8.031644789
    2.967059728    0.872664626  -50.174440759  -67.537451492   -8.730897686

   -3.141592654    1.047197551  -63.368140886  -64.013835817   -8.538722411
   -2.967059728    1.047197551  -73.603051722  -52.152302645   -6.768605152
   -2.792526803    1.047197551  -81.298344797  -35.719180958   -4.628348969
   -2.617993878    1.047197551  -86.122622898  -20.186064120   -2.716422115
   -2.443460953    1.047197551  -88.683396651  -10.412282731   -1.466500585
   -2.268928028    1.047197551  -90.226044924   -8.577739267   -0.977000222
   -2.094395102    1.047197551  -92.058264915  -13.172013048   -0.993414494
   -1.919862177    1.047197551  -94.929993337  -19.530658154   -1.054657289
   -1.745329252    1.047197551  -98.638265313  -21.828325745   -0.761647544
   -1.570796327    1.047197551 -102.057811720  -15.807185481   -0.037802443
   -1.396263402    1.047197551 -103.631602147   -0.954267528    0.751153968
   -1.221730476    1.047197551 -102.086075081   18.982459758    0.950599992
   -1.047197551    1.047197551  -97.062638227   37.791922724   -0.033077455
   -0.872664626    1.047197551  -89.294581185   49.609977598   -2.300024917
   -0.698131701    1.047197551  -80.321483656   51.383153318   -5.250897292
   -0.523598776    1.047197551  -71.904064624   43.600904392   -7.743410962
   -0.349065850    1.047197551  -65.463726384   29.395047921   -8.511558979
   -0.174532925    1.047197551  -61.763285765   12.880906776   -6.680659078
    0.000000000    1.047197551  -60.864479761   -2.155331925   -2.054533078
    0.174532925    1.047197551  -62.252460380  -12.916972513    4.857948440
    0.349065850    1.047197551  -65.004701889  -17.594094102   12.996694358
    0.523598776    1.047197551  -67.956289189  -15.118435162   20.991234468
    0.698131701    1.047197551  -69.840115418   -5.494868053   27.410338382
    0.872664626    1.047197551  -69.518329965    9.753800544   31.102460830
    1.047197551    1.047197551  -66.278930102   27.326103145   31.518474406
    1.221730476    1.047197551  -60.089212676   42.835817587   28.899132121
    1.396263402    1.047197551  -51.670971457   52.344465982   24.152166829
    1.570796327    1.047197551  -42.293424277   53.640807090   18.427288546
    1.745329252    1.047197551  -33.423639612   46.710159203   12.673828498
    1.919862177    1.047197551  -26.378778406   33.055784098    7.402765236
    2.094395102    1.047197551  -22.151540401   14.736137006    2.744836332
    2.268928028    1.047197551  -21.377283560   -6.166740359   -1.320854743
    2.443460953    1.047197551  -24.327498562  -27.577357991   -4.763392435
    2.617993878    1.047197551  -30.878871979  -46.955992592   -7.413260323
    2.792526803    1.047197551  -40.410833770  -61.214942458   -9.021130129
    2.967059728    1.047197551  -51.764173850  -67.410017404   -9.391027204

   -3.141592654    1.221730476  -64.887316203  -62.605714607   -9.069732112
   -2.967059728    1.221730476  -74.814193268  -50.125495400   -7.353426855
   -2.792526803    1.221730476  -82.145457005  -33.673528007   -5.347649135
   -2.617993878    1.221730476  -86.650020293  -18.628974357   -3.598038510
   -2.443460953    1.221730476  -88.998642198   -9.534199475   -2.397500609
   -2.268928028    1.221730476  -90.436297687   -8.192347002   -1.651941427
   -2.094395102    1.221730476  -92.213282431  -12.844449341   -0.971407508
   -1.919862177    1.221730476  -95.002176014  -18.862520256    0.056762844
   -1.745329252    1.221730476  -98.555363514  -20.746777436    1.539004116
   -1.570796327    1.221730476 -101.774515428  -14.696421879    3.094982003
   -1.396263402    1.221730476 -103.202881725   -0.528528086    3.958002091
   -1.221730476    1.221730476 -101.693449337   18.050670677    3.354325032
   -1.047197551    1.221730476  -96.968844987   35.319946231    0.962795607
   -0.872664626    1.221730476  -89.731223525   46.158216826   -2.760029268
   -0.698131701    1.221730476  -81.361851943   48.149631707   -6.618473923
   -0.523598776    1.221730476  -73.385827900   42.004749297   -9.084441282
   -0.349065850    1.221730476  -66.998396574   30.510453294   -8.860941011
   -0.174532925    1.221730476  -62.834937698   17.057140449   -5.379336292
    0.000000000    1.221730476  -60.968586076    4.617913464    1.030011261
    0.174532925    1.221730476  -61.023873430   -4.640472360    9.285359706
    0.349065850    1.221730476  -62.302651219   -9.234018220   17.889430255
    0.523598776    1.221730476  -63.894910799   -8.135739930   25.312571331
    0.698131701    1.221730476  -64.771764124   -1.097684610   30.285234098
    0.872664626    1.221730476  -63.963132816   10.889465505   32.068377193
    1.047197551    1.221730476  -60.811220654   25.266901508   30.614125348
    1.221730476    1.221730476  -55.206589217   38.366630703   26.566204242
    1.396263402    1.221730476  -47.693975229   46.630382083   21.027655787
    1.570796327    1.221730476  -39.340848551   47.759654800   15.128600962
    1.745329252    1.221730476  -31.459989449   41.319043302    9.656168938
    1.919862177    1.221730476  -25.296073907   28.350089493    4.910686858
    2.094395102    1.221730476  -21.834840201   10.648427129    0.836558699
    2.268928028    1.221730476  -21.726798588   -9.711913967   -2.715080814
    2.443460953    1.221730476  -25.244158154  -30.498696379   -5.777245255
    2.617993878    1.221730476  -32.234583158  -49.016469290   -8.182591632
    2.792526803    1.221730476  -42.031369136  -62.142629891   -9.648290603
    2.967059728    1.221730476  -53.438301711  -67.085884117   -9.941672737

   -3.141592654    1.396263402  -66.600470457  -61.334595131  -10.892115868
   -2.967059728    1.396263402  -76.247414872  -48.281682446   -9.422630468
   -2.792526803    1.396263402  -83.248325545  -31.819697954   -7.644304505
   -2.617993878    1.396263402  -87.460474383  -17.170088001   -6.023940066
   -2.443460953    1.396263402  -89.594348325   -8.499245923   -4.731634417
   -2.268928028    1.396263402  -90.865842068   -7.245565534   -3.542149170
   -2.094395102    1.396263402  -92.451164770  -11.528116832   -2.010682686
   -1.919862177    1.396263402  -94.959848202  -16.973152175    0.165411154
   -1.745329252    1.396263402  -98.152187476  -18.605073767    2.794609610
   -1.570796327    1.396263402 -101.031885935  -13.113266757    5.106464630
   -1.396263402    1.396263402 -102.302575769   -0.447096361    6.054437938
   -1.221730476    1.396263402 -100.953893381   16.088202805    4.865738818
   -1.047197551    1.396263402  -96.736495169   31.584792472    1.543235319
   -0.872664626    1.396263402  -90.228080087   41.782675497   -2.961527086
   -0.698131701    1.396263402  -82.560670294   44.765433865   -7.022163575
   -0.523598776    1.396263402  -74.973346153   41.152735135   -8.926002704
   -0.349065850    1.396263402  -68.443840737   33.056709417   -7.502970305
   -0.174532925    1.396263402  -63.539540189   22.898062191   -2.548006107
    0.000000000    1.396263402  -60.434717967   12.738561012    5.123729816
    0.174532925    1.396263402  -58.985910680    4.184985175   13.959443095
    0.349065850    1.396263402  -58.785927746   -1.377703126   22.147869600
    0.523598776    1.396263402  -59.196373651   -2.639620778   28.128493971
    0.698131701    1.396263402  -59.385543660    1.213938222   30.930155386
    0.872664626    1.396263402  -58.466354061    9.895570308   30.356050734
    1.047197551    1.396263402  -55.739065854   21.541840803   26.942974894
    1.221730476    1.396263402  -50.946973608   32.977123677   21.731732581
    1.396263402    1.396263402  -44.433478432   40.744786337   15.909466273
    1.570796327    1.396263402  -37.082968185   42.257071764   10.418837246
    1.745329252    1.396263402  -30.096374015   36.589180927    5.730163369
    1.919862177    1.396263402  -24.690512762   24.359320231    1.847284212
    2.094395102    1.396263402  -21.877516457    7.178852424   -1.480149079
    2.268928028    1.396263402  -22.342448227  -12.811460396   -4.494954329
    2.443460953    1.396263402  -26.365838083  -33.160664180   -7.252126234
    2.617993878    1.396263402  -33.764603469  -50.975033269   -9.560036952
    2.792526803    1.396263402  -43.818832508  -63.079461750  -11.085853292
    2.967059728    1.396263402  -55.287469085  -66.843766248  -11.542331958

   -3.141592654    1.570796327  -68.777627551  -60.355440209  -14.355072787
   -2.967059728    1.570796327  -78.192941350  -46.691441015  -13.160334677
   -2.792526803    1.570796327  -84.899995528  -30.117781536  -11.550790482
   -2.617993878    1.570796327  -88.830965259  -15.671016365   -9.922937997
   -2.443460953    1.570796327  -90.718595353   -7.127780888   -8.371923756
   -2.268928028    1.570796327  -91.733767320   -5.599282050   -6.620725584
   -2.094395102    1.570796327  -92.975911289   -9.196230226   -4.244942568
   -1.919862177    1.570796327  -95.013487950  -13.958988494   -1.076515532
   -1.745329252    1.570796327  -97.662271467  -15.552957616    2.456245856
   -1.570796327    1.570796327 -100.084682649  -11.126330882    5.334254849
   -1.396263402    1.570796327 -101.179558371   -0.553658356    6.398261428
   -1.221730476    1.570796327 -100.063032980   13.552621647    4.990178104
   -1.047197551    1.570796327  -96.457332390   27.301130656    1.427880387
   -0.872664626    1.570796327  -90.741172641   37.288081113   -2.989469753
   -0.698131701    1.570796327  -83.742262342   41.896072432   -6.445609225
   -0.523598776    1.570796327  -76.402167788   41.369364301   -7.288011753
   -0.349065850    1.570796327  -69.516694483   36.920494663   -4.629566082
   -0.174532925    1.570796327  -63.650248792   29.884667613    1.356784991
    0.000000000    1.570796327  -59.153162339   21.409954251    9.491808143
    0.174532925    1.570796327  -56.180206606   12.649091535   17.949197037
    0.349065850    1.570796327  -54.653704941    5.102066395   24.803500229
    0.523598776    1.570796327  -54.199816139    0.656450160   28.611711432
    0.698131701    1.570796327  -54.124193003    0.978632050   28.782964720
    0.872664626    1.570796327  -53.524493929    6.621452771   25.687192611
    1.047197551    1.570796327  -51.557313235   16.315247385   20.423287469
    1.221730476    1.570796327  -47.753712937   27.075544821   14.368407880
    1.396263402    1.570796327  -42.249625580   35.210095105    8.697505102
    1.570796327    1.570796327  -35.789515682   37.626528516    4.056734300
    1.745329252    1.570796327  -29.526913960   32.882629293    0.507112731
    1.919862177    1.570796327  -24.707638228   21.278013174   -2.294484396
    2.094395102    1.570796327  -22.404655347    4.372507086   -4.796034214
    2.268928028    1.570796327  -23.351404597  -15.527249019   -7.305176720
    2.443460953    1.570796327  -27.836973838  -35.694280394   -9.858213081
    2.617993878    1.570796327  -35.640339764  -53.005918419  -12.204946998
    2.792526803    1.570796327  -45.977374860  -64.223707150  -13.936393110
    2.967059728    1.570796327  -57.550619806  -66.879160929  -14.689118377

   -3.141592654    1.745329252  -71.654245535  -59.647943962  -18.696828760
   -2.967059728    1.745329252  -80.877615624  -45.275781236  -17.671892444
   -2.792526803    1.745329252  -87.308577639  -28.435846112  -16.098156712
   -2.617993878    1.745329252  -90.944381146  -13.983995965  -14.329954992
   -2.443460953    1.745329252  -92.532021964   -5.326827975  -12.444678881
   -2.268928028    1.745329252  -93.195134332   -3.294486648  -10.189939295
   -2.094395102    1.745329252  -93.965038161   -6.066608119   -7.217852859
   -1.919862177    1.745329252  -95.391817445  -10.174028095   -3.481792018
   -1.745329252    1.745329252  -97.378629775  -11.943660840    0.467079194
   -1.570796327    1.745329252  -99.273646240   -8.897925673    3.554926031
   -1.396263402    1.745329252 -100.173891383   -0.658780326    4.704751706
   -1.221730476    1.745329252  -99.292834542   11.029353345    3.476699638
   -1.047197551    1.745329252  -96.273404447   23.341845671    0.450887010
   -0.872664626    1.745329252  -91.251612688   33.600248503   -2.926801005
   -0.698131701    1.745329252  -84.741831211   40.242528170   -4.930646033
   -0.523598776    1.745329252  -77.421635973   42.910314377   -4.233062003
   -0.349065850    1.745329252  -69.968007840   41.825658232   -0.385738346
   -0.174532925    1.745329252  -63.008408957   37.283204931    6.061569514
    0.000000000    1.745329252  -57.119319352   29.641209580   13.722869477
    0.174532925    1.745329252  -52.779560240   19.750767324   20.755345195
    0.349065850    1.745329252  -50.238624693    9.402043063   25.381728069
    0.523598776    1.745329252  -49.351534852    1.262356789   26.454340276
    0.698131701    1.745329252  -49.490369375   -1.964828802   23.810663155
    0.872664626    1.745329252  -49.643251232    1.178511074   18.321577943
    1.047197551    1.745329252  -48.734742447    9.883054301   11.520939220
    1.221730476    1.745329252  -46.034826689   21.047738836    4.999252891
    1.396263402    1.745329252  -41.481628108   30.417271914   -0.165825057
    1.570796327    1.745329252  -35.736182378   34.197195540   -3.668803847
    1.745329252    1.745329252  -29.978574551   30.425633679   -5.873781400
    1.919862177    1.745329252  -25.544983068   19.218368849   -7.470476908
    2.094395102    1.745329252  -23.603071332    2.244126689   -9.093807547
    2.268928028    1.745329252  -24.943911469  -17.907886855  -11.093271958
    2.443460953    1.745329252  -29.859119458  -38.176058478  -13.457517358
    2.617993878    1.745329252  -38.076991052  -55.185696753  -15.852377121
    2.792526803    1.745329252  -48.734172671  -65.634177151  -17.777274094
    2.967059728    1.745329252  -60.462555080  -67.218228405  -18.786247909

   -3.141592654    1.919862177  -75.264493925  -59.066941082  -22.475325719
   -2.967059728    1.919862177  -84.310044854  -43.889005408  -21.439018836
   -2.792526803    1.919862177  -90.458397390  -26.646795719  -19.764201972
   -2.617993878    1.919862177  -93.767172907  -12.040404699  -17.791224038
   -2.443460953    1.919862177  -94.998728806   -3.150328544  -15.622784248
   -2.268928028    1.919862177  -95.239046894   -0.572323818  -13.085644506
   -2.094395102    1.919862177  -95.468006030   -2.586530609   -9.941708872
   -1.919862177    1.919862177  -96.235708016   -6.197287454   -6.231845732
   -1.745329252    1.919862177  -97.542572280   -8.313302999   -2.498742185
   -1.570796327    1.919862177  -98.913893816   -6.703131163    0.333891457
   -1.396263402    1.919862177  -99.613236322   -0.613510983    1.464752464
   -1.221730476    1.919862177  -98.905346650    9.109878277    0.758508194
   -1.047197551    1.919862177  -96.314582881   20.593093919   -1.020300949
   -0.872664626    1.919862177  -91.727727073   31.635605201   -2.497439712
   -0.698131701    1.919862177  -85.386225644   40.464248023   -2.314537299
   -0.523598776    1.919862177  -77.782371626   45.965071527    0.287654551
   -0.349065850    1.919862177  -69.562963131   47.417498962    5.188843544
   -0.174532925    1.919862177  -61.483194531   44.284382185   11.479156008
    0.000000000    1.919862177  -54.367490239   36.395969497   17.728922864
    0.174532925    1.919862177  -48.998178320   24.513506897   22.344132625
    0.349065850    1.919862177  -45.901556831   10.849580604   23.974136405
    0.523598776    1.919862177  -45.093434286   -1.073405278   21.954663182
    0.698131701    1.919862177  -45.934599798   -7.482168647   16.582871911
    0.872664626    1.919862177  -47.226127773   -6.059355187    9.110313126
    1.047197551    1.919862177  -47.601346513    2.687508574    1.304576475
    1.221730476    1.919862177  -46.046878436   15.279708448   -5.210527729
    1.396263402    1.919862177  -42.327871190   26.644502795   -9.546910926
    1.570796327    1.919862177  -37.082158877   32.144323731  -11.743335344
    1.745329252    1.919862177  -31.587204541   29.317101224  -12.540128739
    1.919862177    1.919862177  -27.325932274   18.228877816  -12.916345206
    2.094395102    1.919862177  -25.590308371    0.816196198  -13.652877016
    2.268928028    1.919862177  -27.233866399  -19.931001354  -15.110959491
    2.443460953    1.919862177  -32.540449802  -40.561002494  -17.210532931
    2.617993878    1.919862177  -41.171826650  -57.434790722  -19.523404100
    2.792526803    1.919862177  -52.169606326  -67.198796206  -21.464083716
    2.967059728    1.919862177  -64.081986750  -67.726382002  -22.524871181

   -3.141592654    2.094395102  -79.374811293  -58.407216579  -24.250477460
   -2.967059728    2.094395102  -88.225841890  -42.385774089  -23.055842796
   -2.792526803    2.094395102  -94.066131538  -24.682703134  -21.208368631
   -2.617993878    2.094395102  -97.012428269   -9.872250901  -19.041850707
   -2.443460953    2.094395102  -97.848766960   -0.767943211  -16.701591093
   -2.268928028    2.094395102  -97.640217311    2.220358020  -14.125374560
   -2.094395102    2.094395102  -97.336159110    0.717816672  -11.206884326
   -1.919862177    2.094395102  -97.498936645   -2.655361576   -8.044249001
   -1.745329252    2.094395102  -98.214388668   -5.222046683   -5.060786520
   -1.570796327    2.094395102  -99.142997597   -4.836218253   -2.860268275
   -1.396263402    2.094395102  -99.652703695   -0.311970364   -1.818769874
   -1.221730476    2.094395102  -99.001898274    8.289091220   -1.725617717
   -1.047197551    2.094395102  -96.573004011   19.773574682   -1.737413366
   -0.872664626    2.094395102  -92.034911479   32.084025885   -0.763523831
   -0.698131701    2.094395102  -85.441071744   42.978672058    1.961915552
   -0.523598776    2.094395102  -77.213068784   50.525037069    6.474140635
   -0.349065850    2.094395102  -68.071935092   53.234337329   12.045908415
   -0.174532925    2.094395102  -58.958250526   50.079259751   17.480240950
    0.000000000    2.094395102  -50.937747748   40.733635871   21.468148465
    0.174532925    2.094395102  -45.032615851   26.130559106   22.885685683
    0.349065850    2.094395102  -41.950899838    8.999106129   21.029803143
    0.523598776    2.094395102  -41.771277622   -6.331521668   15.862468590
    0.698131701    2.094395102  -43.761999885  -15.151575037    8.146303912
    0.872664626    2.094395102  -46.482925163  -14.460896554   -0.628966367
    1.047197551    2.094395102  -48.255206774   -4.656622136   -8.690681736
    1.221730476    2.094395102  -47.794532411   10.212002645  -14.594175639
    1.396263402    2.094395102  -44.735396219   24.113022675  -17.750600696
    1.570796327    2.094395102  -39.751823815   31.519232178  -18.535987771
    1.745329252    2.094395102  -34.277029429   29.523495112  -17.979383313
    1.919862177    2.094395102  -29.982519498   18.264332541  -17.242532232
    2.094395102    2.094395102  -28.303600101    0.080566411  -17.171082568
    2.268928028    2.094395102  -30.154409418  -21.539468260  -18.089449143
    2.443460953    2.094395102  -35.797403299  -42.715980772  -19.830845182
    2.617993878    2.094395102  -44.811799452  -59.553173070  -21.881432306
    2.792526803    2.094395102  -56.131722269  -68.678299933  -23.602662526
    2.967059728    2.094395102  -68.214584287  -68.163337072  -24.470450334

   -3.141592654    2.268928028  -83.543786303  -57.538978252  -23.006550111
   -2.967059728    2.268928028  -92.167699290  -40.712529678  -21.615426917
   -2.792526803    2.268928028  -97.671282712  -22.559137724  -19.630359383
   -2.617993878    2.268928028 -100.227827284   -7.557997123  -17.358674251
   -2.443460953    2.268928028 -100.649751457    1.667104792  -14.975972402
   -2.268928028    2.268928028 -100.001356769    4.831480824  -12.535000792
   -2.094395102    2.268928028  -99.225390639    3.492718927  -10.066742735
   -1.919862177    2.268928028  -98.904461956    0.052185438   -7.702810081
   -1.745329252    2.268928028  -99.182467105   -2.996050539   -5.678067880
   -1.570796327    2.268928028  -99.789988388   -3.417025519   -4.184091758
   -1.396263402    2.268928028 -100.118878051    0.395067279   -3.118714634
   -1.221730476    2.268928028  -99.363255934    8.921736879   -1.970681135
   -1.047197551    2.268928028  -96.761963974   21.267178571    0.035253618
   -0.872664626    2.268928028  -91.832070531   35.154015622    3.521420509
   -0.698131701    2.268928028  -84.555035105   47.679689123    8.535319833
   -0.523598776    2.268928028  -75.411000978   56.146486760   14.381982463
   -0.349065850    2.268928028  -65.293835711   58.575919727   19.837840858
   -0.174532925    2.268928028  -55.366560577   53.859624327   23.584993535
    0.000000000    2.268928028  -46.900573449   41.918175969   24.602705157
    0.174532925    2.268928028  -41.062370736   24.118636312   22.376663751
    0.349065850    2.268928028  -38.617752194    3.759329528   16.954418273
    0.523598776    2.268928028  -39.593416204  -14.162873904    8.968171699
    0.698131701    2.268928028  -43.086572159  -24.266924928   -0.395034450
    0.872664626    2.268928028  -47.387147154  -23.161055647   -9.555001064
    1.047197551    2.268928028  -50.522573594  -11.363645944  -16.951316780
    1.221730476    2.268928028  -50.987682874    6.374154881  -21.531083318
    1.396263402    2.268928028  -48.348977845   23.040728952  -23.123734200
    1.570796327    2.268928028  -43.375030437   32.291938980  -22.435991529
    1.745329252    2.268928028  -37.695996516   30.890151316  -20.677009815
    1.919862177    2.268928028  -33.191759342   19.163795559  -19.047351101
    2.094395102    2.268928028  -31.442415057   -0.049803173  -18.339374811
    2.268928028    2.268928028  -33.410812802  -22.711115484  -18.776508826
    2.443460953    2.268928028  -39.321730638  -44.512678803  -20.094149419
    2.617993878    2.268928028  -48.659141037  -61.339632130  -21.722733100
    2.792526803    2.268928028  -60.244790264  -69.848691932  -23.024039368
    2.967059728    2.268928028  -72.447449047  -68.334485093  -23.516284057

   -3.141592654    2.443460953  -87.201642194  -56.453118233  -18.394730754
   -2.967059728    2.443460953  -95.571623028  -38.939332133  -16.911659516
   -2.792526803    2.443460953 -100.726771547  -20.393245223  -14.943789427
   -2.617993878    2.443460953 -102.888321973   -5.228436408  -12.723078910
   -2.443460953    2.443460953 -102.899272880    4.028052052  -10.417232508
   -2.268928028    2.443460953 -101.841651380    7.141122124   -8.172426499
   -2.094395102    2.443460953 -100.674723642    5.634772912   -6.144267093
   -1.919862177    2.443460953 -100.005606378    1.873018465   -4.479626529
   -1.745329252    2.443460953 -100.001045759   -1.584559614   -3.206264184
   -1.570796327    2.443460953 -100.388958916   -2.264942410   -2.110874249
   -1.396263402    2.443460953 -100.506005134    1.767735612   -0.683971379
   -1.221730476    2.443460953  -99.440997512   11.208422009    1.739307811
   -1.047197551    2.443460953  -96.316506691   25.035101036    5.686388061
   -0.872664626    2.443460953  -90.591767778   40.443193890   11.183531193
   -0.698131701    2.443460953  -82.303163067   53.808586523   17.566227469
   -0.523598776    2.443460953  -72.104994748   61.859638017   23.572420592
   -0.349065850    2.443460953  -61.129695892   62.475401412   27.743255596
   -0.174532925    2.443460953  -50.762840578   54.859281451   28.890560849
    0.000000000    2.443460953  -42.417012823   39.512330017   26.440004701
    0.174532925    2.443460953  -37.291446662   18.428929696   20.529446023
    0.349065850    2.443460953  -36.079843239   -4.522537210   11.921255994
    0.523598776    2.443460953  -38.644923102  -23.863902044    1.841186839
    0.698131701    2.443460953  -43.846866072  -33.877937311   -8.202445779
    0.872664626    2.443460953  -49.702850427  -31.143334934  -16.687332679
    1.047197551    2.443460953  -54.000174445  -16.565672555  -22.447475855
    1.221730476    2.443460953  -55.097514595    4.318704951  -25.000216939
    1.396263402    2.443460953  -52.575697109   23.611566829  -24.694236435
    1.570796327    2.443460953  -47.354204869   34.351657457  -22.548095552
    1.745329252    2.443460953  -41.280822932   33.161682195  -19.825902881
    1.919862177    2.443460953  -36.436196365   20.679616512  -17.600324665
    2.094395102    2.443460953  -34.523972137    0.285777628  -16.472398960
    2.268928028    2.443460953  -36.532377318  -23.445417603  -16.500475137
    2.443460953    2.443460953  -42.631880893  -45.835874683  -17.330917089
    2.617993878    2.443460953  -52.206258965  -62.623015686  -18.397702098
    2.792526803    2.443460953  -63.971259332  -70.548998056  -19.138298167
    2.967059728    2.443460953  -76.219979595  -68.143168739  -19.177048243

   -3.141592654    2.617993878  -89.769421006  -55.260264026  -10.586463514
   -2.967059728    2.617993878  -97.885445352  -37.253017993   -9.203442342
   -2.792526803    2.617993878 -102.715707050  -18.391251481   -7.502126876
   -2.617993878    2.617993878 -104.510624906   -3.054242079   -5.573235113
   -2.443460953    2.617993878 -104.137621166    6.221504183   -3.519122947
   -2.268928028    2.617993878 -102.708824983    9.162411804   -1.529671572
   -2.094395102    2.617993878 -101.218508557    7.288794043    0.157838353
   -1.919862177    2.617993878 -100.298767586    3.097724147    1.409256597
   -1.745329252    2.617993878 -100.104292334   -0.573123646    2.386275323
   -1.570796327    2.617993878 -100.296999937   -0.931833373    3.612857836
   -1.396263402    2.617993878 -100.101678069    4.122484123    5.828408576
   -1.221730476    2.617993878  -98.493538407   15.136085945    9.632762114
   -1.047197551    2.617993878  -94.537792379   30.585795168   15.130341835
   -0.872664626    2.617993878  -87.744819727   46.969716779   21.708733812
   -0.698131701    2.617993878  -78.319873724   60.054282587   28.126500574
   -0.523598776    2.617993878  -67.166469748   66.313388038   32.840491347
   -0.349065850    2.617993878  -55.667543454   63.847596795   34.492842121
   -0.174532925    2.617993878  -45.384924841   52.470782207   32.290711991
    0.000000000    2.617993878  -37.783638726   33.448551705   26.219698116
    0.174532925    2.617993878  -33.984867138    9.473353746   17.022352063
    0.349065850    2.617993878  -34.497118836  -15.076300019    6.029187490
    0.523598776    2.617993878  -38.929819635  -34.438920199   -5.114962323
    0.698131701    2.617993878  -45.863586148  -42.903903815  -14.742291962
    0.872664626    2.617993878  -53.066143309  -37.397446180  -21.538629311
    1.047197551    2.617993878  -58.166108409  -19.485944455  -24.868476826
    1.221730476    2.617993878  -59.496156865    4.470905913  -24.927327772
    1.396263402    2.617993878  -56.746335841   25.880816936  -22.618196354
    1.570796327    2.617993878  -51.036465402   37.478693546  -19.204281663
    1.745329252    2.617993878  -44.428873389   36.009827716  -15.855955743
    1.919862177    2.617993878  -39.167649360   22.538491970  -13.348215067
    2.094395102    2.617993878  -37.035165066    0.966746730  -11.964938579
    2.268928028    2.617993878  -39.012369018  -23.699485069  -11.561580754
    2.443460953    2.617993878  -45.203124393  -46.535959716  -11.738553387
    2.617993878    2.617993878  -54.899272895  -63.234218898  -12.025678797
    2.792526803    2.617993878  -66.731996081  -70.670327669  -12.033417254
    2.967059728    2.617993878  -78.943159994  -67.589204116  -11.561231723

   -3.141592654    2.792526803  -90.756043480  -54.105208941   -0.498915539
   -2.967059728    2.792526803  -98.652735332  -35.895571515    0.592011298
   -2.792526803    2.792526803 -103.227863612  -16.828140577    1.764151190
   -2.617993878    2.792526803 -104.730776146   -1.280503617    3.130396096
   -2.443460953    2.792526803 -104.036629720    8.092305189    4.713868481
   -2.268928028    2.792526803 -102.289676471   10.889054892    6.346990969
   -2.094395102    2.792526803 -100.527898237    8.647403612    7.776760385
   -1.919862177    2.792526803  -99.403013559    4.126308650    8.916976065
   -1.745329252    2.792526803  -99.027995998    0.571958340   10.074289864
   -1.570796327    2.792526803  -98.957085506    1.076984434   11.931530271
   -1.396263402    2.792526803  -98.282854731    7.682450769   15.227257099
   -1.221730476    2.792526803  -95.898163595   20.452319000   20.274697492
   -1.047197551    2.792526803  -90.895682153   37.112691397   26.646612469
   -0.872664626    2.792526803  -82.944083810   53.475466709   33.162770336
   -0.698131701    2.792526803  -72.498660757   64.972073118   38.242785037
   -0.523598776    2.792526803  -60.732513378   68.217347818   40.390791540
   -0.349065850    2.792526803  -49.233735847   61.854267240   38.653038248
   -0.174532925    2.792526803  -39.653294939   46.466804596   32.819710017
    0.000000000    2.792526803  -33.407130292   24.096710461   23.462931045
    0.174532925    2.792526803  -31.442458153   -1.925934673   11.809743328
    0.349065850    2.792526803  -34.001107935  -26.829921065   -0.449714844
    0.523598776    2.792526803  -40.385433703  -44.763817447  -11.478826618
    0.698131701    2.792526803  -48.885713152  -50.334181995  -19.651158436
    0.872664626    2.792526803  -57.069389917  -41.154979747  -24.007342181
    1.047197551    2.792526803  -62.506738439  -19.687044264  -24.520947084
    1.221730476    2.792526803  -63.624851323    6.912077578  -22.069206138
    1.396263402    2.792526803  -60.315221353   29.634512150  -18.036180061
    1.570796327    2.792526803  -53.929689683   41.299571392  -13.789641259
    1.745329252    2.792526803  -46.714608541   39.069929250  -10.242648560
    1.919862177    2.792526803  -41.012759245   24.523596223   -7.734515092
    2.094395102    2.792526803  -38.622383018    1.985241368   -6.158247042
    2.268928028    2.792526803  -40.481765092  -23.299301120   -5.176275800
    2.443460953    2.792526803  -46.626368862  -46.345756152   -4.419190707
    2.617993878    2.792526803  -56.282279490  -62.921581327   -3.621431094
    2.792526803    2.792526803  -68.035322078  -70.065484162   -2.668216663
    2.967059728    2.792526803  -80.112458791  -66.675358617   -1.597857690

   -3.141592654    2.967059728  -89.895465532  -53.095418211   10.254355491
   -2.967059728    2.967059728  -97.635090430  -35.069277974   10.948362940
   -2.792526803    2.967059728 -102.065013992  -15.952761956   11.419332406
   -2.617993878    2.967059728 -103.394538343   -0.153736363   12.014336238
   -2.443460953    2.967059728 -102.480618144    9.456124208   12.921583493
   -2.268928028    2.967059728 -100.490011914   12.271750751   14.058128368
   -2.094395102    2.967059728  -98.500789186    9.857707632   15.227520072
   -1.919862177    2.967059728  -97.172823805    5.300957989   16.426903630
   -1.745329252    2.967059728  -96.556910689    2.279651678   18.052949888
   -1.570796327    2.967059728  -96.086198086    4.069681164   20.786468002
   -1.396263402    2.967059728  -94.740351458   12.406501614   25.154471192
   -1.221730476    2.967059728  -91.394543828   26.628640685   31.031060049
   -1.047197551    2.967059728  -85.263432252   43.635147105   37.455280080
   -0.872664626    2.967059728  -76.259197911   58.736648787   42.851321831
   -0.698131701    2.967059728  -65.122047132   67.400904039   45.579388355
   -0.523598776    2.967059728  -53.260837332   66.766583869   44.470987922
   -0.349065850    2.967059728  -42.380501833   56.237750812   39.157751006
   -0.174532925    2.967059728  -34.113120836   37.181791491   30.062111432
    0.000000000    2.967059728  -29.728568323   12.289822075   18.266226705
    0.174532925    2.967059728  -29.929614328  -14.627351387    5.315528496
    0.349065850    2.967059728  -34.647897073  -38.565339587   -6.960705601
    0.523598776    2.967059728  -42.865436470  -53.771385902  -16.765448144
    0.698131701    2.967059728  -52.607251353  -55.428033781  -22.718860720
    0.872664626    2.967059728  -61.313361281  -42.093996800  -24.337249697
    1.047197551    2.967059728  -66.603356153  -17.257150101  -22.205491074
    1.221730476    2.967059728  -67.109075126   11.245638389  -17.762197126
    1.396263402    2.967059728  -62.992235594   34.331472024  -12.678712200
    1.570796327    2.967059728  -55.838097490   45.300360728   -8.225905810
    1.745329252    2.967059728  -48.019108366   41.990424754   -4.916733460
    1.919862177    2.967059728  -41.894140789   26.514383067   -2.595633958
    2.094395102    2.967059728  -39.209005979    3.445700207   -0.780147123
    2.268928028    2.967059728  -40.830626909  -21.981984766    0.994469939
    2.443460953    2.967059728  -46.739086445  -44.942765687    2.979195713
    2.617993878    2.967059728  -56.138641139  -61.402528483    5.148318170
    2.792526803    2.967059728  -67.624493604  -68.564982858    7.273710035
    2.967059728    2.967059728  -79.454092781  -65.376743883    9.043508703
