#! FIELDS phi psi file.free der_phi der_psi
#! SET min_phi -pi
#! SET max_phi pi
#! SET nbins_phi  36
#! SET periodic_phi true
#! SET min_psi -pi
#! SET max_psi pi
#! SET nbins_psi  36
#! SET periodic_psi true
   -3.141592654   -3.141592654  -77.694350869  -53.497784707   19.105272078
   -2.967059728   -3.141592654  -85.527141768  -35.576645358   19.778172519
   -2.792526803   -3.141592654  -89.996922849  -15.797429220   19.722602864
   -2.617993878   -3.141592654  -91.215364614    0.962867320   19.425283346
   -2.443460953   -3.141592654  -90.042403532   11.218459234   19.293417432
   -2.268928028   -3.141592654  -87.734087737   14.059331527   19.512732364
   -2.094395102   -3.141592654  -85.461310982   11.318893549   20.151228105
   -1.919862177   -3.141592654  -83.888251545    6.763660630   21.393259644
   -1.745329252   -3.141592654  -82.955604157    4.618758278   23.633318552
   -1.570796327   -3.141592654  -81.943351581    8.022071288   27.267186867
   -1.396263402   -3.141592654  -79.770967499   17.809573671   32.275731753
   -1.221730476   -3.141592654  -75.446789923   32.137648867   37.902436464
   -1.047197551   -3.141592654  -68.497860627   47.144147130   42.750986242
   -0.872664626   -3.141592654  -59.202728500   58.314989124   45.254775367
   -0.698131701   -3.141592654  -48.556440217   62.168893669   44.289856854
   -0.523598776   -3.141592654  -38.000014343   57.254673339   39.549747157
   -0.349065850   -3.141592654  -29.038524165   44.114271787   31.550078043
   -0.174532925   -3.141592654  -22.957436586   24.643281546   21.312722793
    0.000000000   -3.141592654  -20.644262794    1.415222385   10.057084025
    0.174532925   -3.141592654  -22.482448433  -22.302845402   -0.978119606
    0.349065850   -3.141592654  -28.201560926  -42.302500317  -10.545611462
    0.523598776   -3.141592654  -36.729499421  -53.666313656  -17.483477213
    0.698131701   -3.141592654  -46.176388068  -52.344714722  -20.929165711
    0.872664626   -3.141592654  -54.182600597  -37.383717343  -20.709252098
    1.047197551   -3.141592654  -58.617058481  -12.364266133  -17.505852842
    1.221730476   -3.141592654  -58.339407802   15.218562617  -12.684647099
    1.396263402   -3.141592654  -53.651403511   36.896512225   -7.728992406
    1.570796327   -3.141592654  -46.164367534   46.639382048   -3.656394017
    1.745329252   -3.141592654  -38.174785070   42.746788900   -0.731092536
    1.919862177   -3.141592654  -31.912358606   27.461535154    1.397884081
    2.094395102   -3.141592654  -29.000790982    5.156164069    3.333445814
    2.268928028   -3.141592654  -30.245088705  -19.396808514    5.581147167
    2.443460953   -3.141592654  -35.652218250  -41.895574537    8.363932920
    2.617993878   -3.141592654  -44.533671643  -58.646053723   11.554755443
    2.792526803   -3.141592654  -55.618263595  -66.802940301   14.746564727
    2.967059728   -3.141592654  -67.251485435  -64.879490577   17.403016321

   -3.141592654   -2.967059728  -73.712726959  -52.382886953   25.903556862
   -2.967059728   -2.967059728  -81.453891105  -35.573576781   26.296559039
   -2.792526803   -2.967059728  -85.984247573  -16.395662341   25.701316440
   -2.617993878   -2.967059728  -87.317137651    0.326883924   24.740075368
   -2.443460953   -2.967059728  -86.229611732   10.911332417   23.940181352
   -2.268928028   -2.967059728  -83.934207161   14.235877742   23.605294231
   -2.094395102   -2.967059728  -81.579064971   12.123408656   23.922905072
   -1.919862177   -2.967059728  -79.789316799    8.508309070   25.149945876
   -1.745329252   -2.967059728  -78.440553947    7.697866682   27.630467256
   -1.570796327   -2.967059728  -76.763018510   12.542880531   31.535587821
   -1.396263402   -2.967059728  -73.711217887   23.211620100   36.492773218
   -1.221730476   -2.967059728  -68.456846657   37.149039103   41.413051145
   -1.047197551   -2.967059728  -60.785734648   50.157524455   44.763294994
   -0.872664626   -2.967059728  -51.238880217   58.030354123   45.133719671
   -0.698131701   -2.967059728  -40.973655595   58.078171631   41.800064916
   -0.523598776   -2.967059728  -31.440927891   49.744491962   34.944357428
   -0.349065850   -2.967059728  -24.018880341   34.182706667   25.477278732
   -0.174532925   -2.967059728  -19.793176124   13.529937164   14.636473811
    0.000000000   -2.967059728  -19.433437324   -9.651957798    3.676696111
    0.174532925   -2.967059728  -23.113519207  -32.141919148   -6.253185770
    0.349065850   -2.967059728  -30.360317870  -49.793471406  -14.090784472
    0.523598776   -2.967059728  -39.921309406  -57.888201630  -18.945214602
    0.698131701   -2.967059728  -49.787144346  -52.921308028  -20.322882900
    0.872664626   -2.967059728  -57.602542472  -34.753334100  -18.444995263
    1.047197551   -2.967059728  -61.383970485   -7.746298356  -14.296177877
    1.221730476   -2.967059728  -60.240162650   20.292901066   -9.323724360
    1.396263402   -2.967059728  -54.719723126   41.225317054   -4.832992562
    1.570796327   -2.967059728  -46.581089651   49.776839184   -1.473621332
    1.745329252   -2.967059728  -38.131229653   44.980437776    0.888618983
    1.919862177   -2.967059728  -31.510727170   29.451820387    2.894208665
    2.094395102   -2.967059728  -28.225620505    7.526345341    5.255801986
    2.268928028   -2.967059728  -28.997150225  -16.331429093    8.407067788
    2.443460953   -2.967059728  -33.810775108  -38.213747186   12.368547150
    2.617993878   -2.967059728  -42.024286037  -54.775707841   16.750390596
    2.792526803   -2.967059728  -52.461449795  -63.372817840   20.894482260
    2.967059728   -2.967059728  -63.577774016  -62.475681031   24.100457102

   -3.141592654   -2.792526803  -68.863310597  -51.328007641   28.985550714
   -2.967059728   -2.792526803  -76.543315287  -35.847999848   29.332292459
   -2.792526803   -2.792526803  -81.195772293  -17.409126778   28.595287931
   -2.617993878   -2.792526803  -82.722720981   -0.794255280   27.406074858
   -2.443460953   -2.792526803  -81.805875189   10.127352065   26.313026773
   -2.268928028   -2.792526803  -79.598536577   14.047050506   25.680903820
   -2.094395102   -2.792526803  -77.207984117   12.765766626   25.783053819
   -1.919862177   -2.792526803  -75.210846138   10.297902428   26.910959917
   -1.745329252   -2.792526803  -73.430021321   10.876552883   29.319476247
   -1.570796327   -2.792526803  -71.085848220   16.925497619   32.956093467
   -1.396263402   -2.792526803  -67.222963691   27.927285373   37.181220376
   -1.221730476   -2.792526803  -61.219488844   40.767251727   40.751923026
   -1.047197551   -2.792526803  -53.125142384   51.180435446   42.211052191
   -0.872664626   -2.792526803  -43.701278263   55.515507282   40.461961151
   -0.698131701   -2.792526803  -34.193731184   51.980963500   35.210957811
   -0.523598776   -2.792526803  -25.985503532   40.846962080   27.030536680
   -0.349065850   -2.792526803  -20.273393705   23.707560913   17.059458586
   -0.174532925   -2.792526803  -17.920108924    2.760581132    6.591669330
    0.000000000   -2.792526803  -19.381641534  -19.569647915   -3.192899171
    0.174532925   -2.792526803  -24.644643147  -40.201320431  -11.305531746
    0.349065850   -2.792526803  -33.072270972  -55.140150038  -16.941305852
    0.523598776   -2.792526803  -43.286540257  -59.972001623  -19.564338285
    0.698131701   -2.792526803  -53.228873392  -51.776212586  -19.109768412
    0.872664626   -2.792526803  -60.614569673  -31.144706232  -16.154794139
    1.047197551   -2.792526803  -63.646473593   -2.993299816  -11.821929412
    1.221730476   -2.792526803  -61.675011641   24.838594313   -7.396749691
    1.396263402   -2.792526803  -55.445358923   44.740182783   -3.799861847
    1.570796327   -2.792526803  -46.791824708   52.220822774   -1.249199904
    1.745329252   -2.792526803  -37.969927659   46.926214472    0.687855074
    1.919862177   -2.792526803  -30.997366604   31.660655752    2.744677667
    2.094395102   -2.792526803  -27.260139380   10.555033967    5.555265455
    2.268928028   -2.792526803  -27.417495507  -12.339393672    9.384996569
    2.443460953   -2.792526803  -31.468022935  -33.550915685   14.071403900
    2.617993878   -2.792526803  -38.852303077  -50.068865092   19.079693206
    2.792526803   -2.792526803  -48.519243683  -59.385529045   23.663853169
    2.967059728   -2.792526803  -59.050009131  -59.840541415   27.109670518

   -3.141592654   -2.617993878  -63.795208116  -50.176397594   28.541933058
   -2.967059728   -2.617993878  -71.396629087  -36.027456085   29.134270794
   -2.792526803   -2.617993878  -76.158007062  -18.377475851   28.679254053
   -2.617993878   -2.617993878  -77.879356432   -1.968319552   27.698032955
   -2.443460953   -2.617993878  -77.151260667    9.196092331   26.675044498
   -2.268928028   -2.617993878  -75.061718118   13.677953025   25.986398666
   -2.094395102   -2.617993878  -72.665607747   13.249472438   25.952089363
   -1.919862177   -2.617993878  -70.488663304   11.913344549   26.856873872
   -1.745329252   -2.617993878  -68.318964498   13.699496328   28.842584179
   -1.570796327   -2.617993878  -65.402933705   20.541407769   31.672537890
   -1.396263402   -2.617993878  -60.910979821   31.313714912   34.569063793
   -1.221730476   -2.617993878  -54.437515145   42.544799012   36.328040464
   -1.047197551   -2.617993878  -46.266657409   50.132514262   35.745395078
   -0.872664626   -2.617993878  -37.317505499   51.111322522   32.116027186
   -0.698131701   -2.617993878  -28.852816256   44.561569398   25.524698036
   -0.523598776   -2.617993878  -22.131951095   31.430014429   16.788712902
   -0.349065850   -2.617993878  -18.144765946   13.579264068    7.115657788
   -0.174532925   -2.617993878  -17.531936699   -6.862187802   -2.259522861
    0.000000000   -2.617993878  -20.554760608  -27.683959043  -10.292008324
    0.174532925   -2.617993878  -27.044220087  -46.027783442  -16.190183837
    0.349065850   -2.617993878  -36.249054270  -58.157000510  -19.452650818
    0.523598776   -2.617993878  -46.732496884  -60.060772299  -19.945302267
    0.698131701   -2.617993878  -56.462577506  -49.372034948  -18.032551526
    0.872664626   -2.617993878  -63.280070910  -27.217382718  -14.556637673
    1.047197551   -2.617993878  -65.582880404    1.251260239  -10.602895108
    1.221730476   -2.617993878  -62.917418161   28.436192486   -7.108002658
    1.396263402   -2.617993878  -56.147497698   47.338263210   -4.503465278
    1.570796327   -2.617993878  -47.109851612   54.118492530   -2.612610279
    1.745329252   -2.617993878  -37.969566896   48.798515695   -0.858812220
    1.919862177   -2.617993878  -30.622518046   34.170316541    1.392917090
    2.094395102   -2.617993878  -26.361650410   14.067925093    4.558236894
    2.268928028   -2.617993878  -25.817523526   -7.857922383    8.700365861
    2.443460953   -2.617993878  -29.027907396  -28.505449666   13.547473630
    2.617993878   -2.617993878  -35.528404061  -45.119687030   18.569320947
    2.792526803   -2.617993878  -44.393208452  -55.262608932   23.100962826
    2.967059728   -2.617993878  -54.319596452  -57.112423526   26.543153599

   -3.141592654   -2.443460953  -59.047291820  -48.755369060   25.469223142
   -2.967059728   -2.443460953  -66.508208220  -35.791527426   26.489611753
   -2.792526803   -2.443460953  -71.304166564  -18.937528325   26.557210912
   -2.617993878   -2.443460953  -73.159336764   -2.871110645   26.015424284
   -2.443460953   -2.443460953  -72.588708744    8.353597877   25.243240767
   -2.268928028   -2.443460953  -70.615739187   13.241176824   24.600639454
   -2.094395102   -2.443460953  -68.237810100   13.524962618   24.420170578
   -1.919862177   -2.443460953  -65.934109196   13.108768164   24.944031661
   -1.745329252   -2.443460953  -63.478562130   15.734799002   26.191274496
   -1.570796327   -2.443460953  -60.170964724   22.864305219   27.796145457
   -1.396263402   -2.443460953  -55.320066867   32.917213063   28.970485409
   -1.221730476   -2.443460953  -48.715129323   42.279047703   28.707844112
   -1.047197551   -2.443460953  -40.819473591   47.166186320   26.172782487
   -0.872664626   -2.443460953  -32.639831323   45.303892420   21.064468979
   -0.698131701   -2.443460953  -25.397801921   36.514348193   13.753599143
   -0.523598776   -2.443460953  -20.199565342   22.236725067    5.155924347
   -0.349065850   -2.443460953  -17.827803794    4.465152006   -3.580522927
   -0.174532925   -2.443460953  -18.718623426  -14.811732101  -11.357679591
    0.000000000   -2.443460953  -22.965377142  -33.639571029  -17.301931188
    0.174532925   -2.443460953  -30.279940775  -49.468286997  -20.845065973
    0.349065850   -2.443460953  -39.851980217  -58.929004388  -21.814704267
    0.523598776   -2.443460953  -50.256820120  -58.480838036  -20.480225873
    0.698131701   -2.443460953  -59.559287080  -46.205070073  -17.570944499
    0.872664626   -2.443460953  -65.760800532  -23.486691568  -14.061002212
    1.047197551   -2.443460953  -67.433622307    4.625771080  -10.838860190
    1.221730476   -2.443460953  -64.248794071   30.986472031   -8.384490630
    1.396263402   -2.443460953  -57.102125992   49.167218903   -6.639761055
    1.570796327   -2.443460953  -47.772661770   55.735260527   -5.141130584
    1.745329252   -2.443460953  -38.323974306   50.803562982   -3.325715947
    1.919862177   -2.443460953  -30.560144472   36.984662277   -0.793275495
    2.094395102   -2.443460953  -25.725831926   17.811887614    2.588937380
    2.268928028   -2.443460953  -24.456869962   -3.352186909    6.703319901
    2.443460953   -2.443460953  -26.841407722  -23.634302671   11.257273826
    2.617993878   -2.443460953  -32.497902691  -40.426250763   15.846182327
    2.792526803   -2.443460953  -40.600692339  -51.314325975   19.999552388
    2.967059728   -2.443460953  -49.936376360  -54.349841262   23.298517909

   -3.141592654   -2.268928028  -54.992108396  -47.026653815   20.731588598
   -2.967059728   -2.268928028  -62.238830999  -35.050251451   22.129741985
   -2.792526803   -2.268928028  -66.977846961  -18.987590363   22.682428740
   -2.617993878   -2.268928028  -68.889219776   -3.412322479   22.556447517
   -2.443460953   -2.268928028  -68.431217197    7.662163737   22.024015825
   -2.268928028   -2.268928028  -66.567056881   12.743312413   21.411794141
   -2.094395102   -2.268928028  -64.237525906   13.505370483   21.028885514
   -1.919862177   -2.268928028  -61.885543089   13.678196569   21.043778445
   -1.745329252   -2.268928028  -59.292315312   16.679980485   21.355256710
   -1.570796327   -2.268928028  -55.828573038   23.584060806   21.525013559
   -1.396263402   -2.268928028  -50.933967263   32.552824920   20.854451268
   -1.221730476   -2.268928028  -44.548379329   40.027679966   18.635271603
   -1.047197551   -2.268928028  -37.244710771   42.622073723   14.450851331
   -0.872664626   -2.268928028  -30.048878275   38.658405897    8.376341863
   -0.698131701   -2.268928028  -24.099782354   28.505431434    0.976504612
   -0.523598776   -2.268928028  -20.343938617   13.905555826   -6.848891480
   -0.349065850   -2.268928028  -19.375971592   -3.114582920  -14.105342161
   -0.174532925   -2.268928028  -21.456844190  -20.734425286  -19.894975339
    0.000000000   -2.268928028  -26.545234835  -37.280676704  -23.558838715
    0.174532925   -2.268928028  -34.275542208  -50.590139038  -24.786307838
    0.349065850   -2.268928028  -43.836469064  -57.749436937  -23.739799290
    0.523598776   -2.268928028  -53.882279152  -55.693996505  -21.043036425
    0.698131701   -2.268928028  -62.628299335  -42.780330486  -17.666296753
    0.872664626   -2.268928028  -68.246221274  -20.342195048  -14.558507060
    1.047197551   -2.268928028  -69.436902194    6.972522860  -12.286008119
    1.221730476   -2.268928028  -65.912747273   32.578412642  -10.842431070
    1.396263402   -2.268928028  -58.521784259   50.472215747   -9.754506239
    1.570796327   -2.268928028  -48.946738715   57.329229972   -8.404258809
    1.745329252   -2.268928028  -39.163142977   53.084635254   -6.362051351
    1.919862177   -2.268928028  -30.930628370   40.065777955   -3.524096059
    2.094395102   -2.268928028  -25.495521697   21.574134630   -0.038575640
    2.268928028   -2.268928028  -23.526616034    0.851291517    3.841764294
    2.443460953   -2.268928028  -25.160166431  -19.289764912    7.864578085
    2.617993878   -2.268928028  -30.069973538  -36.282087265   11.803043211
    2.792526803   -2.268928028  -37.492706057  -47.721611373   15.413360381
    2.967059728   -2.268928028  -46.271955232  -51.610203023   18.459163411

   -3.141592654   -2.094395102  -51.867169259  -45.153390981   14.824868514
   -2.967059728   -2.094395102  -58.854807524  -33.965366123   16.334396629
   -2.792526803   -2.094395102  -63.471522777  -18.660380748   17.135601003
   -2.617993878   -2.094395102  -65.380444163   -3.675422737   17.264414284
   -2.443460953   -2.094395102  -65.000614288    7.082548247   16.898182731
   -2.268928028   -2.094395102  -63.242769907   12.155875818   16.304100512
   -2.094395102   -2.094395102  -60.998929024   13.133020330   15.721937658
   -1.919862177   -2.094395102  -58.691185228   13.519082607   15.215893753
   -1.745329252   -2.094395102  -56.128301903   16.418307023   14.572617170
   -1.570796327   -2.094395102  -52.760327184   22.642331339   13.328247827
   -1.396263402   -2.094395102  -48.136175445   30.303404370   10.937145843
   -1.221730476   -2.094395102  -42.289761176   36.067210488    7.034149418
   -1.047197551   -2.094395102  -35.829616582   36.964957840    1.626534994
   -0.872664626   -2.094395102  -29.738446782   31.767660681   -4.870219053
   -0.698131701   -2.094395102  -25.044286997   21.166543185  -11.755871111
   -0.523598776   -2.094395102  -22.543308464    7.020316959  -18.213844429
   -0.349065850   -2.094395102  -22.675165328   -8.697097777  -23.472170588
   -0.174532925   -2.094395102  -25.566863235  -24.351009908  -26.907601258
    0.000000000   -2.094395102  -31.085981357  -38.567096539  -28.151480372
    0.174532925   -2.094395102  -38.838779682  -49.618063313  -27.203761175
    0.349065850   -2.094395102  -48.070529524  -55.072867979  -24.548059649
    0.523598776   -2.094395102  -57.568345393  -52.267222637  -21.064184008
    0.698131701   -2.094395102  -65.725858050  -39.611763778  -17.794234204
    0.872664626   -2.094395102  -70.866358462  -18.097828508  -15.498537905
    1.047197551   -2.094395102  -71.755155144    8.233253821  -14.337050681
    1.221730476   -2.094395102  -68.063110240   33.352013100  -13.847888202
    1.396263402   -2.094395102  -60.527561845   51.465390442  -13.256306314
    1.570796327   -2.094395102  -50.718986131   59.063856002  -11.913898230
    1.745329252   -2.094395102  -40.554815400   55.693663031   -9.593801208
    1.919862177   -2.094395102  -31.802677331   43.355358152   -6.489293718
    2.094395102   -2.094395102  -25.756465939   25.226333796   -2.990023573
    2.268928028   -2.094395102  -23.137754323    4.598934264    0.557348560
    2.443460953   -2.094395102  -24.121832855  -15.621018546    3.957636686
    2.617993878   -2.094395102  -28.407258003  -32.823855686    7.148686676
    2.792526803   -2.094395102  -35.255274885  -44.619135329   10.086786900
    2.967059728   -2.094395102  -43.536750045  -49.040902845   12.693204383

   -3.141592654   -1.919862177  -49.858056185  -43.449176430    7.984292020
   -2.967059728   -1.919862177  -56.595355973  -32.825720288    9.292423939
   -2.792526803   -1.919862177  -61.068036786  -18.157636108   10.111690168
   -2.617993878   -1.919862177  -62.941106497   -3.747519537   10.387844792
   -2.443460953   -1.919862177  -62.611179354    6.623860907   10.195588631
   -2.268928028   -1.919862177  -60.950634226   11.535236379    9.697830340
   -2.094395102   -1.919862177  -58.819298870   12.466881844    9.015732316
   -1.919862177   -1.919862177  -56.638815192   12.683315264    8.088178196
   -1.745329252   -1.919862177  -54.263709543   15.026042933    6.608314892
   -1.570796327   -1.919862177  -51.224198978   20.191532960    4.127817989
   -1.396263402   -1.919862177  -47.148414024   26.436463137    0.288382629
   -1.221730476   -1.919862177  -42.103549425   30.786826998   -4.927905109
   -1.047197551   -1.919862177  -36.661428555   30.682103513  -11.112743266
   -0.872664626   -1.919862177  -31.704836236   25.179885543  -17.540620326
   -0.698131701   -1.919862177  -28.129585190   15.065010415  -23.397162257
   -0.523598776   -1.919862177  -26.598595993    2.118735796  -27.972708366
   -0.349065850   -1.919862177  -27.439896513  -11.843963279  -30.766665866
   -0.174532925   -1.919862177  -30.701854245  -25.412612669  -31.516042891
    0.000000000   -1.919862177  -36.220194376  -37.522897920  -30.242857396
    0.174532925   -1.919862177  -43.632692590  -46.873133764  -27.319545085
    0.349065850   -1.919862177  -52.294652854  -51.446795366  -23.517462212
    0.523598776   -1.919862177  -61.159555264  -48.813308960  -19.840475047
    0.698131701   -1.919862177  -68.795662393  -37.195430683  -17.217453955
    0.872664626   -1.919862177  -73.631789439  -17.013581758  -16.075307912
    1.047197551   -1.919862177  -74.422709464    8.386190114  -16.129774104
    1.221730476   -1.919862177  -70.724155019   33.423053409  -16.537000183
    1.396263402   -1.919862177  -63.121165419   52.269373457  -16.346456342
    1.570796327   -1.919862177  -53.075908828   60.982794865  -14.979662442
    1.745329252   -1.919862177  -42.486130082   58.584271035  -12.440343640
    1.919862177   -1.919862177  -33.176634780   46.757551610   -9.183997836
    2.094395102   -1.919862177  -26.526541314   28.670689479   -5.790039582
    2.268928028   -1.919862177  -23.323935849    7.808901404   -2.671381060
    2.443460953   -1.919862177  -23.773982345  -12.711486498    0.021089269
    2.617993878   -1.919862177  -27.574791888  -30.174579578    2.347712449
    2.792526803   -1.919862177  -33.980893633  -42.202950601    4.424744726
    2.967059728   -1.919862177  -41.864388095  -46.915095335    6.318901680

   -3.141592654   -1.745329252  -49.100426591  -42.194419907    0.607922889
   -2.967059728   -1.745329252  -55.639241843  -31.835386165    1.565181278
   -2.792526803   -1.745329252  -59.971929450  -17.566308148    2.358705795
   -2.617993878   -1.745329252  -61.780673736   -3.601929925    2.840180247
   -2.443460953   -1.745329252  -61.460518601    6.386060010    2.943827680
   -2.268928028   -1.745329252  -59.868073220   11.005185900    2.680024784
   -2.094395102   -1.745329252  -57.854679677   11.626898346    2.023640176
   -1.919862177   -1.745329252  -55.863329750   11.298226709    0.796627276
   -1.745329252   -1.745329252  -53.807683301   12.677557737   -1.362430520
   -1.570796327   -1.745329252  -51.291903958   16.490562300   -4.845110576
   -1.396263402   -1.745329252  -47.989201195   21.301250168   -9.809021415
   -1.221730476   -1.745329252  -43.941313839   24.598356201  -15.951516110
   -1.047197551   -1.745329252  -39.617049592   24.211062773  -22.510405608
   -0.872664626   -1.745329252  -35.747948252   19.338469364  -28.484628278
   -0.698131701   -1.745329252  -33.078107056   10.644134517  -32.950408755
   -0.523598776   -1.745329252  -32.155808920   -0.373490558  -35.302143502
   -0.349065850   -1.745329252  -33.247404745  -12.207040019  -35.336698735
   -0.174532925   -1.745329252  -36.392085527  -23.746336300  -33.222269926
    0.000000000   -1.745329252  -41.469957147  -34.237480422  -29.457950284
    0.174532925   -1.745329252  -48.219467330  -42.717406789  -24.829786473
    0.349065850   -1.745329252  -56.151725850  -47.410560270  -20.341701133
    0.523598776   -1.745329252  -64.395998532  -45.876047684  -16.981844561
    0.698131701   -1.745329252  -71.660752430  -35.916378624  -15.404305512
    0.872664626   -1.745329252  -76.412810075  -17.243998113  -15.605219613
    1.047197551   -1.745329252  -77.319362497    7.461427665  -16.869993785
    1.221730476   -1.745329252  -73.762986211   32.885407138  -18.075155360
    1.396263402   -1.745329252  -66.156501432   52.926403795  -18.215910488
    1.570796327   -1.745329252  -55.872789489   63.026610466  -16.857603466
    1.745329252   -1.745329252  -44.830488043   61.617247698  -14.235247508
    1.919862177   -1.745329252  -34.953153600   50.109417280  -11.017709337
    2.094395102   -1.745329252  -27.733630462   31.763566476   -7.921531291
    2.268928028   -1.745329252  -24.036089207   10.359145825   -5.402753540
    2.443460953   -1.745329252  -24.089115470  -10.693188270   -3.580303930
    2.617993878   -1.745329252  -27.571946696  -28.515998936   -2.300736277
    2.792526803   -1.745329252  -33.706431804  -40.721338785   -1.305437331
    2.967059728   -1.745329252  -41.339541286  -45.525373958   -0.367749410

   -3.141592654   -1.570796327  -49.608294455  -41.455976042   -6.314144716
   -2.967059728   -1.570796327  -56.004564459  -30.974522945   -5.613353824
   -2.792526803   -1.570796327  -60.191125777  -16.794046877   -4.707169953
   -2.617993878   -1.570796327  -61.887558399   -3.114449582   -3.885274041
   -2.443460953   -1.570796327  -61.515825799    6.481539322   -3.396098395
   -2.268928028   -1.570796327  -59.945399038   10.646120982   -3.396361149
   -2.094395102   -1.570796327  -58.043273934   10.677108608   -4.032004884
   -1.919862177   -1.570796327  -56.289908079    9.458337095   -5.541732631
   -1.745329252   -1.570796327  -54.662206966    9.551412913   -8.276360266
   -1.570796327   -1.570796327  -52.824679709   11.828591889  -12.528489364
   -1.396263402   -1.570796327  -50.460999068   15.274999909  -18.262378935
   -1.221730476   -1.570796327  -47.536349467   17.905777384  -24.914948671
   -1.047197551   -1.570796327  -44.361560280   17.920641664  -31.454564441
   -0.872664626   -1.570796327  -41.473972116   14.548251578  -36.671405584
   -0.698131701   -1.570796327  -39.448351995    8.147735372  -39.556754835
   -0.523598776   -1.570796327  -38.735727406   -0.269729220  -39.603289059
   -0.349065850   -1.570796327  -39.592736054   -9.686521870  -36.901749234
   -0.174532925   -1.570796327  -42.127070677  -19.399037779  -32.067383702
    0.000000000   -1.570796327  -46.349385635  -28.948880774  -26.093325554
    0.174532925   -1.570796327  -52.170390578  -37.555374661  -20.157892331
    0.349065850   -1.570796327  -59.290827332  -43.427919375  -15.413797275
    0.523598776   -1.570796327  -67.001963150  -43.830680063  -12.710723922
    0.698131701   -1.570796327  -74.094677812  -35.952766606  -12.327085670
    0.872664626   -1.570796327  -78.995514843  -18.761856224  -13.806447328
    1.047197551   -1.570796327  -80.214591616    5.602602827  -16.078476749
    1.221730476   -1.570796327  -76.923306309   31.870782024  -17.867868806
    1.396263402   -1.570796327  -69.362747046   53.461056192  -18.228909655
    1.570796327   -1.570796327  -58.846100000   65.089888946  -16.919022177
    1.745329252   -1.570796327  -47.351615597   64.596299051  -14.382720061
    1.919862177   -1.570796327  -36.933706032   53.185255541  -11.441412046
    2.094395102   -1.570796327  -29.217821006   34.293770941   -8.888681674
    2.268928028   -1.570796327  -25.149062701   12.062772341   -7.189787260
    2.443460953   -1.570796327  -24.973512224   -9.741981756   -6.423147410
    2.617993878   -1.570796327  -28.335775890  -28.026595480   -6.343307906
    2.792526803   -1.570796327  -34.399880191  -40.347364821   -6.543885814
    2.967059728   -1.570796327  -41.957862707  -45.009353416   -6.619236516

   -3.141592654   -1.396263402  -51.170853439  -41.064207828  -11.214643378
   -2.967059728   -1.396263402  -57.449837431  -30.070470457  -10.541567903
   -2.792526803   -1.396263402  -61.457745098  -15.719369925   -9.397029177
   -2.617993878   -1.396263402  -62.980341516   -2.254920979   -8.252297339
   -2.443460953   -1.396263402  -62.499012558    6.844746287   -7.533617318
   -2.268928028   -1.396263402  -60.921755163   10.335865622   -7.512647667
   -2.094395102   -1.396263402  -59.145445120    9.509843531   -8.369533087
   -1.919862177   -1.396263402  -57.690505796    7.151252913  -10.308051061
   -1.745329252   -1.396263402  -56.588309328    5.792520023  -13.590011334
   -1.570796327   -1.396263402  -55.543126874    6.521440881  -18.373841400
   -1.396263402   -1.396263402  -54.217576722    8.794887348  -24.459154320
   -1.221730476   -1.396263402  -52.462556267   11.169016150  -31.114838061
   -1.047197551   -1.396263402  -50.394548829   12.186719031  -37.168003531
   -0.872664626   -1.396263402  -48.329988108   11.027280071  -41.320650821
   -0.698131701   -1.396263402  -46.665330555    7.611112700  -42.556542805
   -0.523598776   -1.396263402  -45.772633228    2.291911453  -40.485700600
   -0.349065850   -1.396263402  -45.947909008   -4.573234409  -35.464243690
   -0.174532925   -1.396263402  -47.441069270  -12.787609246  -28.491023497
    0.000000000   -1.396263402  -50.473228940  -22.151035901  -20.960608322
    0.174532925   -1.396263402  -55.187157795  -31.871056249  -14.326510386
    0.349065850   -1.396263402  -61.489049869  -39.859232575   -9.766542616
    0.523598776   -1.396263402  -68.799137629  -42.817432226   -7.894943168
    0.698131701   -1.396263402  -75.921740169  -37.197604725   -8.588688633
    0.872664626   -1.396263402  -81.168397917  -21.281410126  -11.002526020
    1.047197551   -1.396263402  -82.841100509    3.139613632  -13.847404847
    1.221730476   -1.396263402  -79.886621580   30.617132401  -15.850017992
    1.396263402   -1.396263402  -72.394193686   53.941741190  -16.232086674
    1.570796327   -1.396263402  -61.653429466   67.073306812  -14.968203954
    1.745329252   -1.396263402  -49.735078586   67.313221298  -12.664873513
    1.919862177   -1.396263402  -38.844185806   55.743961285  -10.212919376
    2.094395102   -1.396263402  -30.745541580   36.045624796   -8.402315273
    2.268928028   -1.396263402  -26.462352460   12.760054744   -7.653947558
    2.443460953   -1.396263402  -26.248878727   -9.951465912   -7.978371301
    2.617993878   -1.396263402  -29.698247947  -28.730666318   -9.030190587
    2.792526803   -1.396263402  -35.891036261  -41.031739314  -10.262573530
    2.967059728   -1.396263402  -43.534213465  -45.246713972  -11.113762423

   -3.141592654   -1.221730476  -53.306937801  -40.756604958  -12.687864719
   -2.967059728   -1.221730476  -59.461276465  -29.021175315  -11.942558448
   -2.792526803   -1.221730476  -63.256978658  -14.433471564  -10.712595798
   -2.617993878   -1.221730476  -64.575756106   -1.285180478   -9.611314692
   -2.443460953   -1.221730476  -63.982470585    7.114732105   -9.146194568
   -2.268928028   -1.221730476  -62.434049302    9.713678161   -9.583626849
   -2.094395102   -1.221730476  -60.853524992    7.866507421  -11.026508245
   -1.919862177   -1.221730476  -59.787414809    4.303557508  -13.560710708
   -1.745329252   -1.221730476  -59.301225918    1.559720162  -17.312250820
   -1.570796327   -1.221730476  -59.114621290    0.952891309  -22.300815524
   -1.396263402   -1.221730476  -58.844398708    2.398911849  -28.209766578
   -1.221730476   -1.221730476  -58.206958080    4.954986688  -34.245089729
   -1.047197551   -1.221730476  -57.112600843    7.455693266  -39.241181080
   -0.872664626   -1.221730476  -55.655082701    8.970243293  -41.973354461
   -0.698131701   -1.221730476  -54.062185840    8.902152058  -41.552046865
   -0.523598776   -1.221730476  -52.652076071    6.849523928  -37.764155811
   -0.349065850   -1.221730476  -51.803202715    2.411687429  -31.192915182
   -0.174532925   -1.221730476  -51.963680275   -4.761999804  -23.084043405
    0.000000000   -1.221730476  -53.618818614  -14.657701442  -15.029331294
    0.174532925   -1.221730476  -57.173892622  -26.278517965   -8.540870917
    0.349065850   -1.221730476  -62.730978834  -36.997258679   -4.655331583
    0.523598776   -1.221730476  -69.791477496  -42.767715809   -3.678310904
    0.698131701   -1.221730476  -77.105879404  -39.278850264   -5.126958433
    0.872664626   -1.221730476  -82.814043038  -24.270031261   -7.905522607
    1.047197551   -1.221730476  -84.987564257    0.588127132  -10.695002653
    1.221730476   -1.221730476  -82.364139477   29.478423151  -12.400880337
    1.396263402   -1.221730476  -74.919713653   54.498804172  -12.518907152
    1.570796327   -1.221730476  -63.958924427   68.912847703  -11.245974160
    1.745329252   -1.221730476  -51.666941372   69.598544186   -9.273337703
    1.919862177   -1.221730476  -40.401906253   57.613723762   -7.445535437
    2.094395102   -1.221730476  -32.058180565   36.925015965   -6.440053680
    2.268928028   -1.221730476  -27.723392491   12.480237798   -6.563938776
    2.443460953   -1.221730476  -27.645757816  -11.158011432   -7.735253606
    2.617993878   -1.221730476  -31.350670656  -30.348254594   -9.529872128
    2.792526803   -1.221730476  -37.815319446  -42.424312784  -11.324688059
    2.967059728   -1.221730476  -45.641826656  -45.888891324  -12.500691307

   -3.141592654   -1.047197551  -55.356593893  -40.428070923  -10.266825881
   -2.967059728   -1.047197551  -61.388404119  -28.037229916   -9.685438388
   -2.792526803   -1.047197551  -64.999084149  -13.404710385   -8.916540679
   -2.617993878   -1.047197551  -66.179087256   -0.801498227   -8.558114420
   -2.443460953   -1.047197551  -65.575749726    6.716620011   -9.013354793
   -2.268928028   -1.047197551  -64.181143453    8.347621659  -10.397153650
   -2.094395102   -1.047197551  -62.923513924    5.532464448  -12.661978372
   -1.919862177   -1.047197551  -62.352639890    0.948638288  -15.767180242
   -1.745329252   -1.047197551  -62.545498537   -2.867469257  -19.729934641
   -1.570796327   -1.047197551  -63.215762605   -4.385878136  -24.471812618
   -1.396263402   -1.047197551  -63.918886402   -3.283655130  -29.614140560
   -1.221730476   -1.047197551  -64.233578487   -0.088429074  -34.382383186
   -1.047197551   -1.047197551  -63.876696198    4.234603738  -37.741037888
   -0.872664626   -1.047197551  -62.746400860    8.575689680  -38.697009193
   -0.698131701   -1.047197551  -60.937846307   11.788742925  -36.646775475
   -0.523598776   -1.047197551  -58.753925761   12.713915578  -31.646040808
   -0.349065850   -1.047197551  -56.692228826   10.222763920  -24.473685663
   -0.174532925   -1.047197551  -55.427214444    3.488217809  -16.449396387
    0.000000000   -1.047197551  -55.719662510   -7.541082749   -9.091896822
    0.174532925   -1.047197551  -58.223818639  -21.505110707   -3.694489583
    0.349065850   -1.047197551  -63.196618882  -35.098129171   -0.963001996
    0.523598776   -1.047197551  -70.162153212  -43.473647847   -0.844529159
    0.698131701   -1.047197551  -77.761903532  -41.650196796   -2.589723093
    0.872664626   -1.047197551  -83.936551976  -27.040007016   -5.044971175
    1.047197551   -1.047197551  -86.540969956   -1.427914082   -7.082136385
    1.221730476   -1.047197551  -84.150809613   28.868770326   -7.967808162
    1.396263402   -1.047197551  -76.684507905   55.292023116   -7.560071389
    1.570796327   -1.047197551  -65.498595798   70.571894472   -6.250563836
    1.745329252   -1.047197551  -52.898062159   71.341780440   -4.701189423
    1.919862177   -1.047197551  -41.373715838   58.742319358   -3.563173293
    2.094395102   -1.047197551  -32.919144385   37.034074653   -3.276322124
    2.268928028   -1.047197551  -28.660751523   11.521450883   -3.969432494
    2.443460953   -1.047197551  -28.824546622  -12.887386640   -5.474464017
    2.617993878   -1.047197551  -32.860423857  -32.305255709   -7.367737602
    2.792526803   -1.047197551  -39.639964275  -43.975226774   -9.089051485
    2.967059728   -1.047197551  -47.664435319  -46.552465870  -10.131273016

   -3.141592654   -0.872664626  -56.702268096  -40.306291001   -4.848181622
   -2.967059728   -0.872664626  -62.686033497  -27.698179869   -4.989327668
   -2.792526803   -0.872664626  -66.258806662  -13.392434339   -5.452331409
   -2.617993878   -0.872664626  -67.497149996   -1.523630867   -6.585809877
   -2.443460953   -0.872664626  -67.094383943    5.146189376   -8.483636338
   -2.268928028   -0.872664626  -66.041268737    6.028275985  -11.006983261
   -2.094395102   -0.872664626  -65.244826034    2.581067114  -13.971367436
   -1.919862177   -0.872664626  -65.242458141   -2.618854268  -17.297412844
   -1.745329252   -0.872664626  -66.111769069   -7.040950661  -20.996116851
   -1.570796327   -0.872664626  -67.549805250   -8.948942343  -24.968629282
   -1.396263402   -0.872664626  -69.044101958   -7.659977458  -28.819845969
   -1.221730476   -0.872664626  -70.043006436   -3.393515489  -31.830938995
   -1.047197551   -0.872664626  -70.098905905    2.949661296  -33.155958207
   -0.872664626   -0.872664626  -68.964768594    9.978801808  -32.134955243
   -0.698131701   -0.872664626  -66.664838530   15.984562588  -28.575270188
   -0.523598776   -0.872664626  -63.541403305   19.135862937  -22.885264842
   -0.349065850   -0.872664626  -60.243126947   17.748409709  -16.014914453
   -0.174532925   -0.872664626  -57.669159126   10.722651787   -9.197090622
    0.000000000   -0.872664626  -56.819753893   -1.879245600   -3.620700908
    0.174532925   -0.872664626  -58.536394837  -18.223241739   -0.101160206
    0.349065850   -0.872664626  -63.158041468  -34.315346664    1.150001196
    0.523598776   -0.872664626  -70.167005762  -44.614260991    0.558863204
    0.698131701   -0.872664626  -78.059874308  -43.685383797   -0.983278768
    0.872664626   -0.872664626  -84.586356585  -28.883803870   -2.472255496
    1.047197551   -0.872664626  -87.436654275   -2.326004351   -3.177817674
    1.221730476   -0.872664626  -85.100966335   29.122581726   -2.872188388
    1.396263402   -0.872664626  -77.507848203   56.399039245   -1.815927257
    1.570796327   -0.872664626  -66.094423534   71.965039874   -0.529677630
    1.745329252   -0.872664626  -53.268792297   72.444083587    0.485834530
    1.919862177   -0.872664626  -41.607709070   59.160408934    0.916305470
    2.094395102   -0.872664626  -33.152800153   36.621270339    0.664208050
    2.268928028   -0.872664626  -29.034774027   10.363005048   -0.188394117
    2.443460953   -0.872664626  -29.446155875  -14.498450581   -1.435369830
    2.617993878   -0.872664626  -33.772052761  -33.937593253   -2.779306258
    2.792526803   -0.872664626  -40.804802621  -45.180017884   -3.900693388
    2.967059728   -0.872664626  -48.980290345  -47.059654127   -4.583408654

   -3.141592654   -0.698131701  -56.982388304  -40.877680111    1.569381948
   -2.967059728   -0.698131701  -63.099475622  -28.708323473    0.089699922
   -2.792526803   -0.698131701  -66.907321625  -15.095131229   -2.209840986
   -2.617993878   -0.698131701  -68.506306934   -3.929764329   -5.229149729
   -2.443460953   -0.698131701  -68.569523400    2.262369186   -8.635115959
   -2.268928028   -0.698131701  -68.040627036    2.942707104  -12.037890958
   -2.094395102   -0.698131701  -67.789281980   -0.572919196  -15.216339876
   -1.919862177   -0.698131701  -68.345824869   -5.884352958  -18.192836555
   -1.745329252   -0.698131701  -69.798364625  -10.449504483  -21.094395604
   -1.570796327   -0.698131701  -71.830575277  -12.283848831  -23.875401405
   -1.396263402   -0.698131701  -73.861442029  -10.353556710  -26.146023797
   -1.221730476   -0.698131701  -75.218349184   -4.671299911  -27.234852883
   -1.047197551   -0.698131701  -75.322433503    3.760135164  -26.479101883
   -0.872664626   -0.698131701  -73.842452618   13.129743339  -23.571419074
   -0.698131701   -0.698131701  -70.808497183   21.147805766  -18.771388362
   -0.523598776   -0.698131701  -66.667445135   25.456250472  -12.868550873
   -0.349065850   -0.698131701  -62.246465934   24.094142170   -6.952584846
   -0.174532925   -0.698131701  -58.643690006   15.998903635   -2.057950864
    0.000000000   -0.698131701  -57.024992045    1.568890676    1.123492213
    0.174532925   -0.698131701  -58.319860666  -16.824867727    2.413352863
    0.349065850   -0.698131701  -62.854326174  -34.611763851    2.176301327
    0.523598776   -0.698131701  -70.006047765  -45.800853567    1.176754515
    0.698131701   -0.698131701  -78.113752516  -44.821150402    0.313342761
    0.872664626   -0.698131701  -84.778623828  -29.262843376    0.262615354
    1.047197551   -0.698131701  -87.609575193   -1.744027526    1.212202344
    1.221730476   -0.698131701  -85.106686162   30.368528218    2.819665133
    1.396263402   -0.698131701  -77.277382596   57.757753362    4.451343136
    1.570796327   -0.698131701  -65.653807212   72.950598455    5.553175137
    1.745329252   -0.698131701  -52.708418559   72.817475779    5.900501814
    1.919862177   -0.698131701  -41.035798902   58.939202747    5.609995766
    2.094395102   -0.698131701  -32.660728606   35.963675026    4.972294228
    2.268928028   -0.698131701  -28.681866590    9.463040597    4.266333209
    2.443460953   -0.698131701  -29.257798714  -15.450251079    3.662812211
    2.617993878   -0.698131701  -33.742051030  -34.775458057    3.209944437
    2.792526803   -0.698131701  -40.903091653  -45.809962815    2.846244173
    2.967059728   -0.698131701  -49.173002540  -47.540011236    2.392176257

   -3.141592654   -0.523598776  -56.216199649  -42.636616830    6.831778882
   -2.967059728   -0.523598776  -62.732885658  -31.516233545    3.721426597
   -2.792526803   -0.523598776  -67.110748367  -18.751375625   -0.466745139
   -2.617993878   -0.523598776  -69.388472266   -7.955845032   -5.132766095
   -2.443460953   -0.523598776  -70.145847731   -1.583415787   -9.562797948
   -2.268928028   -0.523598776  -70.244511120   -0.372299248  -13.234552189
   -2.094395102   -0.523598776  -70.522241871   -3.343963721  -16.025853372
   -1.919862177   -0.523598776  -71.530604429   -8.332400289  -18.168546869
   -1.745329252   -0.523598776  -73.395134766  -12.722777109  -19.965365816
   -1.570796327   -0.523598776  -75.798153841  -14.191081405  -21.442419132
   -1.396263402   -0.523598776  -78.090469481  -11.324545109  -22.203200126
   -1.221730476   -0.523598776  -79.484165704   -4.013911203  -21.592881296
   -1.047197551   -0.523598776  -79.297633779    6.464812518  -19.090679218
   -0.872664626   -0.523598776  -77.173602241   17.727473470  -14.696433205
   -0.698131701   -0.523598776  -73.223849893   26.881264254   -9.073854173
   -0.523598776   -0.523598776  -68.063333919   31.204204775   -3.346197915
   -0.349065850   -0.523598776  -62.718077186   28.775951643    1.307739436
   -0.174532925   -0.523598776  -58.445433404   18.916522500    4.101542597
    0.000000000   -0.523598776  -56.484892490    2.590064991    4.879687947
    0.174532925   -0.523598776  -57.739528347  -17.272918748    4.113176408
    0.349065850   -0.523598776  -62.423020404  -35.716705171    2.710274372
    0.523598776   -0.523598776  -69.756059010  -46.628908230    1.688604515
    0.698131701   -0.523598776  -77.928561949  -44.663873435    1.840412034
    0.872664626   -0.523598776  -84.460168567  -27.919092572    3.417228253
    1.047197551   -0.523598776  -86.977877923    0.386612354    6.029691401
    1.221730476   -0.523598776  -84.089021739   32.516003211    8.807146506
    1.396263402   -0.523598776  -75.937900802   59.203731038   10.832839422
    1.570796327   -0.523598776  -64.149739734   73.383792362   11.604519654
    1.745329252   -0.523598776  -51.208178312   72.405550214   11.217201849
    1.919862177   -0.523598776  -39.649097745   58.137310869   10.216643737
    2.094395102   -0.523598776  -31.414454846   35.220765592    9.248525549
    2.268928028   -0.523598776  -27.540327797    9.030292792    8.740818098
    2.443460953   -0.523598776  -28.162900406  -15.568687079    8.773618658
    2.617993878   -0.523598776  -32.653655086  -34.777433900    9.092328500
    2.792526803   -0.523598776  -39.828255088  -46.030647356    9.224246586
    2.967059728   -0.523598776  -48.183947254  -48.369331831    8.617979749

   -3.141592654   -0.349065850  -54.741626856  -45.747814073    9.525209846
   -2.967059728   -0.349065850  -61.928097967  -35.992892427    5.045545295
   -2.792526803   -0.349065850  -67.161254797  -23.928960859   -0.420833424
   -2.617993878   -0.349065850  -70.340093756  -12.959066612   -5.909656371
   -2.443460953   -0.349065850  -71.900352753   -5.692245732  -10.527610931
   -2.268928028   -0.349065850  -72.614142232   -3.309949077  -13.804326498
   -2.094395102   -0.349065850  -73.314382007   -5.311270794  -15.818092826
   -1.919862177   -0.349065850  -74.612752883   -9.756770142  -17.017108557
   -1.745329252   -0.349065850  -76.699971598  -13.856363542  -17.825994234
   -1.570796327   -0.349065850  -79.265234326  -14.840153523  -18.279405069
   -1.396263402   -0.349065850  -81.586639121  -10.888569582  -17.931200812
   -1.221730476   -0.349065850  -82.761489020   -1.851764750  -16.119340449
   -1.047197551   -0.349065850  -82.027203852   10.566070486  -12.436378964
   -0.872664626   -0.349065850  -79.048628920   23.276855645   -7.128887730
   -0.698131701   -0.349065850  -74.081412854   32.774896251   -1.165036012
   -0.523598776   -0.349065850  -67.957976890   36.131409225    4.107170652
   -0.349065850   -0.349065850  -61.912495961   31.753411911    7.495670387
   -0.174532925   -0.349065850  -57.317394064   19.645110664    8.467191996
    0.000000000   -0.349065850  -55.397203209    1.523467433    7.330424867
    0.174532925   -0.349065850  -56.924470268  -19.134549636    5.081176761
    0.349065850   -0.349065850  -61.916617759  -37.203857335    3.030437573
    0.523598776   -0.349065850  -69.403396660  -46.782848805    2.327683021
    0.698131701   -0.349065850  -77.451196772  -43.084044431    3.590371714
    0.872664626   -0.349065850  -83.572898253  -24.920163168    6.656381472
    1.047197551   -0.349065850  -85.508097651    3.867710571   10.650131956
    1.221730476   -0.349065850  -82.052588706   35.346307290   14.312542539
    1.396263402   -0.349065850  -73.526705966   60.591901273   16.563228519
    1.570796327   -0.349065850  -61.635550017   73.224046855   16.989469005
    1.745329252   -0.349065850  -48.821424395   71.238317802   15.951651922
    1.919862177   -0.349065850  -37.494448561   56.786977334   14.318623006
    2.094395102   -0.349065850  -29.459820966   34.362255607   12.989517559
    2.268928028   -0.349065850  -25.670061379    8.928190473   12.483945082
    2.443460953   -0.349065850  -26.255954231  -15.114437959   12.787766796
    2.617993878   -0.349065850  -30.656993857  -34.314499735   13.393200504
    2.792526803   -0.349065850  -37.800805234  -46.262536491   13.517128945
    2.967059728   -0.349065850  -46.303643976  -49.906141716   12.379456234

   -3.141592654   -0.174532925  -53.047122235  -49.893181992    9.438214319
   -2.967059728   -0.174532925  -61.081449734  -41.418322068    4.353771856
   -2.792526803   -0.174532925  -67.305031310  -29.663936079   -1.342115006
   -2.617993878   -0.174532925  -71.435428280  -17.974744065   -6.582493170
   -2.443460953   -0.174532925  -73.756117736   -9.327712858  -10.558890995
   -2.268928028   -0.174532925  -74.974265355   -5.490349523  -13.019994695
   -2.094395102   -0.174532925  -75.956218542   -6.453229661  -14.267326531
   -1.919862177   -0.174532925  -77.404155359  -10.404836439  -14.866603278
   -1.745329252   -0.174532925  -79.583075520  -14.254697867  -15.214583418
   -1.570796327   -0.174532925  -82.180069896  -14.712928402  -15.228973961
   -1.396263402   -0.174532925  -84.386672551   -9.576164756  -14.354232435
   -1.221730476   -0.174532925  -85.183597582    1.238616232  -11.918933955
   -1.047197551   -0.174532925  -83.747387801   15.466118060   -7.639280528
   -0.872664626   -0.174532925  -79.804699977   29.236421251   -1.976202371
   -0.698131701   -0.174532925  -73.799267855   38.464855431    3.896676576
   -0.523598776   -0.174532925  -66.808731568   40.167831062    8.538723063
   -0.349065850   -0.174532925  -60.269575938   33.297587507   10.840450525
   -0.174532925   -0.174532925  -55.625721748   18.740503039   10.515309690
    0.000000000   -0.174532925  -54.016393716   -0.935783187    8.210298688
    0.174532925   -0.174532925  -56.009138143  -21.760461231    5.242908317
    0.349065850   -0.174532925  -61.372479729  -38.633388915    3.118301951
    0.523598776   -0.174532925  -68.934399163  -46.126501650    2.977421912
    0.698131701   -0.174532925  -76.671259776  -40.244500967    5.234616825
    0.872664626   -0.174532925  -82.153985139  -20.624791694    9.408964581
    1.047197551   -0.174532925  -83.304937139    8.314723555   14.315723741
    1.221730476   -0.174532925  -79.159459239   38.608589628   18.502135772
    1.396263402   -0.174532925  -70.231674607   61.878428069   20.845136506
    1.570796327   -0.174532925  -58.291048003   72.589627826   21.014001146
    1.745329252   -0.174532925  -45.702245944   69.466442035   19.513755696
    1.919862177   -0.174532925  -34.707387812   54.928577329   17.370444267
    2.094395102   -0.174532925  -26.942143337   33.226798852   15.604935503
    2.268928028   -0.174532925  -23.263788332    8.779124478   14.782671097
    2.443460953   -0.174532925  -23.810463563  -14.619102783   14.844966412
    2.617993878   -0.174532925  -28.123073192  -33.946557458   15.164160076
    2.792526803   -0.174532925  -35.279719447  -46.923020805   14.833873362
    2.967059728   -0.174532925  -44.038759113  -52.252655084   13.038416247

   -3.141592654    0.000000000  -51.566175897  -54.359575028    7.238288499
   -2.967059728    0.000000000  -60.470705935  -46.757655790    2.501338452
   -2.792526803    0.000000000  -67.628981862  -34.852573284   -2.359621191
   -2.617993878    0.000000000  -72.583546981  -22.110999634   -6.444888338
   -2.443460953    0.000000000  -75.500536314  -12.008979945   -9.244616899
   -2.268928028    0.000000000  -77.069283968   -6.898027099  -10.811517867
   -2.094395102    0.000000000  -78.224700175   -7.134902152  -11.616492091
   -1.919862177    0.000000000  -79.767043436  -10.859578309  -12.193118964
   -1.745329252    0.000000000  -82.015387314  -14.558500623  -12.738881315
   -1.570796327    0.000000000  -84.622740339  -14.411315169  -12.928109025
   -1.396263402    0.000000000  -86.670665354   -7.934915755  -12.051849621
   -1.221730476    0.000000000  -87.023592037    4.731335160   -9.455725095
   -1.047197551    0.000000000  -84.822561200   20.645070633   -5.026801032
   -0.872664626    0.000000000  -79.893321824   35.142990207    0.557572990
   -0.698131701    0.000000000  -72.896578881   43.663573890    5.994954119
   -0.523598776    0.000000000  -65.159892800   43.332997015    9.882007591
   -0.349065850    0.000000000  -58.298224320   33.795660867   11.301140994
   -0.174532925    0.000000000  -53.783389327   16.893215040   10.222680790
    0.000000000    0.000000000  -52.621075905   -3.974629946    7.513335630
    0.174532925    0.000000000  -55.136417541  -24.446752792    4.602094222
    0.349065850    0.000000000  -60.834761984  -39.603294190    2.965621678
    0.523598776    0.000000000  -68.356556752  -44.646009535    3.589566712
    0.698131701    0.000000000  -75.625199082  -36.471155431    6.663392360
    0.872664626    0.000000000  -80.315304381  -15.539444448   11.496696994
    1.047197551    0.000000000  -80.569090393   13.251539298   16.783514053
    1.221730476    0.000000000  -75.677856664   42.025985821   21.073146931
    1.396263402    0.000000000  -66.346829742   63.040479392   23.316798599
    1.570796327    0.000000000  -54.396657154   71.635956627   23.258587366
    1.745329252    0.000000000  -42.099690664   67.263960003   21.435599692
    1.919862177    0.000000000  -31.516862857   52.595158150   18.875080634
    2.094395102    0.000000000  -24.104122955   31.617361576   16.596790887
    2.268928028    0.000000000  -20.618608638    8.167957956   15.177043961
    2.443460953    0.000000000  -21.207613719  -14.604758459   14.579888604
    2.617993878    0.000000000  -25.520682549  -34.121204021   14.211987293
    2.792526803    0.000000000  -32.790492560  -48.181970583   13.237434550
    2.967059728    0.000000000  -41.908505163  -55.149564553   10.968702503

   -3.141592654    0.174532925  -50.580780637  -58.352127912    3.909685530
   -2.967059728    0.174532925  -60.223568749  -51.076503407    0.280042204
   -2.792526803    0.174532925  -68.102714087  -38.657775314   -3.045167325
   -2.617993878    0.174532925  -73.631940374  -24.832094659   -5.507685318
   -2.443460953    0.174532925  -76.921873464  -13.598201320   -6.985318556
   -2.268928028    0.174532925  -78.696915616   -7.765341124   -7.817554468
   -2.094395102    0.174532925  -79.982074627   -7.838215321   -8.549347984
   -1.919862177    0.174532925  -81.658322840  -11.699012926   -9.555747575
   -1.745329252    0.174532925  -84.053379838  -15.314794522  -10.728362575
   -1.570796327    0.174532925  -86.737537400  -14.392530420  -11.443707167
   -1.396263402    0.174532925  -88.655536522   -6.348038681  -10.850218163
   -1.221730476    0.174532925  -88.562804300    8.260252145   -8.364524533
   -1.047197551    0.174532925  -85.599459777   25.717712559   -4.097403771
   -0.872664626    0.174532925  -79.728367229   40.625885144    1.059026222
   -0.698131701    0.174532925  -71.843251710   48.123545291    5.750588851
   -0.523598776    0.174532925  -63.504101325   45.635275747    8.737634907
   -0.349065850    0.174532925  -56.461127913   33.586672072    9.405662928
   -0.174532925    0.174532925  -52.167046967   14.732591778    8.008713785
    0.000000000    0.174532925  -51.463605279   -6.830871059    5.548687979
    0.174532925    0.174532925  -54.429716586  -26.514818800    3.395853136
    0.349065850    0.174532925  -60.329977922  -39.707084170    2.805946748
    0.523598776    0.174532925  -67.656758968  -42.299964861    4.468957471
    0.698131701    0.174532925  -74.323155657  -32.056171680    8.302772311
    0.872664626    0.174532925  -78.137821825  -10.155875299   13.464064940
    1.047197551    0.174532925  -77.471526947   18.169722872   18.652822801
    1.221730476    0.174532925  -71.857141543   45.228995382   22.570925152
    1.396263402    0.174532925  -62.167966416   63.916252356   24.360645553
    1.570796327    0.174532925  -50.260114240   70.373285380   23.884278800
    1.745329252    0.174532925  -38.312543123   64.700436510   21.677570519
    1.919862177    0.174532925  -28.213611695   49.789800462   18.683324953
    2.094395102    0.174532925  -21.247962445   29.393664229   15.833081489
    2.268928028    0.174532925  -18.073797017    6.820288239   13.676583984
    2.443460953    0.174532925  -18.839570702  -15.378956968   12.238383904
    2.617993878    0.174532925  -23.287053984  -35.018148873   11.066852851
    2.792526803    0.174532925  -30.778597492  -49.931377036    9.526830384
    2.967059728    0.174532925  -40.307631537  -58.119995043    7.145462107

   -3.141592654    0.349065850  -50.209990790  -61.307859220    0.332409931
   -2.967059728    0.349065850  -60.361835493  -53.849916264   -1.854735213
   -2.792526803    0.349065850  -68.670177411  -40.731724403   -3.457815714
   -2.617993878    0.349065850  -74.485022573  -26.037248993   -4.302004100
   -2.443460953    0.349065850  -77.927482500  -14.219366812   -4.615337962
   -2.268928028    0.349065850  -79.799745535   -8.354685877   -4.930058345
   -2.094395102    0.349065850  -81.221123333   -8.859332387   -5.766338494
   -1.919862177    0.349065850  -83.119355401  -13.174743065   -7.280611173
   -1.745329252    0.349065850  -85.775978063  -16.702655644   -9.061221065
   -1.570796327    0.349065850  -88.629911099  -14.790789841  -10.245468488
   -1.396263402    0.349065850  -90.470734671   -4.968695613   -9.928861923
   -1.221730476    0.349065850  -89.963634166   11.592506504   -7.675685602
   -1.047197551    0.349065850  -86.289478962   30.359505688   -3.843031607
   -0.872664626    0.349065850  -79.582025400   45.330166400    0.517487699
   -0.698131701    0.349065850  -70.967685840   51.578982931    4.117483744
   -0.523598776    0.349065850  -62.198947862   47.025375873    6.013561193
   -0.349065850    0.349065850  -55.099826263   32.908183877    5.988094617
   -0.174532925    0.349065850  -51.052706181   12.759425942    4.593380229
    0.000000000    0.349065850  -50.717569605   -8.856384023    2.899989337
    0.174532925    0.349065850  -53.948557000  -27.334586857    2.096787505
    0.349065850    0.349065850  -59.820908018  -38.488125779    3.080088490
    0.523598776    0.349065850  -66.740980906  -38.904792206    6.130158491
    0.698131701    0.349065850  -72.664931925  -27.108832088   10.824288322
    0.872664626    0.349065850  -75.562459283   -4.821085922   16.155091097
    1.047197551    0.349065850  -74.026930793   22.591903119   20.874639785
    1.221730476    0.349065850  -67.797499307   47.735167304   23.928299570
    1.396263402    0.349065850  -57.872023296   64.120375687   24.764680223
    1.570796327    0.349065850  -46.113119124   68.561628825   23.466224788
    1.745329252    0.349065850  -34.602575497   61.662929345   20.624141728
    1.919862177    0.349065850  -25.072323684   46.464632915   17.090676877
    2.094395102    0.349065850  -18.655847270   26.510205035   13.659443918
    2.268928028    0.349065850  -15.921240074    4.672679375   10.803183070
    2.443460953    0.349065850  -17.008221710  -16.980311216    8.590392646
    2.617993878    0.349065850  -21.722500095  -36.565373640    6.738723591
    2.792526803    0.349065850  -29.516251302  -51.912203233    4.854817707
    2.967059728    0.349065850  -39.445620281  -60.710913221    2.690437761

   -3.141592654    0.523598776  -50.438659367  -63.041310610   -2.868119791
   -2.967059728    0.523598776  -60.849421320  -55.032072102   -3.691968197
   -2.792526803    0.523598776  -69.301636614  -41.191193007   -3.803222969
   -2.617993878    0.523598776  -75.144464007  -25.956335944   -3.351033175
   -2.443460953    0.523598776  -78.561504214  -14.109533230   -2.801502391
   -2.268928028    0.523598776  -80.455667071   -8.799843007   -2.755969262
   -2.094395102    0.523598776  -82.028892881  -10.164586043   -3.630620940
   -1.919862177    0.523598776  -84.217086824  -15.099573466   -5.368241116
   -1.745329252    0.523598776  -87.210058937  -18.469429291   -7.351635248
   -1.570796327    0.523598776  -90.286172288  -15.416017510   -8.635288063
   -1.396263402    0.523598776  -92.083395744   -3.781973294   -8.414693847
   -1.221730476    0.523598776  -91.209664896   14.524744193   -6.481691986
   -1.047197551    0.523598776  -86.927679901   34.200561136   -3.406690814
   -0.872664626    0.523598776  -79.559483028   48.848171368   -0.268383762
   -0.698131701    0.523598776  -70.438481966   53.734276461    1.880438474
   -0.523598776    0.523598776  -61.446306852   47.430669658    2.523199934
   -0.349065850    0.523598776  -54.406401786   31.943245928    1.886802009
   -0.174532925    0.523598776  -50.580901616   11.368517584    0.785516223
    0.000000000    0.523598776  -50.442846500   -9.540336730    0.274187260
    0.174532925    0.523598776  -53.661714193  -26.391806314    1.265494155
    0.349065850    0.523598776  -59.193982775  -35.531429777    4.215260462
    0.523598776    0.523598776  -65.437882484  -34.224113617    8.932627675
    0.698131701    0.523598776  -70.457129850  -21.617275544   14.606072901
    0.872664626    0.523598776  -72.414205718    0.246865069   20.033031503
    1.047197551    0.523598776  -70.115836279   26.110374556   24.017667340
    1.221730476    0.523598776  -63.460861236   49.036859320   25.788838311
    1.396263402    0.523598776  -53.509731798   63.161415075   25.190465806
    1.570796327    0.523598776  -42.082847577   65.830587287   22.637245014
    1.745329252    0.523598776  -31.146712785   57.954830273   18.871387883
    1.919862177    0.523598776  -22.289372348   42.586557997   14.695378544
    2.094395102    0.523598776  -16.519327488   23.046241881   10.745346950
    2.268928028    0.523598776  -14.332836870    1.864428886    7.363326417
    2.443460953    0.523598776  -15.857869341  -19.232719767    4.604773897
    2.617993878    0.523598776  -20.937258929  -38.547669011    2.316911072
    2.792526803    0.523598776  -29.072706865  -53.871774766    0.316935334
    2.967059728    0.523598776  -39.346683032  -62.668813654   -1.456362382

   -3.141592654    0.698131701  -51.158749609  -63.689226198   -5.237591544
   -2.967059728    0.698131701  -61.616547105  -54.918734092   -5.017363820
   -2.792526803    0.698131701  -69.988931026  -40.431611724   -4.070817756
   -2.617993878    0.698131701  -75.671894252  -24.972575925   -2.767227873
   -2.443460953    0.698131701  -78.941635690  -13.506809254   -1.681253056
   -2.268928028    0.698131701  -80.803398347   -9.091840831   -1.367403560
   -2.094395102    0.698131701  -82.518517873  -11.474345818   -2.083584913
   -1.919862177    0.698131701  -84.997296179  -17.003279444   -3.602761196
   -1.745329252    0.698131701  -88.314356207  -20.119594902   -5.247063124
   -1.570796327    0.698131701  -91.590311216  -15.935774622   -6.186772572
   -1.396263402    0.698131701  -93.343798967   -2.746227379   -5.884265356
   -1.221730476    0.698131701  -92.170506654   16.805123624   -4.412498854
   -1.047197551    0.698131701  -87.444940333   36.819744023   -2.463375646
   -0.872664626    0.698131701  -79.666154665   50.779431451   -0.954042902
   -0.698131701    0.698131701  -70.316762544   54.371512318   -0.512342787
   -0.523598776    0.698131701  -61.323663720   46.883242892   -1.129256827
   -0.349065850    0.698131701  -54.432938049   30.937711683   -2.155233422
   -0.174532925    0.698131701  -50.749075007   10.921549268   -2.621122585
    0.000000000    0.698131701  -50.571368251   -8.510172647   -1.614801725
    0.174532925    0.698131701  -53.440870339  -23.378255820    1.407380158
    0.349065850    0.698131701  -58.275909045  -30.632773098    6.424198742
    0.523598776    0.698131701  -63.549041253  -28.175592885   12.783212684
    0.698131701    0.698131701  -67.498228883  -15.629183621   19.313572137
    0.872664626    0.698131701  -68.511581440    4.868646085   24.646650111
    1.047197551    0.698131701  -65.598814761   28.426065082   27.662230196
    1.221730476    0.698131701  -58.767311186   48.760564647   27.890769767
    1.396263402    0.698131701  -49.067366173   60.668245326   25.603849121
    1.570796327    0.698131701  -38.213667914   61.899349260   21.596505087
    1.745329252    0.698131701  -28.025504641   53.449262522   16.813063479
    1.919862177    0.698131701  -19.952506700   38.197974467   12.037298149
    2.094395102    0.698131701  -14.906127132   19.181412996    7.743713149
    2.268928028    0.698131701  -13.337176667   -1.346076475    4.106355572
    2.443460953    0.698131701  -15.369561703  -21.859107896    1.107948188
    2.617993878    0.698131701  -20.866291216  -40.722545386   -1.340398301
    2.792526803    0.698131701  -29.347287006  -55.651823053   -3.275408217
    2.967059728    0.698131701  -39.893345423  -63.967442483   -4.624821093

   -3.141592654    0.872664626  -52.203297959  -63.531923380   -6.637329481
   -2.967059728    0.872664626  -62.558148451  -53.926624826   -5.748766322
   -2.792526803    0.872664626  -70.705491512  -38.917471654   -4.192405566
   -2.617993878    0.872664626  -76.117431990  -23.479634488   -2.453831410
   -2.443460953    0.872664626  -79.171716303  -12.615409860   -1.106406829
   -2.268928028    0.872664626  -80.959686609   -9.166899930   -0.572556110
   -2.094395102    0.872664626  -82.771620350  -12.458785529   -0.926225407
   -1.919862177    0.872664626  -85.467646051  -18.393647159   -1.832406173
   -1.745329252    0.872664626  -89.009381569  -21.180061542   -2.697628409
   -1.570796327    0.872664626  -92.395898137  -16.081514398   -2.984526104
   -1.396263402    0.872664626  -94.084590675   -1.895085580   -2.543479305
   -1.221730476    0.872664626  -92.708699659   18.145601556   -1.726524081
   -1.047197551    0.872664626  -87.764499875   37.844098845   -1.212969874
   -0.872664626    0.872664626  -79.882820228   50.867957710   -1.566141179
   -0.698131701    0.872664626  -70.607516534   53.480459518   -2.841037635
   -0.523598776    0.872664626  -61.815385491   45.617973708   -4.473524822
   -0.349065850    0.872664626  -55.108880670   30.261699438   -5.487205375
   -0.174532925    0.872664626  -51.421465879   11.770427832   -4.919609764
    0.000000000    0.872664626  -50.917040379   -5.557875690   -2.157311570
    0.174532925    0.872664626  -53.080814884  -18.286151356    2.880562100
    0.349065850    0.872664626  -56.876928098  -23.968019153    9.690299573
    0.523598776    0.872664626  -60.926805807  -21.051042985   17.234593588
    0.698131701    0.872664626  -63.695360349   -9.466300229   24.112472555
    0.872664626    0.872664626  -63.815197497    8.763736493   28.922826933
    1.047197551    0.872664626  -60.478993771   29.333868140   30.712755775
    1.221730476    0.872664626  -53.748630314   46.780871914   29.332921891
    1.396263402    0.872664626  -44.592200407   56.587386920   25.441641040
    1.570796327    0.872664626  -34.556057018   56.785590381   20.151947848
    1.745329252    0.872664626  -25.279484966   48.244384759   14.563399023
    1.919862177    0.872664626  -18.077490991   33.485043562    9.425199390
    2.094395102    0.872664626  -13.792448851   15.180159368    5.053279437
    2.268928028    0.872664626  -12.859834463   -4.650630502    1.450797357
    2.443460953    0.872664626  -15.415150421  -24.562200104   -1.499215263
    2.617993878    0.872664626  -21.335295755  -42.869454229   -3.873156771
    2.792526803    0.872664626  -30.138553327  -57.171096185   -5.624079481
    2.967059728    0.872664626  -40.885274938  -64.705683810   -6.596300940

   -3.141592654    1.047197551  -53.431536043  -62.879349117   -7.437637916
   -2.967059728    1.047197551  -63.596536486  -52.455343853   -6.202231591
   -2.792526803    1.047197551  -71.445005773  -37.050539343   -4.382617357
   -2.617993878    1.047197551  -76.537934067  -21.783532132   -2.500708201
   -2.443460953    1.047197551  -79.347416107  -11.562958460   -1.056534426
   -2.268928028    1.047197551  -81.023475947   -8.933241465   -0.298386876
   -2.094395102    1.047197551  -82.853395271  -12.834444945   -0.123496590
   -1.919862177    1.047197551  -85.634256415  -18.900216492   -0.156818788
   -1.745329252    1.047197551  -89.239920426  -21.344302870   -0.001380045
   -1.570796327    1.047197551  -92.609642359  -15.737482937    0.480217614
   -1.396263402    1.047197551  -94.212002393   -1.333086303    1.011842668
   -1.221730476    1.047197551  -92.761885117   18.316552149    1.025179556
   -1.047197551    1.047197551  -87.862773108   37.089264720   -0.006737381
   -0.872664626    1.047197551  -80.202533696   49.125710437   -2.157844215
   -0.698131701    1.047197551  -71.280050261   51.319241126   -4.857190523
   -0.523598776    1.047197551  -62.828888918   44.063396809   -7.043419096
   -0.349065850    1.047197551  -56.263006663   30.358519821   -7.559236330
   -0.174532925    1.047197551  -52.360763033   14.203307276   -5.615897101
    0.000000000    1.047197551  -51.215203056   -0.673380607   -1.034349109
    0.174532925    1.047197551  -52.342949566  -11.423367152    5.735879597
    0.349065850    1.047197551  -54.836664074  -16.108452408   13.730938152
    0.523598776    1.047197551  -57.524014680  -13.546843847   21.645682838
    0.698131701    1.047197551  -59.120664077   -3.768336507   28.042580110
    0.872664626    1.047197551  -58.491656397   11.511006833   31.698009836
    1.047197551    1.047197551  -54.970827907   28.709633782   31.975694516
    1.221730476    1.047197551  -48.616274377   43.242691434   29.074370619
    1.396263402    1.047197551  -40.254176099   51.229947020   23.943704768
    1.570796327    1.047197551  -31.219711046   50.852049071   17.859430020
    1.745329252    1.047197551  -22.956210482   42.682389926   11.938332734
    1.919862177    1.047197551  -16.655536931   28.752666936    6.826172042
    2.094395102    1.047197551  -13.118683447   11.323137908    2.679065810
    2.268928028    1.047197551  -12.793701508   -7.785938687   -0.645464174
    2.443460953    1.047197551  -15.844433891  -27.117040848   -3.350589155
    2.617993878    1.047197551  -22.161504229  -44.848658337   -5.516899098
    2.792526803    1.047197551  -31.250592347  -58.426722547   -7.049579252
    2.967059728    1.047197551  -42.140151549  -65.044695754   -7.740967296

   -3.141592654    1.221730476  -54.812601202  -62.000193648   -8.579503258
   -2.967059728    1.221730476  -64.751321994  -50.803710863   -7.259209904
   -2.792526803    1.221730476  -72.276973552  -35.091824967   -5.403767997
   -2.617993878    1.221730476  -77.040457661  -20.044280492   -3.516644343
   -2.443460953    1.221730476  -79.591938239  -10.371364265   -1.992427935
   -2.268928028    1.221730476  -81.109531426   -8.276770864   -0.910730059
   -2.094395102    1.221730476  -82.850110004  -12.401084942   -0.036189132
   -1.919862177    1.221730476  -85.547071651  -18.322915196    0.974821865
   -1.745329252    1.221730476  -89.027530073  -20.499312470    2.254859706
   -1.570796327    1.221730476  -92.244244526  -14.914196025    3.515353991
   -1.396263402    1.221730476  -93.748469718   -1.146325187    4.099667166
   -1.221730476    1.221730476  -92.365917058   17.273675476    3.325948001
   -1.047197551    1.221730476  -87.770602021   34.673837537    0.927485383
   -0.872664626    1.221730476  -80.616779701   45.884487604   -2.637230434
   -0.698131701    1.221730476  -72.252578362   48.379155013   -6.229874242
   -0.523598776    1.221730476  -64.192320040   42.732248982   -8.427668754
   -0.349065850    1.221730476  -57.643746483   31.603225062   -8.052171029
   -0.174532925    1.221730476  -53.271862714   18.326731820   -4.609852773
    0.000000000    1.221730476  -51.181324008    5.908671799    1.582942326
    0.174532925    1.221730476  -51.014048812   -3.366296783    9.545435749
    0.349065850    1.221730476  -52.066998293   -7.890573632   17.913583514
    0.523598776    1.221730476  -53.409803308   -6.593492586   25.241191130
    0.698131701    1.221730476  -53.998122927    0.658190049   30.245710324
    0.872664626    1.221730476  -52.879677332   12.628139817   32.090401789
    1.047197551    1.221730476  -49.460629373   26.494464028   30.607489158
    1.221730476    1.221730476  -43.732160607   38.464800129   26.370578260
    1.396263402    1.221730476  -36.337675143   45.135413232   20.506693250
    1.570796327    1.221730476  -28.389317423   44.674172304   14.263814844
    1.745329252    1.221730476  -21.146829990   37.245553727    8.596356222
    1.919862177    1.221730476  -15.705404070   24.348559902    3.945251231
    2.094395102    1.221730476  -12.853333378    7.844754229    0.293864418
    2.268928028    1.221730476  -13.073549894  -10.594140919   -2.611045214
    2.443460953    1.221730476  -16.570045294  -29.427299378   -5.018623584
    2.617993878    1.221730476  -23.246965423  -46.638242403   -6.996895140
    2.792526803    1.221730476  -32.589854186  -59.495629592   -8.405339460
    2.967059728    1.221730476  -43.587182718  -65.168557157   -8.989493508

   -3.141592654    1.396263402  -56.489844901  -61.130985425  -10.931232104
   -2.967059728    1.396263402  -66.204820059  -49.173433714   -9.716019637
   -2.792526803    1.396263402  -73.412345431  -33.160810690   -7.936924813
   -2.617993878    1.396263402  -77.847380077  -18.270996115   -6.052587249
   -2.443460953    1.396263402  -80.119882886   -8.947258773   -4.359157397
   -2.268928028    1.396263402  -81.410133605   -7.045130127   -2.813315771
   -2.094395102    1.396263402  -82.927078065  -11.013583023   -1.113783261
   -1.919862177    1.396263402  -85.351151521  -16.581798082    0.995799500
   -1.745329252    1.396263402  -88.510489387  -18.645087462    3.375846953
   -1.570796327    1.396263402  -91.441792363  -13.641559797    5.369788619
   -1.396263402    1.396263402  -92.836525035   -1.290771078    6.050416682
   -1.221730476    1.396263402  -91.641244075   15.240729393    4.732695764
   -1.047197551    1.396263402  -87.550007247   31.042859870    1.455750899
   -0.872664626    1.396263402  -81.094408135   41.747253079   -2.851297976
   -0.698131701    1.396263402  -73.385467141   45.271627649   -6.642843346
   -0.523598776    1.396263402  -65.671414944   42.069326838   -8.327836436
   -0.349065850    1.396263402  -58.963573251   34.145687125   -6.858294240
   -0.174532925    1.396263402  -53.871096197   23.944988235   -2.093253583
    0.000000000    1.396263402  -50.595040111   13.666299515    5.191082399
    0.174532925    1.396263402  -48.988659403    5.104538545   13.575973017
    0.349065850    1.396263402  -48.613730857   -0.246223218   21.415245860
    0.523598776    1.396263402  -48.795203840   -1.123108957   27.251722725
    0.698131701    1.396263402  -48.688332206    3.061891470   30.100692673
    0.872664626    1.396263402  -47.442645659   11.709162068   29.648884418
    1.047197551    1.396263402  -44.445757172   22.707907168   26.286379813
    1.221730476    1.396263402  -39.555827882   32.841678401   20.962512541
    1.396263402    1.396263402  -33.211799291   38.915347859   14.878083573
    1.570796327    1.396263402  -26.322610831   38.887442664    9.089599617
    1.745329252    1.396263402  -20.007371756   32.446654286    4.229175154
    1.919862177    1.396263402  -15.309389469   20.602607340    0.432641229
    2.094395102    1.396263402  -13.036488203    4.904332714   -2.514201627
    2.268928028    1.396263402  -13.723357400  -13.041553594   -4.949317473
    2.443460953    1.396263402  -17.618122306  -31.546205076   -7.122326333
    2.617993878    1.396263402  -24.633150108  -48.358079398   -9.051599485
    2.792526803    1.396263402  -34.223879180  -60.556460076  -10.525366529
    2.967059728    1.396263402  -45.329191562  -65.300256599  -11.223277983

   -3.141592654    1.570796327  -58.705992787  -60.449631404  -14.715364406
   -2.967059728    1.570796327  -68.225205894  -47.672958417  -13.690033807
   -2.792526803    1.570796327  -75.130119757  -31.270948481  -11.994088414
   -2.617993878    1.570796327  -79.231744037  -16.385835073  -10.043864295
   -2.443460953    1.570796327  -81.185620009   -7.165259696   -8.073937464
   -2.268928028    1.570796327  -82.158633785   -5.135374703   -5.986286430
   -2.094395102    1.570796327  -83.306511664   -8.654908425   -3.482560291
   -1.919862177    1.570796327  -85.274706977  -13.758687638   -0.418805481
   -1.745329252    1.570796327  -87.935900290  -15.899908638    2.848842984
   -1.570796327    1.570796327  -90.464381047  -11.950004778    5.427973062
   -1.396263402    1.570796327  -91.725891214   -1.575376921    6.278379973
   -1.221730476    1.570796327  -90.779169135   12.698921033    4.816941000
   -1.047197551    1.570796327  -87.285517969   26.920459874    1.373922110
   -0.872664626    1.570796327  -81.583656040   37.516721822   -2.799318560
   -0.698131701    1.570796327  -74.496094714   42.656074747   -5.986096560
   -0.523598776    1.570796327  -66.995582478   42.397283435   -6.663031999
   -0.349065850    1.570796327  -59.932550717   37.879540058   -4.060018728
   -0.174532925    1.570796327  -53.923215567   30.551926943    1.600276814
    0.000000000    1.570796327  -49.336076932   21.812982318    9.198118014
    0.174532925    1.570796327  -46.297017166   13.077011590   17.064959124
    0.349065850    1.570796327  -44.666310284    5.934460456   23.463591527
    0.523598776    1.570796327  -44.013829385    2.121000405   27.071155333
    0.698131701    1.570796327  -43.634320984    2.945851568   27.285585055
    0.872664626    1.570796327  -42.683514848    8.569619931   24.348203350
    1.047197551    1.570796327  -40.432688884   17.490347850   19.192972802
    1.221730476    1.570796327  -36.544862350   26.777359014   13.094561235
    1.396263402    1.570796327  -31.249272031   33.116437684    7.241568367
    1.570796327    1.570796327  -25.295022470   34.038914958    2.395206765
    1.745329252    1.570796327  -19.726504579   28.719176686   -1.233188656
    1.919862177    1.570796327  -15.595013810   17.778284208   -3.880367837
    2.094395102    1.570796327  -13.764783812    2.595453526   -5.982922299
    2.268928028    1.570796327  -14.835787896  -15.168926377   -7.949336466
    2.443460953    1.570796327  -19.096955104  -33.605430421   -9.991299361
    2.617993878    1.570796327  -26.456479712  -50.193398372  -12.034429987
    2.792526803    1.570796327  -36.323982620  -61.820368603  -13.757849083
    2.967059728    1.570796327  -47.574632224  -65.650073168  -14.746258544

   -3.141592654    1.745329252  -61.656216311  -60.003267637  -19.132860677
   -2.967059728    1.745329252  -71.011205911  -46.294991807  -18.268741744
   -2.792526803    1.745329252  -77.622903842  -29.361891968  -16.596936086
   -2.617993878    1.745329252  -81.372769533  -14.303460838  -14.512071900
   -2.443460953    1.745329252  -82.955488312   -4.975768239  -12.236106999
   -2.268928028    1.745329252  -83.521235977   -2.606817493   -9.686989150
   -2.094395102    1.745329252  -84.178037187   -5.536012918   -6.625064966
   -1.919862177    1.745329252  -85.555502621  -10.180009057   -3.009622249
   -1.745329252    1.745329252  -87.599759748  -12.576621662    0.694562128
   -1.570796327    1.745329252  -89.648194593   -9.957167519    3.545331588
   -1.396263402    1.745329252  -90.744554516   -1.770688064    4.576752715
   -1.221730476    1.745329252  -90.033579982   10.261436617    3.402475112
   -1.047197551    1.745329252  -87.097735959   23.189968136    0.583656775
   -0.872664626    1.745329252  -82.043876832   34.112433531   -2.511055893
   -0.698131701    1.745329252  -75.399972882   41.217811885   -4.271240145
   -0.523598776    1.745329252  -67.897155446   43.958884333   -3.494169125
   -0.349065850    1.745329252  -60.285853555   42.530057059    0.173518504
   -0.174532925    1.745329252  -53.251782561   37.434132783    6.161651967
    0.000000000    1.745329252  -47.377132249   29.392308337   13.169328304
    0.174532925    1.745329252  -43.082773959   19.587245679   19.527968228
    0.349065850    1.745329252  -40.522343952    9.876879677   23.656035340
    0.523598776    1.745329252  -39.473170564    2.662938514   24.526882889
    0.698131701    1.745329252  -39.298694669    0.149702996   21.960336268
    0.872664626    1.745329252  -39.068487008    3.315243201   16.687456891
    1.047197551    1.745329252  -37.851532711   11.135826731   10.067694786
    1.221730476    1.745329252  -35.067814049   20.670463764    3.589359619
    1.396263402    1.745329252  -30.745753055   28.164371976   -1.647796675
    1.570796327    1.745329252  -25.530691784   30.513518269   -5.220394952
    1.745329252    1.745329252  -20.468834960   26.354963079   -7.360505647
    1.919862177    1.745329252  -16.686477372   16.044473377   -8.689660838
    2.094395102    1.745329252  -15.143895078    0.963491236   -9.870937581
    2.268928028    1.745329252  -16.517561758  -17.028346550  -11.369765558
    2.443460953    1.745329252  -21.127945874  -35.715089678  -13.331511860
    2.617993878    1.745329252  -28.859671673  -52.273110652  -15.555728455
    2.792526803    1.745329252  -39.054816277  -63.406295647  -17.586353295
    2.967059728    1.745329252  -50.506578661  -66.307861689  -18.898713784

   -3.141592654    1.919862177  -65.334817143  -59.716261709  -22.791684057
   -2.967059728    1.919862177  -74.543567038  -44.961270671  -21.961469334
   -2.792526803    1.919862177  -80.858387049  -27.366221218  -20.225808900
   -2.617993878    1.919862177  -84.229464518  -11.999735199  -17.979614698
   -2.443460953    1.919862177  -85.392135202   -2.456076246  -15.470028940
   -2.268928028    1.919862177  -85.487707480    0.298308588  -12.682984007
   -2.094395102    1.919862177  -85.590240979   -2.086096075   -9.472790207
   -1.919862177    1.919862177  -86.329130211   -6.393011122   -5.872474701
   -1.745329252    1.919862177  -87.731858518   -9.172795363   -2.329896388
   -1.570796327    1.919862177  -89.290039780   -7.899983708    0.360621557
   -1.396263402    1.919862177  -90.195847229   -1.698590837    1.492856223
   -1.221730476    1.919862177  -89.638531634    8.531262651    0.953975976
   -1.047197551    1.919862177  -87.088655567   20.723956157   -0.550122332
   -0.872664626    1.919862177  -82.420212728   32.411162264   -1.755842248
   -0.698131701    1.919862177  -75.909363898   41.559925022   -1.430030032
   -0.523598776    1.919862177  -68.122060567   46.890448898    1.084821235
   -0.349065850    1.919862177  -59.791208504   47.716574695    5.623721847
   -0.174532925    1.919862177  -51.729307659   43.800937309   11.313356766
    0.000000000    1.919862177  -44.748447430   35.432796892   16.848360280
    0.174532925    1.919862177  -39.541745421   23.754261549   20.817000633
    0.349065850    1.919862177  -36.506788873   11.009138808   22.043646388
    0.523598776    1.919862177  -35.562917721    0.334355473   19.950857223
    0.698131701    1.919862177  -36.067668996   -5.137139782   14.786289951
    0.872664626    1.919862177  -36.929353970   -3.648604514    7.644273623
    1.047197551    1.919862177  -36.956204249    4.107545180    0.119632145
    1.221730476    1.919862177  -35.301498987   14.929746809   -6.249256785
    1.396263402    1.919862177  -31.815352648   24.366605254  -10.533274446
    1.570796327    1.919862177  -27.099046608   28.518815692  -12.649955819
    1.745329252    1.919862177  -22.275141384   25.479885406  -13.231615600
    1.919862177    1.919862177  -18.608565078   15.461376979  -13.232969790
    2.094395102    1.919862177  -17.192598143    0.020335729  -13.506095443
    2.268928028    1.919862177  -18.787802132  -18.632344402  -14.543184337
    2.443460953    1.919862177  -23.732426220  -37.884880537  -16.399275062
    2.617993878    1.919862177  -31.863822066  -54.583663652  -18.732253859
    2.792526803    1.919862177  -42.432540514  -65.271649488  -20.951905097
    2.967059728    1.919862177  -54.131678311  -67.209043629  -22.441259807

   -3.141592654    2.094395102  -69.482940466  -59.414031647  -24.359219998
   -2.967059728    2.094395102  -78.537982428  -43.557154778  -23.421749668
   -2.792526803    2.094395102  -84.538464938  -25.242907902  -21.561117211
   -2.617993878    2.094395102  -87.504111843   -9.524339344  -19.175411385
   -2.443460953    2.094395102  -88.216746255    0.220250448  -16.548606449
   -2.268928028    2.094395102  -87.823279302    3.243829045  -13.761725251
   -2.094395102    2.094395102  -87.382014560    1.191541100  -10.784192053
   -1.919862177    2.094395102  -87.532241040   -2.994367707   -7.695147937
   -1.745329252    2.094395102  -88.370050051   -6.218966177   -4.821312901
   -1.570796327    2.094395102  -89.500544062   -6.052202472   -2.649177220
   -1.396263402    2.094395102  -90.205848623   -1.251702660   -1.486767569
   -1.221730476    2.094395102  -89.668381725    7.976952832   -1.142067228
   -1.047197551    2.094395102  -87.230927477   20.181461020   -0.875720378
   -0.872664626    2.094395102  -82.571740237   33.013058712    0.260828869
   -0.698131701    2.094395102  -75.800794003   43.996101482    2.911752911
   -0.523598776    2.094395102  -67.427185052   51.094368650    7.060044920
   -0.349065850    2.094395102  -58.258974400   52.936635220   12.018144422
   -0.174532925    2.094395102  -49.280407380   48.875395867   16.713340195
    0.000000000    2.094395102  -41.518790885   39.100630812   20.012557708
    0.174532925    2.094395102  -35.875629553   24.928354388   20.966834251
    0.349065850    2.094395102  -32.904401596    9.050873744   18.986916146
    0.523598776    2.094395102  -32.578696886   -4.712437709   14.038011139
    0.698131701    2.094395102  -34.177537218  -12.412931134    6.765490358
    0.872664626    2.094395102  -36.397618025  -11.659357308   -1.523887494
    1.047197551    2.094395102  -37.763821117   -2.976817786   -9.211397018
    1.221730476    2.094395102  -37.170130638    9.989395615  -14.895201778
    1.396263402    2.094395102  -34.325949380   21.936230993  -17.908700938
    1.570796327    2.094395102  -29.847011288   28.093678259  -18.499151688
    1.745329252    2.094395102  -24.995074704   26.039181451  -17.614429025
    1.919862177    2.094395102  -21.223295457   15.952652073  -16.436768711
    2.094395102    2.094395102  -19.784222371   -0.280581970  -15.922362415
    2.268928028    2.094395102  -21.522811090  -19.965753129  -16.535995031
    2.443460953    2.094395102  -26.777351679  -40.023270761  -18.220278181
    2.617993878    2.094395102  -35.313415082  -56.963150736  -20.498276548
    2.792526803    2.094395102  -46.269021672  -67.210608263  -22.678713979
    2.967059728    2.094395102  -58.224964730  -68.144254991  -24.101381169

   -3.141592654    2.268928028  -73.656529576  -58.938358193  -22.972735485
   -2.967059728    2.268928028  -82.530606407  -42.013563921  -21.839828518
   -2.792526803    2.268928028  -88.194546930  -23.004300409  -19.861604736
   -2.617993878    2.268928028  -90.736430307   -6.959093561  -17.416192473
   -2.443460953    2.268928028  -90.989530906    2.898470722  -14.803049510
   -2.268928028    2.268928028  -90.122846764    5.984381500  -12.191071675
   -2.094395102    2.268928028  -89.199353701    3.960221679   -9.663209609
   -1.919862177    2.268928028  -88.874319756   -0.360833113   -7.320567906
   -1.745329252    2.268928028  -89.285472019   -4.022820503   -5.307855407
   -1.570796327    2.268928028  -90.089582428   -4.532630983   -3.725285960
   -1.396263402    2.268928028  -90.584196854   -0.309004922   -2.443953795
   -1.221730476    2.268928028  -89.894938096    8.889492183   -1.020719161
   -1.047197551    2.268928028  -87.243052727   21.849159119    1.172192284
   -0.872664626    2.268928028  -82.181604553   36.008873256    4.597323640
   -0.698131701    2.268928028  -74.767845780   48.305887322    9.207751893
   -0.523598776    2.268928028  -65.572088519   56.047628696   14.335034241
   -0.349065850    2.268928028  -55.558859532   57.476109356   18.906730761
   -0.174532925    2.268928028  -45.904169914   51.917966875   21.832773745
    0.000000000    2.268928028  -37.805914508   39.803382399   22.315828595
    0.174532925    2.268928028  -32.281919250   22.810506701   19.981748438
    0.349065850    2.268928028  -29.932212137    4.085214181   14.885605905
    0.523598776    2.268928028  -30.688660609  -12.009151231    7.532530564
    0.698131701    2.268928028  -33.687853475  -20.928071688   -1.104014332
    0.872664626    2.268928028  -37.390791363  -19.873736379   -9.651798924
    1.047197551    2.268928028  -40.052034589   -9.389225704  -16.659937353
    1.221730476    2.268928028  -40.346088751    6.313093051  -21.043310410
    1.396263402    2.268928028  -37.895943717   21.030103401  -22.494801402
    1.570796327    2.268928028  -33.388228630   29.152069504  -21.578138139
    1.745329252    2.268928028  -28.269888075   27.824803909  -19.449274319
    1.919862177    2.268928028  -24.209906016   17.309219752  -17.373516312
    2.094395102    2.268928028  -22.627911560   -0.062554592  -16.286721674
    2.268928028    2.268928028  -24.442352248  -21.024664391  -16.554071711
    2.443460953    2.268928028  -29.970384566  -41.999776285  -17.989783981
    2.617993878    2.268928028  -38.884581264  -59.189795475  -20.013003502
    2.792526803    2.268928028  -50.197694483  -68.966434058  -21.891851155
    2.967059728    2.268928028  -62.376599155  -68.883538939  -22.993698742

   -3.141592654    2.443460953  -77.309985509  -58.194845586  -18.410501851
   -2.967059728    2.443460953  -85.969062601  -40.343570355  -17.098579214
   -2.792526803    2.443460953  -91.283993213  -20.741749604  -15.108133003
   -2.617993878    2.443460953  -93.403575019   -4.433033254  -12.746500532
   -2.443460953    2.443460953  -93.211086834    5.443441295  -10.277718315
   -2.268928028    2.443460953  -91.909917421    8.394892321   -7.919344803
   -2.094395102    2.443460953  -90.585624738    6.121700723   -5.841763536
   -1.919862177    2.443460953  -89.911430741    1.466930781   -4.146402247
   -1.745329252    2.443460953  -90.033386360   -2.528314409   -2.786099208
   -1.570796327    2.443460953  -90.593083459   -3.178100344   -1.498154093
   -1.396263402    2.443460953  -90.832876562    1.338194351    0.198002592
   -1.221730476    2.443460953  -89.789542133   11.384324300    2.846836682
   -1.047197551    2.443460953  -86.596699708   25.583798965    6.798093316
   -0.872664626    2.443460953  -80.777124130   40.897831061   11.927459344
   -0.698131701    2.443460953  -72.454846580   53.667193095   17.534204811
   -0.523598776    2.443460953  -62.361088962   60.775599019   22.484106433
   -0.349065850    2.443460953  -51.662281264   60.431702518   25.585634393
   -0.174532925    2.443460953  -41.709060906   52.286580821   25.966403992
    0.000000000    2.443460953  -33.799469740   37.262081689   23.291482775
    0.174532925    2.443460953  -28.965421664   17.505122716   17.765428297
    0.349065850    2.443460953  -27.745507599   -3.433636511   10.016842647
    0.523598776    2.443460953  -29.942977752  -20.819055272    0.993073313
    0.698131701    2.443460953  -34.503314177  -29.775583333   -8.106819607
    0.872664626    2.443460953  -39.651850326  -27.373117163  -15.971866479
    1.047197551    2.443460953  -43.415914058  -14.381088123  -21.468880150
    1.221730476    2.443460953  -44.319535089    4.339189958  -23.979949382
    1.396263402    2.443460953  -41.969963597   21.733837494  -23.645340678
    1.570796327    2.443460953  -37.178501752   31.499435773  -21.327360963
    1.745329252    2.443460953  -31.603220849   30.509618725  -18.270201792
    1.919862177    2.443460953  -27.129090001   19.227753849  -15.656298453
    2.094395102    2.443460953  -25.326672007    0.504852081  -14.255272469
    2.268928028    2.443460953  -27.163873154  -21.804177981  -14.257252687
    2.443460953    2.443460953  -32.914033580  -43.656581105  -15.348053889
    2.617993878    2.443460953  -42.143319035  -61.016188706  -16.901368774
    2.792526803    2.443460953  -53.739226543  -70.280829163  -18.229270182
    2.967059728    2.443460953  -66.066652030  -69.229605618  -18.809038398

   -3.141592654    2.617993878  -79.901422611  -57.187003836  -10.861113640
   -2.967059728    2.617993878  -88.322606478  -38.664009716   -9.480721492
   -2.792526803    2.617993878  -93.302840731  -18.633970347   -7.685351570
   -2.617993878    2.617993878  -95.033605336   -2.124055559   -5.644602405
   -2.443460953    2.617993878  -94.436142127    7.736754022   -3.517684814
   -2.268928028    2.617993878  -92.751234821   10.463251431   -1.504146394
   -2.094395102    2.617993878  -91.097775129    7.805564637    0.194564968
   -1.919862177    2.617993878  -90.164440292    2.771749902    1.508331049
   -1.745329252    2.617993878  -90.074015961   -1.334300360    2.651159772
   -1.570796327    2.617993878  -90.398108757   -1.574476308    4.141468291
   -1.396263402    2.617993878  -90.277750001    3.945324234    6.626058794
   -1.221730476    2.617993878  -88.661278613   15.370548923   10.538797914
   -1.047197551    2.617993878  -84.656876100   30.826268791   15.800934603
   -0.872664626    2.617993878  -77.861391540   46.674637752   21.694087910
   -0.698131701    2.617993878  -68.566773394   58.814684473   27.028259372
   -0.523598776    2.617993878  -57.721751149   64.044830896   30.494967215
   -0.349065850    2.617993878  -46.688152426   60.884098228   31.093597571
   -0.174532925    2.617993878  -36.933596616   49.546189703   28.383773035
    0.000000000    2.617993878  -29.769390763   31.542795885   22.549887990
    0.174532925    2.617993878  -26.147182873    9.485174630   14.286962849
    0.349065850    2.617993878  -26.457049823  -12.759904483    4.639676546
    0.523598776    2.617993878  -30.309578732  -30.245483983   -5.156612703
    0.698131701    2.617993878  -36.430281421  -38.019018463  -13.797724812
    0.872664626    2.617993878  -42.829069844  -33.301077480  -20.139216874
    1.047197551    2.617993878  -47.371280829  -17.311363636  -23.470405902
    1.221730476    2.617993878  -48.521486099    4.386067964  -23.739420056
    1.396263402    2.617993878  -45.954061507   24.019849701  -21.579608807
    1.570796327    2.617993878  -40.653396222   34.846329548  -18.102891420
    1.745329252    2.617993878  -34.492416443   33.702695891  -14.505744032
    1.919862177    2.617993878  -29.542716387   21.384054328  -11.718714128
    2.094395102    2.617993878  -27.484434208    1.274327527  -10.207938706
    2.268928028    2.617993878  -29.299233817  -22.250508568   -9.934839312
    2.443460953    2.617993878  -35.196408706  -44.788452989  -10.487317860
    2.617993878    2.617993878  -44.635178110  -62.176557634  -11.283074086
    2.792526803    2.617993878  -56.394449436  -70.922136395  -11.784431461
    2.967059728    2.617993878  -68.763948552  -69.055304010  -11.666963692

   -3.141592654    2.792526803  -80.965094817  -55.989398772   -1.094421046
   -2.967059728    2.792526803  -89.150324535  -37.175920049    0.188091560
   -2.792526803    2.792526803  -93.852073895  -16.947433096    1.531201066
   -2.617993878    2.792526803  -95.274731805   -0.295216389    2.966890132
   -2.443460953    2.792526803  -94.353294294    9.590738852    4.506343545
   -2.268928028    2.792526803  -92.356378684   12.148320431    6.040624224
   -2.094395102    2.792526803  -90.435471456    9.173719829    7.407860760
   -1.919862177    2.792526803  -89.286049415    3.924450347    8.604061741
   -1.745329252    2.792526803  -88.982370143    0.056134027    9.961073241
   -1.570796327    2.792526803  -88.994509777    0.721267881   12.097106131
   -1.396263402    2.792526803  -88.352779793    7.673161825   15.599090264
   -1.221730476    2.792526803  -85.954826260   20.544138612   20.587650749
   -1.047197551    2.792526803  -80.966402370   36.764180934   26.479382836
   -0.872664626    2.792526803  -73.154735678   52.154278850   32.066404984
   -0.698131701    2.792526803  -63.043890678   62.466831984   35.923269245
   -0.523598776    2.792526803  -51.803095732   64.793952174   36.876821385
   -0.349065850    2.792526803  -40.932977908   58.233592569   34.365818287
   -0.174532925    2.792526803  -31.930913440   43.649650997   28.495548366
    0.000000000    2.792526803  -26.032684031   23.084801444   19.932357620
    0.174532925    2.792526803  -24.036401865   -0.484729818    9.713874343
    0.349065850    2.792526803  -26.127326957  -22.981298097   -0.887010488
    0.523598776    2.792526803  -31.687743539  -39.372427422  -10.514645728
    0.698131701    2.792526803  -39.215827391  -44.844657230  -17.887426512
    0.872664626    2.792526803  -46.543065505  -37.033538377  -22.117433233
    1.047197551    2.792526803  -51.452341336  -17.823791775  -22.975419314
    1.221730476    2.792526803  -52.450735408    6.500242925  -20.996162164
    1.396263402    2.792526803  -49.364174762   27.657497384  -17.269492887
    1.570796327    2.792526803  -43.385487965   38.798094736  -13.050536097
    1.745329252    2.792526803  -36.581387743   37.006458668   -9.340500387
    1.919862177    2.792526803  -31.153160576   23.525016808   -6.677229530
    2.094395102    2.792526803  -28.828796112    2.214672454   -5.135166413
    2.268928028    2.792526803  -30.562414140  -22.184653724   -4.441741808
    2.443460953    2.792526803  -36.487513613  -45.087972172   -4.154683014
    2.617993878    2.792526803  -45.973492445  -62.348070560   -3.845779432
    2.792526803    2.792526803  -57.726695813  -70.654869448   -3.238327364
    2.967059728    2.792526803  -70.003335820  -68.275328651   -2.282717377

   -3.141592654    2.967059728  -80.225343907  -54.720383233    9.522961486
   -2.967059728    2.967059728  -88.206768625  -36.099133929   10.544947232
   -2.792526803    2.967059728  -92.729752520  -15.951317741   11.218169234
   -2.617993878    2.967059728  -93.972652503    0.785554308   11.810988684
   -2.443460953    2.967059728  -92.850665878   10.797732387   12.540439677
   -2.268928028    2.967059728  -90.639354857   13.373281138   13.440204091
   -2.094395102    2.967059728  -88.510236836   10.337744534   14.449450634
   -1.919862177    2.967059728  -87.151554181    5.219727403   15.657399650
   -1.745329252    2.967059728  -86.573489282    2.011034827   17.457179501
   -1.570796327    2.967059728  -86.140975536    3.949427626   20.413685898
   -1.396263402    2.967059728  -84.801704616   12.424140052   24.862841158
   -1.221730476    2.967059728  -81.469498227   26.361929776   30.488727197
   -1.047197551    2.967059728  -75.454625211   42.477220444   36.233187755
   -0.872664626    2.967059728  -66.764228313   56.267469257   40.590898112
   -0.698131701    2.967059728  -56.171555515   63.699340088   42.173286193
   -0.523598776    2.967059728  -45.020489976   62.488237877   40.180935197
   -0.349065850    2.967059728  -34.861813303   52.452993140   34.605920108
   -0.174532925    2.967059728  -27.127552104   35.051457798   26.077924154
    0.000000000    2.967059728  -22.903627529   12.692018967   15.623517906
    0.174532925    2.967059728  -22.789379203  -11.430688197    4.456862755
    0.349065850    2.967059728  -26.740796660  -33.129002863   -6.092978766
    0.523598776    2.967059728  -33.904293490  -47.383049394  -14.702457303
    0.698131701    2.967059728  -42.565574366  -49.693027175  -20.240089253
    0.872664626    2.967059728  -50.429123491  -38.328380726  -22.150222614
    1.047197551    2.967059728  -55.280595233  -15.997403757  -20.689804724
    1.221730476    2.967059728  -55.766511568   10.341795639  -16.899457225
    1.396263402    2.967059728  -51.933150154   32.166289362  -12.181497146
    1.570796327    2.967059728  -45.193050524   42.880294026   -7.767032413
    1.745329252    2.967059728  -37.760549764   40.085548766   -4.327792029
    1.919862177    2.967059728  -31.890735678   25.535782415   -1.939533217
    2.094395102    2.967059728  -29.289691588    3.440033543   -0.286269093
    2.268928028    2.967059728  -30.847415210  -21.323004216    1.078394448
    2.443460953    2.967059728  -36.624375313  -44.204215610    2.532192207
    2.617993878    2.967059728  -45.936234777  -61.221787373    4.249098969
    2.792526803    2.967059728  -57.470043951  -69.294562873    6.165813442
    2.967059728    2.967059728  -69.500481306  -66.863807357    8.021219791
