#! FIELDS phi psi file.free der_phi der_psi
#! SET min_phi -pi
#! SET max_phi pi
#! SET nbins_phi  36
#! SET periodic_phi true
#! SET min_psi -pi
#! SET max_psi pi
#! SET nbins_psi  36
#! SET periodic_psi true
   -3.141592654   -3.141592654  -60.576065997  -52.758503185   16.698042716
   -2.967059728   -3.141592654  -68.474960146  -36.870297659   17.954379955
   -2.792526803   -3.141592654  -73.253046465  -17.792625660   18.238959627
   -2.617993878   -3.141592654  -74.791123537   -0.532458958   17.990409684
   -2.443460953   -3.141592654  -73.784890978   10.864832717   17.747741958
   -2.268928028   -3.141592654  -71.431564049   14.918406847   17.950607723
   -2.094395102   -3.141592654  -68.920624367   13.145059981   18.906573167
   -1.919862177   -3.141592654  -66.967071318    9.249707356   20.884053742
   -1.745329252   -3.141592654  -65.568869809    7.409156571   24.104573798
   -1.570796327   -3.141592654  -64.084674498   10.536197956   28.539992479
   -1.396263402   -3.141592654  -61.564618603   19.114852393   33.651384190
   -1.221730476   -3.141592654  -57.202315722   31.100342781   38.315108330
   -1.047197551   -3.141592654  -50.713227338   42.813006088   41.148187926
   -0.872664626   -3.141592654  -42.488129082   50.426541494   41.053039977
   -0.698131701   -3.141592654  -33.484003413   51.457419361   37.685313476
   -0.523598776   -3.141592654  -24.925888701   45.422940906   31.526127412
   -0.349065850   -3.141592654  -17.963040709   33.454486220   23.580081851
   -0.174532925   -3.141592654  -13.473432934   17.426812338   14.881529142
    0.000000000   -3.141592654  -11.998481172   -0.790680791    6.199401135
    0.174532925   -3.141592654  -13.749095819  -19.137428833   -1.977336513
    0.349065850   -3.141592654  -18.514191160  -34.798207716   -9.194932988
    0.523598776   -3.141592654  -25.505042584  -43.957402564  -14.860073233
    0.698131701   -3.141592654  -33.252260567  -42.980900484  -18.249739476
    0.872664626   -3.141592654  -39.819991518  -30.537540352  -18.862978923
    1.047197551   -3.141592654  -43.377464782   -9.248419641  -16.766296128
    1.221730476   -3.141592654  -42.896531432   14.518018051  -12.747532298
    1.396263402   -3.141592654  -38.607487001   33.243048123   -8.036158477
    1.570796327   -3.141592654  -31.913133563   41.493612212   -3.804431347
    1.745329252   -3.141592654  -24.827062572   37.834690605   -0.713407887
    1.919862177   -3.141592654  -19.278491908   24.445802040    1.227080785
    2.094395102   -3.141592654  -16.634453497    5.242591262    2.505473157
    2.268928028   -3.141592654  -17.561042054  -15.881755508    3.794316430
    2.443460953   -3.141592654  -22.105144472  -35.736207567    5.644606738
    2.617993878   -3.141592654  -29.802299893  -51.558867948    8.245247045
    2.792526803   -3.141592654  -39.716506719  -60.772423515   11.351535930
    2.967059728   -3.141592654  -50.501845363  -61.335695181   14.379832475

   -3.141592654   -2.967059728  -57.052124202  -50.966763120   23.143493695
   -2.967059728   -2.967059728  -64.749970669  -36.332143920   24.194572265
   -2.792526803   -2.967059728  -69.520302634  -18.151746040   24.032706424
   -2.617993878   -2.967059728  -71.155991230   -1.189490137   23.207924901
   -2.443460953   -2.967059728  -70.247988726   10.479529953   22.362604735
   -2.268928028   -2.967059728  -67.907304825   15.215560654   22.032218590
   -2.094395102   -2.967059728  -65.262127360   14.434565362   22.605571900
   -1.919862177   -2.967059728  -62.977631975   11.787690315   24.382372591
   -1.745329252   -2.967059728  -61.019294275   11.272893825   27.513277397
   -1.570796327   -2.967059728  -58.767832976   15.355202607   31.780591587
   -1.396263402   -2.967059728  -55.390779522   23.907354932   36.397055823
   -1.221730476   -2.967059728  -50.295601864   34.473649048   40.065819047
   -1.047197551   -2.967059728  -43.439931347   43.478800971   41.424807251
   -0.872664626   -2.967059728  -35.386602772   47.771159030   39.615208417
   -0.698131701   -2.967059728  -27.120971166   45.765725011   34.647618855
   -0.523598776   -2.967059728  -19.753825133   37.661651732   27.321422343
   -0.349065850   -2.967059728  -14.242373307   24.764343710   18.797815628
   -0.174532925   -2.967059728  -11.282301869    8.714275190   10.105962627
    0.000000000   -2.967059728  -11.288321016   -8.976431885    1.919840423
    0.174532925   -2.967059728  -14.393911952  -26.405991076   -5.358639467
    0.349065850   -2.967059728  -20.314005661  -40.670211840  -11.331295593
    0.523598776   -2.967059728  -28.161338875  -47.778809055  -15.465285731
    0.698131701   -2.967059728  -36.352968291  -44.176182099  -17.192684307
    0.872664626   -2.967059728  -42.887779679  -28.985362444  -16.272517778
    1.047197551   -2.967059728  -45.973406106   -5.536589942  -13.069581068
    1.221730476   -2.967059728  -44.738513033   19.239883564   -8.566279845
    1.396263402   -2.967059728  -39.629923944   37.730758194   -3.980643189
    1.570796327   -2.967059728  -32.237445119   44.923655967   -0.259450095
    1.745329252   -2.967059728  -24.661359392   40.050600541    2.267327960
    1.919862177   -2.967059728  -18.804582730   25.866801877    3.892122359
    2.094395102   -2.967059728  -15.931235798    6.566993170    5.276164615
    2.268928028   -2.967059728  -16.587061382  -14.019566023    7.099643810
    2.443460953   -2.967059728  -20.733118807  -33.027643406    9.781757647
    2.617993878   -2.967059728  -27.890820457  -48.152984477   13.299850023
    2.792526803   -2.967059728  -37.187834773  -57.232449579   17.187890172
    2.967059728   -2.967059728  -47.396378093  -58.396550777   20.701796428

   -3.141592654   -2.792526803  -52.682236809  -49.217032156   26.350461110
   -2.967059728   -2.792526803  -60.203037987  -36.017969227   27.358107322
   -2.792526803   -2.792526803  -65.016604802  -18.862814164   27.080886738
   -2.617993878   -2.792526803  -66.819317486   -2.282523021   26.053852684
   -2.443460953   -2.792526803  -66.089357770    9.625630749   24.909168263
   -2.268928028   -2.792526803  -63.841075074   15.079275096   24.207828099
   -2.094395102   -2.792526803  -61.129945470   15.380298507   24.388320914
   -1.919862177   -2.792526803  -58.567115881   14.055280994   25.766885299
   -1.745329252   -2.792526803  -56.097778599   14.815883889   28.426722778
   -1.570796327   -2.792526803  -53.153690299   19.606802310   32.012230763
   -1.396263402   -2.792526803  -49.052615535   27.730154232   35.613435890
   -1.221730476   -2.792526803  -43.430372142   36.477975843   37.941521794
   -1.047197551   -2.792526803  -36.468334970   42.580320773   37.818349384
   -0.872664626   -2.792526803  -28.853326707   43.681512322   34.685628517
   -0.698131701   -2.792526803  -21.542884363   39.067248550   28.832776977
   -0.523598776   -2.792526803  -15.493002983   29.469342676   21.202876468
   -0.349065850   -2.792526803  -11.458267978   16.203019283   12.928359261
   -0.174532925   -2.792526803   -9.964226663    0.580363919    4.914973000
    0.000000000   -2.792526803  -11.318848339  -16.235751667   -2.289038647
    0.174532925   -2.792526803  -15.591669091  -32.458129566   -8.348061269
    0.349065850   -2.792526803  -22.432401971  -45.082740227  -12.912306609
    0.523598776   -2.792526803  -30.868571998  -50.024459464  -15.544406118
    0.698131701   -2.792526803  -39.235994143  -43.914192164  -15.888840447
    0.872664626   -2.792526803  -45.515174388  -26.383910966  -13.973734639
    1.047197551   -2.792526803  -47.997354743   -1.386059888  -10.374428145
    1.221730476   -2.792526803  -45.986582142   23.790467486   -6.088482141
    1.396263402   -2.792526803  -40.126819450   41.655145780   -2.128782339
    1.570796327   -2.792526803  -32.144843184   47.727503912    0.893834326
    1.745329252   -2.792526803  -24.170928738   41.875257766    2.955837158
    1.919862177   -2.792526803  -18.040565099   27.294547713    4.511241689
    2.094395102   -2.792526803  -14.900894300    8.295909579    6.209187112
    2.268928028   -2.792526803  -15.189110657  -11.480886982    8.592493094
    2.443460953   -2.792526803  -18.808795828  -29.557726749   11.896329011
    2.617993878   -2.792526803  -25.299964421  -44.080748746   15.943588409
    2.792526803   -2.792526803  -33.881236962  -53.242206380   20.182713215
    2.967059728   -2.792526803  -43.457019893  -55.265342175   23.869046409

   -3.141592654   -2.617993878  -48.031208194  -47.401966412   26.459785175
   -2.967059728   -2.617993878  -55.361004025  -35.615939804   27.676200607
   -2.792526803   -2.617993878  -60.204541855  -19.524230837   27.662087131
   -2.617993878   -2.617993878  -62.174659219   -3.440100949   26.824802531
   -2.443460953   -2.617993878  -61.646796553    8.560328301   25.698291773
   -2.268928028   -2.617993878  -59.539076999   14.609575687   24.816992034
   -2.094395102   -2.617993878  -56.828215493   15.902766356   24.639481721
   -1.919862177   -2.617993878  -54.070055445   15.783981741   25.479081103
   -1.745329252   -2.617993878  -51.200709897   17.607609073   27.357609963
   -1.570796327   -2.617993878  -47.721385452   22.795655291   29.846300287
   -1.396263402   -2.617993878  -43.109552042   30.188378835   32.047405144
   -1.221730476   -2.617993878  -37.213082703   36.992409233   32.844752568
   -1.047197551   -2.617993878  -30.394199075   40.365336897   31.358727104
   -0.872664626   -2.617993878  -23.410485925   38.735041763   27.332415003
   -0.698131701   -2.617993878  -17.152774776   32.119084846   21.219975607
   -0.523598776   -2.617993878  -12.412165723   21.600298987   13.942048876
   -0.349065850   -2.617993878   -9.758147417    8.392042909    6.469582162
   -0.174532925   -2.617993878   -9.573388192   -6.529275754   -0.470922928
    0.000000000   -2.617993878  -12.080704530  -22.281626648   -6.448428685
    0.174532925   -2.617993878  -17.295297431  -37.148948504  -11.172934362
    0.349065850   -2.617993878  -24.810851406  -48.056627706  -14.355124287
    0.523598776   -2.617993878  -33.590152401  -50.934417049  -15.697353803
    0.698131701   -2.617993878  -41.927936718  -42.678212283  -15.086297390
    0.872664626   -2.617993878  -47.830445035  -23.397836041  -12.778554502
    1.047197551   -2.617993878  -49.698425599    2.513300016   -9.431057062
    1.221730476   -2.617993878  -46.998478267   27.644622337   -5.883642669
    1.396263402   -2.617993878  -40.522977449   44.785323400   -2.808376336
    1.570796327   -2.617993878  -32.073355065   49.974245359   -0.452075626
    1.745329252   -2.617993878  -23.763483887   43.559857474    1.378543700
    1.919862177   -2.617993878  -17.347431459   28.982327943    3.137013989
    2.094395102   -2.617993878  -13.872224848   10.524130359    5.299620751
    2.268928028   -2.617993878  -13.699598642   -8.406201161    8.178279159
    2.443460953   -2.617993878  -16.708210759  -25.671481584   11.827836926
    2.617993878   -2.617993878  -22.475546235  -39.771317874   16.012481476
    2.792526803   -2.617993878  -30.313190958  -49.155093926   20.240100364
    2.967059728   -2.617993878  -39.245323971  -52.088459482   23.901034805

   -3.141592654   -2.443460953  -43.583914154  -45.373226297   24.123835359
   -2.967059728   -2.443460953  -50.669411310  -34.837478676   25.706382538
   -2.792526803   -2.443460953  -55.473559673  -19.798026453   26.180197445
   -2.617993878   -2.443460953  -57.554126489   -4.354458361   25.766012933
   -2.443460953   -2.443460953  -57.205258554    7.509900278   24.859239179
   -2.268928028   -2.443460953  -55.256234560   13.919668396   23.940078801
   -2.094395102   -2.443460953  -52.603920419   15.975576139   23.459035174
   -1.919862177   -2.443460953  -49.751497392   16.793204784   23.700079606
   -1.745329252   -2.443460953  -46.636536953   19.341223276   24.623040224
   -1.570796327   -2.443460953  -42.837441706   24.584029062   25.778840251
   -1.396263402   -2.443460953  -37.979292217   31.057064712   26.387858677
   -1.221730476   -2.443460953  -32.080985820   36.031781486   25.620748637
   -1.047197551   -2.443460953  -25.627545576   37.127152928   22.955887454
   -0.872664626   -2.443460953  -19.397308878   33.429655071   18.406276191
   -0.698131701   -2.443460953  -14.195209751   25.482251133   12.487930767
   -0.523598776   -2.443460953  -10.662504492   14.546610178    5.983337067
   -0.349065850   -2.443460953   -9.218690126    1.688287369   -0.366276075
   -0.174532925   -2.443460953  -10.136204161  -12.392259701   -6.024005052
    0.000000000   -2.443460953  -13.571459276  -27.003733588  -10.658063127
    0.174532925   -2.443460953  -19.492848848  -40.483723622  -14.024904368
    0.349065850   -2.443460953  -27.451195642  -49.753107492  -15.930142225
    0.523598776   -2.443460953  -36.372726640  -50.863743095  -16.259140717
    0.698131701   -2.443460953  -44.553375184  -40.997025675  -15.135357873
    0.872664626   -2.443460953  -50.058313249  -20.622920151  -12.961551510
    1.047197551   -2.443460953  -51.399574901    5.658226029  -10.332544845
    1.221730476   -2.443460953  -48.166421693   30.529362925   -7.795750748
    1.396263402   -2.443460953  -41.234056474   47.123634853   -5.624517046
    1.570796327   -2.443460953  -32.418317922   51.875319305   -3.749446664
    1.745329252   -2.443460953  -23.789299117   45.382746660   -1.882810651
    1.919862177   -2.443460953  -17.032331247   31.123299278    0.290520010
    2.094395102   -2.443460953  -13.134028645   13.258581481    2.976198472
    2.268928028   -2.443460953  -12.424229255   -4.991854077    6.227971505
    2.443460953   -2.443460953  -14.784756437  -21.701782409    9.962870196
    2.617993878   -2.443460953  -19.832493897  -35.574121791   13.977132972
    2.792526803   -2.443460953  -26.951737244  -45.211484911   17.941052180
    2.967059728   -2.443460953  -35.255351293  -48.915732006   21.454812376

   -3.141592654   -2.268928028  -39.707475968  -43.124687332   20.005964333
   -2.967059728   -2.268928028  -46.488245152  -33.611399805   21.873016397
   -2.792526803   -2.268928028  -51.167555848  -19.575143593   22.796773628
   -2.617993878   -2.268928028  -53.280693906   -4.897808490   22.820877723
   -2.443460953   -2.268928028  -53.065026238    6.603176677   22.202461905
   -2.268928028   -2.268928028  -51.272168905   13.111798726   21.346804326
   -2.094395102   -2.268928028  -48.723806764   15.638159671   20.656318661
   -1.919862177   -2.268928028  -45.878759945   17.035552984   20.347902200
   -1.745329252   -2.268928028  -42.687602782   19.898739160   20.310634685
   -1.570796327   -2.268928028  -38.806329106   24.850675008   20.108284702
   -1.396263402   -2.268928028  -33.980939060   30.303695819   19.141352084
   -1.221730476   -2.268928028  -28.345739518   33.719040592   16.920781679
   -1.047197551   -2.268928028  -22.444455035   33.143677820   13.294558641
   -0.872664626   -2.268928028  -17.032429412   28.131084773    8.508328661
   -0.698131701   -2.268928028  -12.823985756   19.518882670    3.079860195
   -0.523598776   -2.268928028  -10.339971087    8.602335634   -2.395076590
   -0.349065850   -2.268928028   -9.891924346   -3.698703085   -7.419060369
   -0.174532925   -2.268928028  -11.674588929  -16.870701070  -11.638164420
    0.000000000   -2.268928028  -15.794853739  -30.334969309  -14.820883534
    0.174532925   -2.268928028  -22.184617342  -42.497700781  -16.802348002
    0.349065850   -2.268928028  -30.372366235  -50.358242089  -17.530760061
    0.523598776   -2.268928028  -39.282387564  -50.162667822  -17.101731097
    0.698131701   -2.268928028  -47.250080391  -39.326282545  -15.834366330
    0.872664626   -2.268928028  -52.416154860  -18.491882301  -14.172673952
    1.047197551   -2.268928028  -53.381524772    7.774436260  -12.520735137
    1.221730476   -2.268928028  -49.799353863   32.399888340  -11.054594828
    1.396263402   -2.268928028  -42.558246511   48.825089320   -9.660809584
    1.570796327   -2.268928028  -33.440898611   53.678460868   -8.045952157
    1.745329252   -2.268928028  -24.467568061   47.557682050   -5.943858501
    1.919862177   -2.268928028  -17.287228899   33.805211528   -3.262324485
    2.094395102   -2.268928028  -12.876597718   16.431091406   -0.093127862
    2.268928028   -2.268928028  -11.577103467   -1.434143667    3.383696151
    2.443460953   -2.268928028  -13.293360509  -17.907627011    6.996992989
    2.617993878   -2.268928028  -17.671054300  -31.736514205   10.624196745
    2.792526803   -2.268928028  -24.134863913  -41.589478647   14.132656748
    2.967059728   -2.268928028  -31.847956896  -45.830027787   17.344238223

   -3.141592654   -2.094395102  -36.674118928  -40.877480777   14.489112530
   -2.967059728   -2.094395102  -43.126326822  -32.128728078   16.309973493
   -2.792526803   -2.094395102  -47.623051019  -18.974965819   17.420661141
   -2.617993878   -2.094395102  -49.703326767   -5.091402263   17.746845928
   -2.443460953   -2.094395102  -49.570477250    5.909626562   17.422726499
   -2.268928028   -2.094395102  -47.914057697   12.304895347   16.744881633
   -2.094395102   -2.094395102  -45.493796233   15.007626820   16.007139371
   -1.919862177   -2.094395102  -42.739935795   16.596132423   15.309687857
   -1.745329252   -2.094395102  -39.629607700   19.340965104   14.455831738
   -1.570796327   -2.094395102  -35.892606122   23.669680154   13.037951661
   -1.396263402   -2.094395102  -31.361995779   28.054084641   10.660089667
   -1.221730476   -2.094395102  -26.227128781   30.244675820    7.179813743
   -1.047197551   -2.094395102  -21.027069009   28.649867559    2.799940356
   -0.872664626   -2.094395102  -16.455705558   23.083230853   -2.021654228
   -0.698131701   -2.094395102  -13.137612599   14.455473427   -6.770333487
   -0.523598776   -2.094395102  -11.505396977    3.973219710  -11.024229063
   -0.349065850   -2.094395102  -11.803973251   -7.576645357  -14.513173505
   -0.174532925   -2.094395102  -14.182547824  -19.792143531  -17.072658258
    0.000000000   -2.094395102  -18.719023427  -32.160959293  -18.613430656
    0.174532925   -2.094395102  -25.327964054  -43.190903627  -19.116561956
    0.349065850   -2.094395102  -33.544864038  -50.026487609  -18.723318034
    0.523598776   -2.094395102  -42.329152917  -49.118743759  -17.738568996
    0.698131701   -2.094395102  -50.083764000  -37.997818601  -16.601903893
    0.872664626   -2.094395102  -55.022310702  -17.256076519  -15.684801061
    1.047197551   -2.094395102  -55.792323983    8.781875203  -15.103009068
    1.221730476   -2.094395102  -52.043257684   33.353506862  -14.637395902
    1.396263402   -2.094395102  -44.614280837   50.086583121  -13.847576569
    1.570796327   -2.094395102  -35.224911607   55.568962902  -12.320730321
    1.745329252   -2.094395102  -25.857306943   50.174219202   -9.898702156
    1.919862177   -2.094395102  -18.166183364   36.996016387   -6.741129496
    2.094395102   -2.094395102  -13.168563240   19.913981421   -3.211386525
    2.268928028   -2.094395102  -11.254215558    2.088691739    0.324910461
    2.443460953   -2.094395102  -12.362731326  -14.481738324    3.641481567
    2.617993878   -2.094395102  -16.153863882  -28.453046585    6.696018523
    2.792526803   -2.094395102  -22.059700651  -38.491808439    9.529578293
    2.967059728   -2.094395102  -29.256885006  -43.048826825   12.161936664

   -3.141592654   -1.919862177  -34.700712912  -39.037251816    7.927747749
   -2.967059728   -1.919862177  -40.868741127  -30.750033684    9.293285380
   -2.792526803   -1.919862177  -45.177890776  -18.229026355   10.284203762
   -2.617993878   -1.919862177  -47.185663309   -4.997185508   10.771121975
   -2.443460953   -1.919862177  -47.082335416    5.516635048   10.766325319
   -2.268928028   -1.919862177  -45.518841134   11.671948834   10.404855932
   -2.094395102   -1.919862177  -43.218113396   14.277149047    9.802757165
   -1.919862177   -1.919862177  -40.606418613   15.655994953    8.899249143
   -1.745329252   -1.919862177  -37.703184382   17.841780123    7.407192730
   -1.570796327   -1.919862177  -34.305781451   21.226310920    4.963515550
   -1.396263402   -1.919862177  -30.298209070   24.508600717    1.381488841
   -1.221730476   -1.919862177  -25.865796927   25.806523555   -3.153963660
   -1.047197551   -1.919862177  -21.483266926   23.820577478   -8.112904921
   -0.872664626   -1.919862177  -17.746564801   18.440091960  -12.830711689
   -0.698131701   -1.919862177  -15.188447193   10.453557862  -16.762783452
   -0.523598776   -1.919862177  -14.179527853    0.863536236  -19.611519186
   -0.349065850   -1.919862177  -14.935372435   -9.692357715  -21.307416539
   -0.174532925   -1.919862177  -17.594866736  -20.896196125  -21.904248577
    0.000000000   -1.919862177  -22.238242274  -32.292656754  -21.533978079
    0.174532925   -1.919862177  -28.795873251  -42.516611362  -20.412635709
    0.349065850   -1.919862177  -36.847820619  -48.873206621  -18.915118894
    0.523598776   -1.919862177  -45.422789871  -47.951701718  -17.522121549
    0.698131701   -1.919862177  -53.003871345  -37.226856686  -16.694347937
    0.872664626   -1.919862177  -57.855347955  -17.020251485  -16.623548603
    1.047197551   -1.919862177  -58.615502338    8.728309982  -17.081380361
    1.221730476   -1.919862177  -54.862702417   33.546501810  -17.479403532
    1.396263402   -1.919862177  -47.337009713   51.073986409  -17.137883481
    1.570796327   -1.919862177  -37.682489721   57.629346958  -15.619650253
    1.745329252   -1.919862177  -27.866811722   53.193469864  -12.922635220
    1.919862177   -1.919862177  -19.593490735   40.559211829   -9.441887883
    2.094395102   -1.919862177  -13.962574986   23.528575186   -5.755543747
    2.268928028   -1.919862177  -11.439871598    5.397211134   -2.361335764
    2.443460953   -1.919862177  -12.008085689  -11.602408175    0.474030147
    2.617993878   -1.919862177  -15.329570982  -25.934939036    2.757094150
    2.792526803   -1.919862177  -20.817698793  -36.203197396    4.653911435
    2.967059728   -1.919862177  -27.630646665  -40.939159820    6.354159728

   -3.141592654   -1.745329252  -33.920813929  -37.978711585    0.972434752
   -2.967059728   -1.745329252  -39.909768431  -29.782749106    1.635918256
   -2.792526803   -1.745329252  -44.068953611  -17.509109207    2.353399668
   -2.617993878   -1.745329252  -45.981138866   -4.634593135    2.963374647
   -2.443460953   -1.745329252  -45.846615597    5.518986859    3.332276925
   -2.268928028   -1.745329252  -44.310712236   11.357607919    3.381742560
   -2.094395102   -1.745329252  -42.095167324   13.592523294    3.006118540
   -1.919862177   -1.745329252  -39.651973731   14.353543926    1.974773717
   -1.745329252   -1.745329252  -37.057054416   15.553812791   -0.064431656
   -1.570796327   -1.745329252  -34.165221154   17.705168976   -3.399689818
   -1.396263402   -1.745329252  -30.874655010   19.871232535   -8.006415418
   -1.221730476   -1.745329252  -27.312187605   20.591324270  -13.405818870
   -1.047197551   -1.745329252  -23.834425970   18.800268638  -18.782636807
   -0.872664626   -1.745329252  -20.903947957   14.320937438  -23.276241947
   -0.698131701   -1.745329252  -18.953083105    7.659193225  -26.275688912
   -0.523598776   -1.745329252  -18.307272252   -0.505554690  -27.553488492
   -0.349065850   -1.745329252  -19.185581156   -9.752714237  -27.217074653
   -0.174532925   -1.745329252  -21.758024914  -19.883941011  -25.577042904
    0.000000000   -1.745329252  -26.153345803  -30.521756692  -23.071239189
    0.174532925   -1.745329252  -32.365996767  -40.421957846  -20.229042916
    0.349065850   -1.745329252  -40.063107804  -46.991668796  -17.672852886
    0.523598776   -1.745329252  -48.368262136  -46.814668743  -15.996485290
    0.698131701   -1.745329252  -55.839089548  -37.114732205  -15.575613756
    0.872664626   -1.745329252  -60.751398276  -17.762619490  -16.338328786
    1.047197551   -1.745329252  -61.672721587    7.749578619  -17.703472062
    1.221730476   -1.745329252  -58.051280612   33.147816006  -18.780979953
    1.396263402   -1.745329252  -50.495095219   51.888319671  -18.754314342
    1.570796327   -1.745329252  -40.575681762   59.829029138  -17.240709729
    1.745329252   -1.745329252  -30.275291763   56.455651950  -14.410448703
    1.919862177   -1.745329252  -21.383719766   44.261332892  -10.849291749
    2.094395102   -1.745329252  -15.115382501   27.035074719   -7.278358845
    2.268928028   -1.745329252  -12.030362431    8.281112389   -4.271851800
    2.443460953   -1.745329252  -12.160451491   -9.463136157   -2.123139428
    2.617993878   -1.745329252  -15.164778585  -24.404574304   -0.804827731
    2.792526803   -1.745329252  -20.419939980  -35.015441619   -0.065663654
    2.967059728   -1.745329252  -27.037590234  -39.861034691    0.437117357

   -3.141592654   -1.570796327  -34.311233779  -37.818580253   -5.286295072
   -2.967059728   -1.570796327  -40.242776256  -29.296766358   -5.265446133
   -2.792526803   -1.570796327  -44.296931949  -16.829195015   -4.760717036
   -2.617993878   -1.570796327  -46.089321026   -3.981110529   -3.995150174
   -2.443460953   -1.570796327  -45.858370591    5.939951263   -3.276064022
   -2.268928028   -1.570796327  -44.282733682   11.359102215   -2.904357808
   -2.094395102   -1.570796327  -42.120725992   12.929288135   -3.184204394
   -1.919862177   -1.570796327  -39.875936455   12.680556036   -4.462709185
   -1.745329252   -1.570796327  -37.686937476   12.533479885   -7.092024741
   -1.570796327   -1.570796327  -35.449212294   13.249514934  -11.241544998
   -1.396263402   -1.570796327  -33.038563237   14.347325324  -16.680028087
   -1.221730476   -1.570796327  -30.476451493   14.808993672  -22.688379897
   -1.047197551   -1.570796327  -27.957273419   13.757184007  -28.236779958
   -0.872664626   -1.570796327  -25.779289091   10.851665663  -32.314313354
   -0.698131701   -1.570796327  -24.261951329    6.195308981  -34.243971268
   -0.523598776   -1.570796327  -23.694731579    0.025467891  -33.842036886
   -0.349065850   -1.570796327  -24.329627437   -7.567218975  -31.379260306
   -0.174532925   -1.570796327  -26.414996789  -16.590896580  -27.445596766
    0.000000000   -1.570796327  -30.186206688  -26.780869940  -22.827247588
    0.174532925   -1.570796327  -35.759535727  -36.964404027  -18.387516113
    0.349065850   -1.570796327  -42.930070528  -44.519017773  -14.958268575
    0.523598776   -1.570796327  -50.928559873  -45.824256928  -13.155854797
    0.698131701   -1.570796327  -58.363795210  -37.663426300  -13.175733445
    0.872664626   -1.570796327  -63.472695840  -19.344913126  -14.639982300
    1.047197551   -1.570796327  -64.693623914    6.065950516  -16.660383847
    1.221730476   -1.570796327  -61.300887199   32.350716062  -18.154401961
    1.396263402   -1.570796327  -53.756498516   52.597893596  -18.285651397
    1.570796327   -1.570796327  -43.574828449   62.071980677  -16.793043624
    1.745329252   -1.570796327  -32.782539925   59.729384347  -14.014210532
    1.919862177   -1.570796327  -23.283751449   47.808294462  -10.663418762
    2.094395102   -1.570796327  -16.425113455   30.151106960   -7.521341506
    2.268928028   -1.570796327  -12.868749575   10.512542775   -5.171639702
    2.443460953   -1.570796327  -12.697632809   -8.236717874   -3.900048408
    2.617993878   -1.570796327  -15.564467947  -24.006094930   -3.657422433
    2.792526803   -1.570796327  -20.795956297  -35.068852922   -4.123569957
    2.967059728   -1.570796327  -27.431761040  -39.953233118   -4.818709671

   -3.141592654   -1.396263402  -35.632614190  -38.339480744   -9.493056276
   -2.967059728   -1.396263402  -41.593620876  -29.120892193   -9.794408331
   -2.792526803   -1.396263402  -45.565885177  -16.117533890   -9.338632569
   -2.617993878   -1.396263402  -47.212934800   -3.094742632   -8.458032990
   -2.443460953   -1.396263402  -46.841558716    6.598999425   -7.622319215
   -2.268928028   -1.396263402  -45.197867037   11.421048886   -7.287220933
   -2.094395102   -1.396263402  -43.103318336   12.034975792   -7.851234773
   -1.919862177   -1.396263402  -41.124298640   10.473957906   -9.667381484
   -1.745329252   -1.396263402  -39.454339204    8.773862677  -12.999361170
   -1.570796327   -1.396263402  -38.005089815    8.026555417  -17.857572961
   -1.396263402   -1.396263402  -36.595592316    8.236002435  -23.827202242
   -1.221730476   -1.396263402  -35.106661367    8.805397959  -30.029115094
   -1.047197551   -1.396263402  -33.541942786    8.997596460  -35.326237549
   -0.872664626   -1.396263402  -32.016867602    8.246978893  -38.654187987
   -0.698131701   -1.396263402  -30.730926144    6.174371288  -39.331853703
   -0.523598776   -1.396263402  -29.946515875    2.474957337  -37.242787229
   -0.349065850   -1.396263402  -29.976940330   -3.210735601  -32.821691239
   -0.174532925   -1.396263402  -31.197017557  -11.193269038  -26.922398513
    0.000000000   -1.396263402  -34.007496924  -21.341468121  -20.639713837
    0.174532925   -1.396263402  -38.699727867  -32.461698716  -15.095048502
    0.349065850   -1.396263402  -45.224804951  -41.724716303  -11.219969295
    0.523598776   -1.396263402  -52.914703394  -45.097240558   -9.537449641
    0.698131701   -1.396263402  -60.391263928  -38.778692353   -9.992686676
    0.872664626   -1.396263402  -65.799321486  -21.493579364  -11.914934531
    1.047197551   -1.396263402  -67.402714004    4.018662408  -14.212973626
    1.221730476   -1.396263402  -64.280810747   31.425037364  -15.761351063
    1.396263402   -1.396263402  -56.757496774   53.300472733  -15.834481268
    1.570796327   -1.396263402  -46.316553677   64.259377420  -14.351251489
    1.745329252   -1.396263402  -35.056605523   62.766156518  -11.794452054
    1.919862177   -1.396263402  -25.011956422   50.888423504   -8.929472260
    2.094395102   -1.396263402  -17.663601061   32.588767169   -6.500263978
    2.268928028   -1.396263402  -13.770258319   11.890907379   -5.016656643
    2.443460953   -1.396263402  -13.459848274   -8.006048767   -4.697174742
    2.617993878   -1.396263402  -16.372684642  -24.702738536   -5.442664226
    2.792526803   -1.396263402  -21.774123440  -36.225818862   -6.870879882
    2.967059728   -1.396263402  -28.611186202  -41.012865953   -8.409176088

   -3.141592654   -1.221730476  -37.432471174  -39.104641187  -10.634942413
   -2.967059728   -1.221730476  -43.448907688  -29.010176569  -10.931492312
   -2.792526803   -1.221730476  -47.341863176  -15.388146361  -10.494853627
   -2.617993878   -1.221730476  -48.842857964   -2.237359504   -9.765380727
   -2.443460953   -1.221730476  -48.348735326    7.069678388   -9.284153011
   -2.268928028   -1.221730476  -46.688512373   11.077259068   -9.518481764
   -2.094395102   -1.221730476  -44.750673997   10.532304374  -10.814115591
   -1.919862177   -1.221730476  -43.155216417    7.546706270  -13.416996905
   -1.745329252   -1.221730476  -42.129135055    4.332085053  -17.440886636
   -1.570796327   -1.221730476  -41.571409877    2.332017187  -22.732468668
   -1.396263402   -1.221730476  -41.216188150    2.006890418  -28.742962766
   -1.221730476   -1.221730476  -40.783894195    3.115992242  -34.529138914
   -1.047197551   -1.221730476  -40.079415438    5.000035021  -38.971336433
   -0.872664626   -1.221730476  -39.037203390    6.820801702  -41.084551261
   -0.698131701   -1.221730476  -37.745753774    7.673783071  -40.302469964
   -0.523598776   -1.221730476  -36.458128660    6.652907416  -36.651723807
   -0.349065850   -1.221730476  -35.578774504    2.874042271  -30.745749525
   -0.174532925   -1.221730476  -35.650384368   -4.322753765  -23.640414340
    0.000000000   -1.221730476  -37.282550899  -14.913575567  -16.604372444
    0.174532925   -1.221730476  -40.972386749  -27.559274378  -10.836677338
    0.349065850   -1.221730476  -46.829569590  -39.046495976   -7.189082930
    0.523598776   -1.221730476  -54.259708281  -44.768779185   -5.961139070
    0.698131701   -1.221730476  -61.850397314  -40.285495709   -6.812583807
    0.872664626   -1.221730476  -67.608806052  -23.817095917   -8.852181120
    1.047197551   -1.221730476  -69.601869878    2.054893692  -10.942220192
    1.221730476   -1.221730476  -66.722103322   30.712130009  -12.096514289
    1.396263402   -1.221730476  -59.186648794   54.133792659  -11.838513703
    1.570796327   -1.221730476  -48.484354057   66.318143458  -10.313493372
    1.745329252   -1.221730476  -36.807744186   65.348037030   -8.107431673
    1.919862177   -1.221730476  -26.322116177   53.239398709   -5.941218042
    2.094395102   -1.221730476  -18.626999159   34.139739721   -4.412992151
    2.268928028   -1.221730476  -14.556737546   12.341331838   -3.865881795
    2.443460953   -1.221730476  -14.266560111   -8.663512148   -4.384560860
    2.617993878   -1.221730476  -17.373062384  -26.194569202   -5.793123726
    2.792526803   -1.221730476  -23.071499132  -38.035501694   -7.677245121
    2.967059728   -1.221730476  -30.207576156  -42.532456594   -9.466983531

   -3.141592654   -1.047197551  -39.144703287  -39.737098319   -8.561855434
   -2.967059728   -1.047197551  -45.203527058  -28.904093734   -8.772469477
   -2.792526803   -1.047197551  -49.038253729  -14.905247401   -8.610917253
   -2.617993878   -1.047197551  -50.460388251   -1.900357466   -8.529633599
   -2.443460953   -1.047197551  -49.955401559    6.791885166   -8.971717346
   -2.268928028   -1.047197551  -48.422114792    9.858085987  -10.243684817
   -2.094395102   -1.047197551  -46.795438704    8.158093937  -12.519108397
   -1.919862177   -1.047197551  -45.724706770    3.898907963  -15.888974770
   -1.745329252   -1.047197551  -45.443838540   -0.525940962  -20.327874900
   -1.570796327   -1.047197551  -45.813822773   -3.343625321  -25.565240979
   -1.396263402   -1.047197551  -46.466108338   -3.701441702  -30.983803823
   -1.221730476   -1.047197551  -46.957190496   -1.578914042  -35.659440437
   -1.047197551   -1.047197551  -46.906020082    2.354770365  -38.595515805
   -0.872664626   -1.047197551  -46.091808754    6.932114478  -39.018182024
   -0.698131701   -1.047197551  -44.524607848   10.701380780  -36.618434648
   -0.523598776   -1.047197551  -42.482189965   12.153748995  -31.670895177
   -0.349065850   -1.047197551  -40.493033372    9.900129491  -24.985920603
   -0.174532925   -1.047197551  -39.294547283    2.986346951  -17.719706439
    0.000000000   -1.047197551  -39.718212642   -8.572145567  -11.108880623
    0.174532925   -1.047197551  -42.459226654  -23.151978655   -6.180710532
    0.349065850   -1.047197551  -47.753505565  -37.027753115   -3.495205983
    0.523598776   -1.047197551  -55.030976617  -44.960918948   -3.015783807
    0.698131701   -1.047197551  -62.795832709  -41.933217026   -4.133714640
    0.872664626   -1.047197551  -68.889885910  -25.840465165   -5.870543776
    1.047197551   -1.047197551  -71.191585823    0.678931908   -7.236892089
    1.221730476   -1.047197551  -68.447400473   30.577980388   -7.574861720
    1.396263402   -1.047197551  -60.821665251   55.243359399   -6.771475267
    1.570796327   -1.047197551  -49.849186225   68.191691413   -5.206117678
    1.745329252   -1.047197551  -37.828237198   67.306196866   -3.489654532
    1.919862177   -1.047197551  -27.037543319   54.694014212   -2.181540969
    2.094395102   -1.047197551  -19.160107205   34.739431273   -1.623783264
    2.268928028   -1.047197551  -15.069640006   11.975882368   -1.914655372
    2.443460953   -1.047197551  -14.921286765   -9.884809889   -2.966140796
    2.617993878   -1.047197551  -18.294755899  -27.962844285   -4.537406764
    2.792526803   -1.047197551  -24.315585078  -39.872892278   -6.259635420
    2.967059728   -1.047197551  -31.740589410  -43.929757254   -7.708299600

   -3.141592654   -0.872664626  -40.273357684  -40.159433257   -4.141169722
   -2.967059728   -0.872664626  -46.377630008  -29.057510463   -4.517151909
   -2.792526803   -0.872664626  -50.242792391  -15.164234908   -5.115212321
   -2.617993878   -0.872664626  -51.748005295   -2.642482830   -6.226575442
   -2.443460953   -0.872664626  -51.433408454    5.326849388   -8.006327695
   -2.268928028   -0.872664626  -50.227138843    7.566616004  -10.470233425
   -2.094395102   -0.872664626  -49.076099736    4.993688000  -13.585946045
   -1.919862177   -0.872664626  -48.634784192   -0.141982564  -17.337342576
   -1.745329252   -0.872664626  -49.126535157   -5.292157005  -21.647691147
   -1.570796327   -0.872664626  -50.361137588   -8.381652171  -26.216034626
   -1.396263402   -0.872664626  -51.861249186   -8.225008054  -30.421519719
   -1.221730476   -0.872664626  -53.027789056   -4.641750378  -33.409757948
   -1.047197551   -0.872664626  -53.321226970    1.573433745  -34.366301625
   -0.872664626   -0.872664626  -52.411026474    8.838795207  -32.817437959
   -0.698131701   -0.872664626  -50.284231103   15.137594562  -28.822683575
   -0.523598776   -0.872664626  -47.294571519   18.416951823  -22.988467903
   -0.349065850   -0.872664626  -44.129108644   16.917319846  -16.319112952
   -0.174532925   -0.872664626  -41.726796618    9.568766858   -9.947599941
    0.000000000   -0.872664626  -41.115939554   -3.447548245   -4.859265718
    0.174532925   -0.872664626  -43.137943842  -20.094781604   -1.667507940
    0.349065850   -0.872664626  -48.087580116  -36.096209628   -0.464047239
    0.523598776   -0.872664626  -55.354639811  -45.656101958   -0.822795632
    0.698131701   -0.872664626  -63.319048883  -43.369524780   -1.944848627
    0.872664626   -0.872664626  -69.656949729  -27.066069929   -2.938567455
    1.047197551   -0.872664626  -72.101607121    0.333079292   -3.157492808
    1.221730476   -0.872664626  -69.324774617   31.272547022   -2.421531796
    1.396263402   -0.872664626  -61.507093283   56.654593331   -1.032919872
    1.570796327   -0.872664626  -50.266587170   69.747210534    0.445797191
    1.745329252   -0.872664626  -38.002047467   68.469461061    1.492139118
    1.919862177   -0.872664626  -27.066697219   55.160280856    1.829053023
    2.094395102   -0.872664626  -19.174260674   34.456208161    1.456692032
    2.268928028   -0.872664626  -15.191299931   11.059844612    0.556945853
    2.443460953   -0.872664626  -15.243296635  -11.219777924   -0.624667254
    2.617993878   -0.872664626  -18.866800807  -29.440856793   -1.848206650
    2.792526803   -0.872664626  -25.135359200  -41.184115172   -2.906559354
    2.967059728   -0.872664626  -32.755376007  -44.825108977   -3.667793263

   -3.141592654   -0.698131701  -40.541665220  -40.611595002    1.001203573
   -2.967059728   -0.698131701  -46.756437712  -29.918772024    0.035198547
   -2.792526803   -0.698131701  -50.825854459  -16.661957410   -1.764295828
   -2.617993878   -0.698131701  -52.653335330   -4.825010321   -4.361801193
   -2.443460953   -0.698131701  -52.771565452    2.577417638   -7.507804506
   -2.268928028   -0.698131701  -52.083292805    4.400914861  -10.902264902
   -2.094395102   -0.698131701  -51.515713870    1.475306564  -14.369321075
   -1.919862177   -0.698131701  -51.718986856   -4.004756119  -17.895995194
   -1.745329252   -0.698131701  -52.906970998   -9.363411804  -21.467649903
   -1.570796327   -0.698131701  -54.840682740  -12.220318750  -24.837428951
   -1.396263402   -0.698131701  -56.937617965  -11.084011159  -27.425936139
   -1.221730476   -0.698131701  -58.457113122   -5.701988032  -28.465989504
   -1.047197551   -0.698131701  -58.734509431    2.872253406  -27.337685439
   -0.872664626   -0.698131701  -57.385068094   12.531511997  -23.893455262
   -0.698131701   -0.698131701  -54.441525659   20.674994867  -18.596423744
   -0.523598776   -0.698131701  -50.394003765   24.814809056  -12.398497989
   -0.349065850   -0.698131701  -46.118679476   23.051017953   -6.450808574
   -0.174532925   -0.698131701  -42.741220798   14.472307880   -1.741695097
    0.000000000   -0.698131701  -41.427142680   -0.354864491    1.161842974
    0.174532925   -0.698131701  -43.076580773  -18.886519868    2.214850863
    0.349065850   -0.698131701  -47.952888146  -36.359012146    1.871565655
    0.523598776   -0.698131701  -55.339437724  -46.622892178    0.913212528
    0.698131701   -0.698131701  -63.469716571  -44.180141764    0.196518774
    0.872664626   -0.698131701  -69.885425772  -27.086842069    0.345993263
    1.047197551   -0.698131701  -72.248683881    1.263414054    1.514562483
    1.221730476   -0.698131701  -69.247318568   32.820036292    3.335990531
    1.396263402   -0.698131701  -61.148901794   58.211743349    5.128043263
    1.570796327   -0.698131701  -49.677688248   70.759898891    6.254278063
    1.745329252   -0.698131701  -37.306270428   68.669804115    6.408062071
    1.919862177   -0.698131701  -26.404063369   54.617383455    5.690088528
    2.094395102   -0.698131701  -18.651758331   33.451021471    4.478560843
    2.268928028   -0.698131701  -14.860994681    9.917003515    3.212861520
    2.443460953   -0.698131701  -15.105466137  -12.246538807    2.227241030
    2.617993878   -0.698131701  -18.887143460  -30.212208918    1.661972605
    2.792526803   -0.698131701  -25.265827579  -41.685692433    1.453474740
    2.967059728   -0.698131701  -32.957484578  -45.178425556    1.354081715

   -3.141592654   -0.523598776  -39.974723387  -41.482402237    5.200764204
   -2.967059728   -0.523598776  -46.432937620  -31.851404623    3.346352988
   -2.792526803   -0.523598776  -50.930944430  -19.593387873    0.253745829
   -2.617993878   -0.523598776  -53.331927878   -8.383284937   -3.652135482
   -2.443460953   -0.523598776  -54.090562129   -1.128365227   -7.744023562
   -2.268928028   -0.523598776  -54.035917410    0.879406149  -11.502538634
   -2.094395102   -0.523598776  -54.060518387   -1.799057176  -14.728077140
   -1.919862177   -0.523598776  -54.820250283   -7.119784688  -17.511732958
   -1.745329252   -0.523598776  -56.537237063  -12.278587981  -19.966584467
   -1.570796327   -0.523598776  -58.937069633  -14.551729084  -21.932804329
   -1.396263402   -0.523598776  -61.340741656  -12.139011996  -22.882708321
   -1.221730476   -0.523598776  -62.880993596   -4.787142067  -22.131936103
   -1.047197551   -0.523598776  -62.800762232    6.060434872  -19.239075903
   -0.872664626   -0.523598776  -60.716050189   17.660223296  -14.353087213
   -0.698131701   -0.523598776  -56.772493407   26.819842869   -8.290926235
   -0.523598776   -0.523598776  -51.651909912   30.758468174   -2.279467040
   -0.349065850   -0.523598776  -46.437928672   27.708455510    2.473032242
   -0.174532925   -0.523598776  -42.409199800   17.219488397    5.213688067
    0.000000000   -0.523598776  -40.788095290    0.455316326    5.859732953
    0.174532925   -0.523598776  -42.430646492  -19.494082986    4.952908808
    0.349065850   -0.523598776  -47.475897057  -37.529580646    3.446002700
    0.523598776   -0.523598776  -55.047675405  -47.436361413    2.363416566
    0.698131701   -0.523598776  -63.235692908  -43.963835482    2.474407025
    0.872664626   -0.523598776  -69.506054448  -25.667253286    4.007393757
    1.047197551   -0.523598776  -71.542369458    3.474414024    6.563687390
    1.221730476   -0.523598776  -68.142203797   35.027687106    9.266811398
    1.396263402   -0.523598776  -59.717712980   59.631595342   11.164201698
    1.570796327   -0.523598776  -48.101257067   70.980701757   11.672151145
    1.745329252   -0.523598776  -35.792947301   67.785482097   10.790061177
    1.919862177   -0.523598776  -25.108916105   53.103835600    9.024328651
    2.094395102   -0.523598776  -17.632623242   31.896993269    7.099302370
    2.268928028   -0.523598776  -14.081478571    8.786361763    5.640482301
    2.443460953   -0.523598776  -14.469630087  -12.752128306    4.981706847
    2.617993878   -0.523598776  -18.289584096  -30.182912506    5.081712533
    2.792526803   -0.523598776  -24.639864853  -41.467179957    5.560301718
    2.967059728   -0.523598776  -32.312325345  -45.266378900    5.808179621

   -3.141592654   -0.349065850  -38.840547609  -43.028656349    7.372411812
   -2.967059728   -0.349065850  -45.699516675  -34.862974174    4.665791014
   -2.792526803   -0.349065850  -50.825902435  -23.671866904    0.650174054
   -2.617993878   -0.349065850  -53.979585109  -12.796158107   -3.939859931
   -2.443460953   -0.349065850  -55.484172502   -5.167105177   -8.267052770
   -2.268928028   -0.349065850  -56.071526728   -2.413427035  -11.770523637
   -2.094395102   -0.349065850  -56.606042168   -4.382739880  -14.344618076
   -1.919862177   -0.349065850  -57.771604470   -9.220555642  -16.217195844
   -1.745329252   -0.349065850  -59.819993031  -13.954965363  -17.601607949
   -1.570796327   -0.349065850  -62.453913954  -15.467785086  -18.381306456
   -1.396263402   -0.349065850  -64.904974174  -11.648871859  -18.052150671
   -1.221730476   -0.349065850  -66.192796448   -2.312497129  -16.001221109
   -1.047197551   -0.349065850  -65.497395378   10.595883403  -11.948423465
   -0.872664626   -0.349065850  -62.482691863   23.618691604   -6.286379629
   -0.698131701   -0.349065850  -57.460439898   32.996248829   -0.083806961
   -0.523598776   -0.349065850  -51.341473621   35.811352863    5.285106294
   -0.349065850   -0.349065850  -45.417304222   30.682515336    8.665056666
   -0.174532925   -0.349065850  -41.073851963   17.874290951    9.583606874
    0.000000000   -0.349065850  -39.508045781   -0.700914802    8.401018625
    0.174532925   -0.349065850  -41.437593875  -21.428105291    6.133725867
    0.349065850   -0.349065850  -46.802217888  -39.068471037    4.082337579
    0.523598776   -0.349065850  -54.536617489  -47.646061723    3.364884464
    0.698131701   -0.349065850  -62.612267787  -42.474662577    4.555065592
    0.872664626   -0.349065850  -68.493158569  -22.813373755    7.453675185
    1.047197551   -0.349065850  -69.977365966    6.753545424   11.167333532
    1.221730476   -0.349065850  -66.051084539   37.593318588   14.439045593
    1.396263402   -0.349065850  -57.305915770   60.654481134   16.188923614
    1.570796327   -0.349065850  -45.664300802   70.280775108   15.977798995
    1.745329252   -0.349065850  -33.598239278   65.836653880   14.121054903
    1.919862177   -0.349065850  -23.303738064   50.744150147   11.470186233
    2.094395102   -0.349065850  -16.214113101   29.943589908    9.000097285
    2.268928028   -0.349065850  -12.928140183    7.754384056    7.427920490
    2.443460953   -0.349065850  -13.407049071  -12.785589053    7.017674201
    2.617993878   -0.349065850  -17.168539093  -29.569741544    7.524559550
    2.792526803   -0.349065850  -23.402471353  -40.878874081    8.297980003
    2.967059728   -0.349065850  -31.030473668  -45.466098063    8.487892739

   -3.141592654   -0.174532925  -37.523436473  -45.221097871    7.365385043
   -2.967059728   -0.174532925  -44.903307689  -38.559737780    4.182875836
   -2.792526803   -0.174532925  -50.761865491  -28.215780177   -0.067242668
   -2.617993878   -0.174532925  -54.716672850  -17.283033238   -4.523106067
   -2.443460953   -0.174532925  -56.943808981   -8.874087744   -8.370200513
   -2.268928028   -0.174532925  -58.087303150   -5.078794511  -11.190184820
   -2.094395102   -0.174532925  -59.006889262   -6.184435955  -13.042055374
   -1.919862177   -0.174532925  -60.435393669  -10.474109222  -14.246455095
   -1.745329252   -0.174532925  -62.663167626  -14.734263575  -15.010249457
   -1.570796327   -0.174532925  -65.369025221  -15.420162749  -15.156402626
   -1.396263402   -0.174532925  -67.694524472  -10.150363014  -14.146859277
   -1.221730476   -0.174532925  -68.557502560    1.103882665  -11.426900790
   -1.047197551   -0.174532925  -67.102602154   15.805500606   -6.872582037
   -0.872664626   -0.174532925  -63.080048631   29.758486038   -1.075260341
   -0.698131701   -0.174532925  -57.002247504   38.709089520    4.749643582
   -0.523598776   -0.174532925  -50.022747620   39.764249174    9.215514032
   -0.349065850   -0.174532925  -43.622594083   32.121729273   11.320342327
   -0.174532925   -0.174532925  -39.245229196   16.913162497   10.875169268
    0.000000000   -0.174532925  -37.993903800   -3.144494707    8.571519296
    0.174532925   -0.174532925  -40.381010572  -23.985578288    5.711933421
    0.349065850   -0.174532925  -46.103507657  -40.422651744    3.744451653
    0.523598776   -0.174532925  -53.903719985  -46.968991162    3.735316469
    0.698131701   -0.174532925  -61.674277539  -39.732591860    6.013417051
    0.872664626   -0.174532925  -66.947449785  -18.784351063   10.013995926
    1.047197551   -0.174532925  -67.710348978   10.746895044   14.493822315
    1.221730476   -0.174532925  -63.188686735   40.231072762   17.995916148
    1.396263402   -0.174532925  -54.163311119   61.174455840   19.450228396
    1.570796327   -0.174532925  -42.617302502   68.751334065   18.600864191
    1.745329252   -0.174532925  -30.944094979   63.040831718   16.015921611
    1.919862177   -0.174532925  -21.169727395   47.766724946   12.766586062
    2.094395102   -0.174532925  -14.544883069   27.718850731    9.947819970
    2.268928028   -0.174532925  -11.541929817    6.772571135    8.277508295
    2.443460953   -0.174532925  -12.084576932  -12.593261230    7.920607308
    2.617993878   -0.174532925  -15.748213050  -28.768867582    8.473276405
    2.792526803   -0.174532925  -21.851559760  -40.342526016    9.133478909
    2.967059728   -0.174532925  -29.473239392  -46.051200555    8.982065200

   -3.141592654    0.000000000  -36.364008783  -47.755488442    5.691080150
   -2.967059728    0.000000000  -44.302163088  -42.315397170    2.560743584
   -2.792526803    0.000000000  -50.869747814  -32.431837669   -1.210799343
   -2.617993878    0.000000000  -55.537620692  -21.111688258   -4.833719767
   -2.443460953    0.000000000  -58.356845863  -11.781550183   -7.715836408
   -2.268928028    0.000000000  -59.920404625   -7.015243800   -9.703530636
   -2.094395102    0.000000000  -61.113779344   -7.448373748  -11.030371015
   -1.919862177    0.000000000  -62.727682061  -11.363437056  -12.024825276
   -1.745329252    0.000000000  -65.078549493  -15.211070860  -12.760403887
   -1.570796327    0.000000000  -67.800710117  -15.025212864  -12.889012961
   -1.396263402    0.000000000  -69.934528860   -8.250242850  -11.781723172
   -1.221730476    0.000000000  -70.305501859    4.860138215   -8.934917705
   -1.047197551    0.000000000  -68.050786268   21.103275154   -4.388816589
   -0.872664626    0.000000000  -63.039173838   35.573980790    1.092273444
   -0.698131701    0.000000000  -56.001939035   43.650223183    6.226732835
   -0.523598776    0.000000000  -48.327450031   42.625094332    9.725785168
   -0.349065850    0.000000000  -41.652410649   32.397044396   10.818254088
   -0.174532925    0.000000000  -37.429641880   15.001820551    9.581918518
    0.000000000    0.000000000  -36.622053175   -6.085916904    6.913509728
    0.174532925    0.000000000  -39.504227873  -26.466318430    4.205398949
    0.349065850    0.000000000  -45.522051142  -41.157939130    2.857465290
    0.523598776    0.000000000  -53.245521289  -45.320503104    3.761438122
    0.698131701    0.000000000  -60.532447958  -35.969099366    6.988430298
    0.872664626    0.000000000  -65.038428642  -13.995335959   11.708323786
    1.047197551    0.000000000  -64.985785080   15.042789181   16.496799458
    1.221730476    0.000000000  -59.858630560   42.696855706   19.877404313
    1.396263402    0.000000000  -50.614914912   61.192347196   20.907274949
    1.570796327    0.000000000  -39.265288625   66.605139570   19.526367416
    1.745329252    0.000000000  -28.088020354   59.705175906   16.471862493
    1.919862177    0.000000000  -18.912936843   44.430523782   12.899162203
    2.094395102    0.000000000  -12.798558051   25.321437894    9.895337155
    2.268928028    0.000000000  -10.097401689    5.729876655    8.105173109
    2.443460953    0.000000000  -10.713070721  -12.468423169    7.596001944
    2.617993878    0.000000000  -14.299585019  -28.152793101    7.885005340
    2.792526803    0.000000000  -20.318610265  -40.149372411    8.158698546
    2.967059728    0.000000000  -28.003467603  -47.064670739    7.586064701

   -3.141592654    0.174532925  -35.586903163  -50.231317843    3.102702114
   -2.967059728    0.174532925  -44.032757984  -45.545501026    0.472932490
   -2.792526803    0.174532925  -51.179457810  -35.711473283   -2.338450885
   -2.617993878    0.174532925  -56.377017244  -23.824497719   -4.752677234
   -2.443460953    0.174532925  -59.600508356  -13.702450127   -6.498354416
   -2.268928028    0.174532925  -61.441824552   -8.335039595   -7.713679852
   -2.094395102    0.174532925  -62.839832319   -8.530112900   -8.767319477
   -1.919862177    0.174532925  -64.637474111  -12.384016764   -9.918699130
   -1.745329252    0.174532925  -67.146152749  -15.918117549  -11.029133974
   -1.570796327    0.174532925  -69.920095319  -14.788273501  -11.526505486
   -1.396263402    0.174532925  -71.880447536   -6.410410321  -10.676181234
   -1.221730476    0.174532925  -71.769805288    8.526125131   -8.036119098
   -1.047197551    0.174532925  -68.747237571   26.094328918   -3.818926823
   -0.872664626    0.174532925  -62.828048523   40.754617575    1.065828013
   -0.698131701    0.174532925  -54.967816236   47.686433453    5.340990190
   -0.523598776    0.174532925  -46.764734616   44.530775880    7.904434530
   -0.349065850    0.174532925  -39.965637416   31.945028672    8.273998724
   -0.174532925    0.174532925  -35.987937828   12.807221412    6.775435279
    0.000000000    0.174532925  -35.627945848   -8.785901402    4.407740076
    0.174532925    0.174532925  -38.921340475  -28.250039872    2.495522208
    0.349065850    0.174532925  -45.085722923  -40.925775273    2.233929353
    0.523598776    0.174532925  -52.558102291  -42.687273793    4.240993408
    0.698131701    0.174532925  -59.207287557  -31.461382910    8.315507177
    0.872664626    0.174532925  -62.851203504   -8.883774927   13.434493202
    1.047197551    0.174532925  -61.966798820   19.213141785   18.119405514
    1.221730476    0.174532925  -56.287099654   44.714709407   21.012090811
    1.396263402    0.174532925  -46.916255500   60.649015004   21.394658200
    1.570796327    0.174532925  -35.856595377   63.970688228   19.429070541
    1.745329252    0.174532925  -25.246598157   56.043970432   15.977402040
    1.919862177    0.174532925  -16.714042807   40.912581819   12.189638118
    2.094395102    0.174532925  -11.135398600   22.797615301    9.053087582
    2.268928028    0.174532925   -8.760977517    4.511128502    7.086877544
    2.443460953    0.174532925   -9.490445559  -12.642529173    6.269994140
    2.617993878    0.174532925  -13.063523734  -27.959939010    6.113261785
    2.792526803    0.174532925  -19.076627642  -40.406365573    5.900251444
    2.967059728    0.174532925  -26.892898421  -48.372212458    4.985190411

   -3.141592654    0.349065850  -35.292177006  -52.326648370    0.263417827
   -2.967059728    0.349065850  -44.134627517  -47.897504290   -1.631113392
   -2.792526803    0.349065850  -51.674450407  -37.781329499   -3.321785311
   -2.617993878    0.349065850  -57.183341171  -25.301307826   -4.492021597
   -2.443460953    0.349065850  -60.616892519  -14.680435365   -5.181033851
   -2.268928028    0.349065850  -62.612787771   -9.203527204   -5.759878227
   -2.094395102    0.349065850  -64.181122963   -9.652943528   -6.662501261
   -1.919862177    0.349065850  -66.200793881  -13.763622763   -8.037010269
   -1.745329252    0.349065850  -68.940168810  -17.063968078   -9.536107459
   -1.570796327    0.349065850  -71.836490878  -14.907355180  -10.407023104
   -1.396263402    0.349065850  -73.677125654   -4.845014858   -9.868414356
   -1.221730476    0.349065850  -73.135455637   11.853639798   -7.579202323
   -1.047197551    0.349065850  -69.422250602   30.515423151   -3.916889363
   -0.872664626    0.349065850  -62.719884120   45.086568956    0.128109563
   -0.698131701    0.349065850  -54.199547522   50.744446612    3.382379058
   -0.523598776    0.349065850  -45.628948217   45.625751289    5.022121962
   -0.349065850    0.349065850  -38.810481741   31.146725703    4.899740905
   -0.174532925    0.349065850  -35.084725172   10.891008580    3.565492702
    0.000000000    0.349065850  -35.070756365  -10.620881939    2.039056064
    0.174532925    0.349065850  -38.587578042  -28.792283393    1.463122447
    0.349065850    0.349065850  -44.670526598  -39.377598999    2.716500931
    0.523598776    0.349065850  -51.678580338  -38.976896962    6.064584052
    0.698131701    0.349065850  -57.541773498  -26.361506414   11.001361977
    0.872664626    0.349065850  -60.271669786   -3.773109399   16.331682959
    1.047197551    0.349065850  -58.602966986   22.870855132   20.587772597
    1.221730476    0.349065850  -52.488801290   45.940739471   22.616531269
    1.396263402    0.349065850  -43.132689691   59.313970852   22.009549234
    1.570796327    0.349065850  -32.485374687   60.745648786   19.205443799
    1.745329252    0.349065850  -22.523272037   52.042699214   15.203181176
    1.919862177    0.349065850  -14.676282193   37.217295327   11.118025028
    2.094395102    0.349065850   -9.660953352   20.109323809    7.789394090
    2.268928028    0.349065850   -7.650581304    3.013936180    5.575819208
    2.443460953    0.349065850   -8.556142196  -13.249368541    4.368051294
    2.617993878    0.349065850  -12.200258275  -28.280235580    3.709495577
    2.792526803    0.349065850  -18.291727512  -41.079332275    3.034105526
    2.967059728    0.349065850  -26.287684979  -49.778827610    1.911795923

   -3.141592654    0.523598776  -35.479052879  -53.878957281   -2.347248301
   -2.967059728    0.523598776  -44.584170607  -49.283305421   -3.473364289
   -2.792526803    0.523598776  -52.325964987  -38.673047032   -4.128422223
   -2.617993878    0.523598776  -57.942986391  -25.675678858   -4.241921631
   -2.443460953    0.523598776  -61.419372523  -14.875810102   -4.084764498
   -2.268928028    0.523598776  -63.470271796   -9.716979647   -4.153614320
   -2.094395102    0.523598776  -65.181273895  -10.792152179   -4.866276524
   -1.919862177    0.523598776  -67.446449866  -15.364389308   -6.249641413
   -1.745329252    0.523598776  -70.460265947  -18.468228745   -7.821266628
   -1.570796327    0.523598776  -73.521661743  -15.260194720   -8.776047414
   -1.396263402    0.523598776  -75.286325658   -3.571374121   -8.411340962
   -1.221730476    0.523598776  -74.381264005   14.667565403   -6.547582278
   -1.047197551    0.523598776  -70.095082504   34.094225954   -3.690149198
   -0.872664626    0.523598776  -62.781781303   48.316190789   -0.791165228
   -0.698131701    0.523598776  -53.798047437   52.707654448    1.224330575
   -0.523598776    0.523598776  -45.023704468   46.002353385    1.912214931
   -0.349065850    0.523598776  -38.255689026   30.303113754    1.483790386
   -0.174532925    0.523598776  -34.722167287    9.701112317    0.665275732
    0.000000000    0.523598776  -34.868517225  -11.092280692    0.410835826
    0.174532925    0.523598776  -38.336834656  -27.643223194    1.590092868
    0.349065850    0.523598776  -44.042295326  -36.193450805    4.691665932
    0.523598776    0.523598776  -50.332286934  -34.050732058    9.579313106
    0.698131701    0.523598776  -55.254031442  -20.724505691   15.417136944
    0.872664626    0.523598776  -57.042893654    1.114922878   20.840581059
    1.047197551    0.523598776  -54.686654007   25.683968595   24.424932263
    1.221730476    0.523598776  -48.318139930   46.008043435   25.271236063
    1.396263402    0.523598776  -39.180402429   56.855229865   23.340845327
    1.570796327    0.523598776  -29.119207887   56.677488500   19.401455919
    1.745329252    0.523598776  -19.921983901   47.535515477   14.620615438
    1.919862177    0.523598776  -12.826493925   33.242548146   10.083817344
    2.094395102    0.523598776   -8.416782034   17.185789614    6.468317744
    2.268928028    0.523598776   -6.818905133    1.181175035    3.955829479
    2.443460953    0.523598776   -7.971067952  -14.321534488    2.343584529
    2.617993878    0.523598776  -11.772049343  -29.091141965    1.216103331
    2.792526803    0.523598776  -18.015671209  -42.068504829    0.164025704
    2.967059728    0.523598776  -26.216274407  -51.124114604   -1.042834715

   -3.141592654    0.698131701  -36.074140203  -54.864759126   -4.359355278
   -2.967059728    0.698131701  -45.314002852  -49.798792114   -4.796676180
   -2.792526803    0.698131701  -53.094059460  -38.598918765   -4.618179304
   -2.617993878    0.698131701  -58.658656420  -25.207722813   -3.951544643
   -2.443460953    0.698131701  -62.052096085  -14.483285698   -3.198944622
   -2.268928028    0.698131701  -64.078607623   -9.897723331   -2.866692894
   -2.094395102    0.698131701  -65.889559513  -11.753006453   -3.279822613
   -1.919862177    0.698131701  -68.373722857  -16.824557981   -4.353828214
   -1.745329252    0.698131701  -71.637277218  -19.734968280   -5.578025805
   -1.570796327    0.698131701  -74.846124066  -15.576421123   -6.260251099
   -1.396263402    0.698131701  -76.551002611   -2.554743748   -5.923277691
   -1.221730476    0.698131701  -75.365725492   16.764742721   -4.601533138
   -1.047197551    0.698131701  -70.673168466   36.498041421   -2.854996685
   -0.872664626    0.698131701  -62.978650673   50.146128746   -1.438014891
   -0.698131701    0.698131701  -53.766555903   53.451032487   -0.863169876
   -0.523598776    0.698131701  -44.954503677   45.759834900   -1.108923398
   -0.349065850    0.698131701  -38.272187551   29.698187178   -1.624031231
   -0.174532925    0.698131701  -34.812150619    9.612647580   -1.600245407
    0.000000000    0.698131701  -34.867071017   -9.834456452   -0.263325548
    0.174532925    0.698131701  -37.957662609  -24.522015933    2.892970838
    0.349065850    0.698131701  -42.951372953  -31.219424547    7.922182332
    0.523598776    0.698131701  -48.254943500  -27.894572391   14.285974209
    0.698131701    0.698131701  -52.088632432  -14.661790966   20.850923471
    0.872664626    0.698131701  -52.937645049    5.577590335   26.135997609
    1.047197551    0.698131701  -50.030941444   27.399879152   28.817845539
    1.221730476    0.698131701  -43.633306843   44.658050124   28.290605889
    1.396263402    0.698131701  -34.960578666   53.042698158   24.902715577
    1.570796327    0.698131701  -25.695348825   51.585130966   19.747340563
    1.745329252    0.698131701  -17.406788635   42.396610863   14.147425555
    1.919862177    0.698131701  -11.146135407   28.913653089    9.147814887
    2.094395102    0.698131701   -7.393529347   13.995839691    5.259753902
    2.268928028    0.698131701   -6.258617356   -0.979144746    2.491013558
    2.443460953    0.698131701   -7.722993721  -15.810140362    0.549387612
    2.617993878    0.698131701  -11.754482721  -30.302755464   -0.940116229
    2.792526803    0.698131701  -18.205830469  -43.259082327   -2.245863741
    2.967059728    0.698131701  -26.616678350  -52.310523964   -3.433219831

   -3.141592654    0.872664626  -36.951374988  -55.324661257   -5.608213584
   -2.967059728    0.872664626  -46.216030834  -49.608713458   -5.491651816
   -2.792526803    0.872664626  -53.908789275  -37.822021142   -4.717710314
   -2.617993878    0.872664626  -59.309480780  -24.179927828   -3.553653840
   -2.443460953    0.872664626  -62.537259461  -13.695200922   -2.441221626
   -2.268928028    0.872664626  -64.478407659   -9.752657039   -1.802980236
   -2.094395102    0.872664626  -66.328772304  -12.327182202   -1.820021355
   -1.919862177    0.872664626  -68.954327702  -17.785986903   -2.323488025
   -1.745329252    0.872664626  -72.377506123  -20.500723919   -2.882587959
   -1.570796327    0.872664626  -75.664182340  -15.646768128   -3.064474933
   -1.396263402    0.872664626  -77.309839963   -1.831322040   -2.726142644
   -1.221730476    0.872664626  -75.953971931   17.894626067   -2.124161702
   -1.047197551    0.872664626  -71.074467663   37.400656803   -1.768238073
   -0.872664626    0.872664626  -63.279309211   50.346712310   -2.056521408
   -0.698131701    0.872664626  -54.096656387   52.954070697   -2.962484000
   -0.523598776    0.872664626  -45.397162105   45.089841358   -3.970291009
   -0.349065850    0.872664626  -38.789974915   29.644718535   -4.266328145
   -0.174532925    0.872664626  -35.229080822   10.928038539   -3.094168302
    0.000000000    0.872664626  -34.897449812   -6.668815568    0.007732921
    0.174532925    0.872664626  -37.265541497  -19.434349552    5.095670888
    0.349065850    0.872664626  -41.230809449  -24.645347665   11.770930577
    0.523598776    0.872664626  -45.325300868  -20.828912034   19.148586607
    0.698131701    0.872664626  -47.985257689   -8.534170827   25.912681153
    0.872664626    0.872664626  -47.955021665    9.311217825   30.606456842
    1.047197551    0.872664626  -44.677698798   27.838365823   32.125722337
    1.221730476    0.872664626  -38.495175165   41.850230712   30.202376762
    1.396263402    0.872664626  -30.531084713   47.942749286   25.534002271
    1.570796327    0.872664626  -22.254773924   45.586286244   19.447241611
    1.745329252    0.872664626  -14.997171816   36.749201765   13.324096767
    1.919862177    0.872664626   -9.634322953   24.340470610    8.111370883
    2.094395102    0.872664626   -6.572032245   10.641871127    4.145720133
    2.268928028    0.872664626   -5.932192586   -3.356264765    1.282953455
    2.443460953    0.872664626   -7.753501435  -17.585616714   -0.833721798
    2.617993878    0.872664626  -12.065230140  -31.773427953   -2.531249950
    2.792526803    0.872664626  -18.756051016  -44.525961476   -3.955265322
    2.967059728    0.872664626  -27.365469390  -53.274136291   -5.043712149

   -3.141592654    1.047197551  -37.994100669  -55.368833138   -6.322427592
   -2.967059728    1.047197551  -47.201897686  -48.922827482   -5.824354293
   -2.792526803    1.047197551  -54.724176289  -36.607531360   -4.683568796
   -2.617993878    1.047197551  -59.895333679  -22.838656733   -3.248303125
   -2.443460953    1.047197551  -62.910080214  -12.657577631   -1.935126294
   -2.268928028    1.047197551  -64.717158532   -9.271120642   -1.034813968
   -2.094395102    1.047197551  -66.530471527  -12.349285182   -0.577536227
   -1.919862177    1.047197551  -69.182304196  -18.001619361   -0.356357108
   -1.745329252    1.047197551  -72.633341298  -20.556419876   -0.106644723
   -1.570796327    1.047197551  -75.903251363  -15.406771507    0.260671993
   -1.396263402    1.047197551  -77.494513046   -1.510751735    0.525441506
   -1.221730476    1.047197551  -76.107451636   17.846224446    0.260901126
   -1.047197551    1.047197551  -71.296329223   36.625957999   -0.880322865
   -0.872664626    1.047197551  -63.699450267   48.898888622   -2.836267505
   -0.698131701    1.047197551  -54.790174735   51.393185118   -5.008602245
   -0.523598776    1.047197551  -46.309661804   44.299284413   -6.445666788
   -0.349065850    1.047197551  -39.711187055   30.451661599   -6.198310222
   -0.174532925    1.047197551  -35.831234407   13.820042710   -3.697002451
    0.000000000    1.047197551  -34.807347099   -1.659494397    1.104267329
    0.174532925    1.047197551  -36.143173459  -12.717707389    7.765091225
    0.349065850    1.047197551  -38.843809546  -17.042742137   15.457308177
    0.523598776    1.047197551  -41.618910201  -13.543690546   23.049336534
    0.698131701    1.047197551  -43.138122858   -2.980987358   29.213026743
    0.872664626    1.047197551  -42.383787067   11.896376444   32.712816382
    1.047197551    1.047197551  -38.961569537   26.900362804   32.816801906
    1.221730476    1.047197551  -33.227527752   37.796116346   29.637465507
    1.396263402    1.047197551  -26.159014607   41.970650224   24.136866423
    1.570796327    1.047197551  -18.984900554   39.155529753   17.713426251
    1.745329252    1.047197551  -12.801211485   31.014539998   11.646365979
    1.919862177    1.047197551   -8.334126972   19.845380803    6.687398504
    2.094395102    1.047197551   -5.947087802    7.360203090    2.981089666
    2.268928028    1.047197551   -5.798061136   -5.763573024    0.263127497
    2.443460953    1.047197551   -7.990750582  -19.484932410   -1.847857805
    2.617993878    1.047197551  -12.605998233  -33.365415946   -3.612431399
    2.792526803    1.047197551  -19.548017399  -45.783875298   -5.063652130
    2.967059728    1.047197551  -28.336479555  -54.016736894   -6.038596439

   -3.141592654    1.221730476  -39.166618911  -55.170519079   -7.256235928
   -2.967059728    1.221730476  -48.270821411  -47.960669151   -6.610272484
   -2.792526803    1.221730476  -55.577923399  -35.166819998   -5.316088314
   -2.617993878    1.221730476  -60.485907298  -21.330737333   -3.747176621
   -2.443460953    1.221730476  -63.257322126  -11.415583690   -2.264015742
   -2.268928028    1.221730476  -64.880173176   -8.394719602   -1.032491413
   -2.094395102    1.221730476  -66.563359428  -11.697231684    0.023399807
   -1.919862177    1.221730476  -69.104451885  -17.355155869    1.083152730
   -1.745329252    1.221730476  -72.436819108  -19.857820274    2.189881492
   -1.570796327    1.221730476  -75.595996029  -14.905504960    3.077898291
   -1.396263402    1.221730476  -77.151360055   -1.687201763    3.216291200
   -1.221730476    1.221730476  -75.885880105   16.579544734    2.103716700
   -1.047197551    1.221730476  -71.393744990   34.279717913   -0.358451629
   -0.872664626    1.221730476  -64.260505435   46.077187415   -3.632554517
   -0.698131701    1.221730476  -55.810286279   49.144666590   -6.628959208
   -0.523598776    1.221730476  -47.589842743   43.735550830   -8.101138382
   -0.349065850    1.221730476  -40.885380403   32.304826390   -7.108721478
   -0.174532925    1.221730476  -36.457029772   18.219707474   -3.357134087
    0.000000000    1.221730476  -34.472562287    4.832291021    2.764592498
    0.174532925    1.221730476  -34.553904388   -5.006660586   10.353812799
    0.349065850    1.221730476  -35.883046905   -9.240640587   18.228367941
    0.523598776    1.221730476  -37.380130919   -6.917806034   25.128429549
    0.698131701    1.221730476  -37.935572367    1.260144042   29.877711499
    0.872664626    1.221730476  -36.714908041   12.919027419   31.638779308
    1.047197551    1.221730476  -33.409522322   24.592538402   30.179784737
    1.221730476    1.221730476  -28.321106721   32.886338361   26.013313285
    1.396263402    1.221730476  -22.243813805   35.752290657   20.258947340
    1.570796327    1.221730476  -16.169220963   32.966658120   14.208263539
    1.745329252    1.221730476  -10.991641131   25.771068554    8.864610994
    1.919862177    1.221730476   -7.330558427   15.853159167    4.680287218
    2.094395102    1.221730476   -5.542309946    4.435729727    1.586569074
    2.268928028    1.221730476   -5.839164042   -8.012363465   -0.771567704
    2.443460953    1.221730476   -8.390561156  -21.382159738   -2.760484711
    2.617993878    1.221730476  -13.315554527  -35.010066756   -4.553487668
    2.792526803    1.221730476  -20.514512002  -47.037375152   -6.071019135
    2.967059728    1.221730476  -29.470700951  -54.630298506   -7.056009258

   -3.141592654    1.396263402  -40.582034489  -54.982269456   -9.217239905
   -2.967059728    1.396263402  -49.578446515  -46.947497093   -8.669751883
   -2.792526803    1.396263402  -56.658292344  -33.640298130   -7.380574304
   -2.617993878    1.396263402  -61.284002067  -19.680556395   -5.711705414
   -2.443460953    1.396263402  -63.776393991   -9.888705125   -3.976440881
   -2.268928028    1.396263402  -65.145097481   -6.988581863   -2.269819596
   -2.094395102    1.396263402  -66.581850596  -10.251069733   -0.485354468
   -1.919862177    1.396263402  -68.859747267  -15.795359734    1.470380251
   -1.745329252    1.396263402  -71.924773534  -18.427140447    3.414313421
   -1.570796327    1.396263402  -74.885671838  -14.179372880    4.790131132
   -1.396263402    1.396263402  -76.423762064   -2.307380722    4.868393777
   -1.221730476    1.396263402  -75.408427474   14.330261377    3.176554071
   -1.047197551    1.396263402  -71.426858321   30.797652048   -0.107299473
   -0.872664626    1.396263402  -64.934795420   42.428556426   -4.054661596
   -0.698131701    1.396263402  -57.035910083   46.702136376   -7.264868347
   -0.523598776    1.396263402  -49.047805822   43.668236453   -8.394061931
   -0.349065850    1.396263402  -42.103221648   35.147625748   -6.644983494
   -0.174532925    1.396263402  -36.936732958   23.735774815   -2.018458885
    0.000000000    1.396263402  -33.816586639   12.144146587    4.742776375
    0.174532925    1.396263402  -32.553440054    2.863651982   12.407061584
    0.349065850    1.396263402  -32.556827658   -2.132812877   19.576361781
    0.523598776    1.396263402  -32.968967102   -1.771449924   24.986967211
    0.698131701    1.396263402  -32.863802400    3.586945965   27.727023910
    0.872664626    1.396263402  -31.511096222   12.118913320   27.448367779
    1.047197551    1.396263402  -28.595365827   21.047764204   24.462569415
    1.221730476    1.396263402  -24.295715251   27.588077124   19.654073565
    1.396263402    1.396263402  -19.204948796   29.943144704   14.193923282
    1.570796327    1.396263402  -14.109132566   27.691821352    9.125379685
    1.745329252    1.396263402   -9.761033265   21.578489115    5.049410844
    1.919862177    1.396263402   -6.732817868   12.757083722    2.045072744
    2.094395102    1.396263402   -5.412450301    2.103430911   -0.184667607
    2.268928028    1.396263402   -6.080550075   -9.991279687   -2.066795374
    2.443460953    1.396263402   -8.967174963  -23.261454111   -3.926845340
    2.617993878    1.396263402  -14.212874375  -36.776508731   -5.835394157
    2.792526803    1.396263402  -21.693783541  -48.438766988   -7.591102556
    2.967059728    1.396263402  -30.839250136  -55.336149273   -8.827464794

   -3.141592654    1.570796327  -42.460162716  -55.057381132  -12.549677952
   -2.967059728    1.570796327  -51.382530266  -46.056106467  -12.265763182
   -2.792526803    1.570796327  -58.242894391  -32.079201858  -11.041097828
   -2.617993878    1.570796327  -62.565350634  -17.820156642   -9.223451952
   -2.443460953    1.570796327  -64.724177865   -7.941043848   -7.121701616
   -2.268928028    1.570796327  -65.744884644   -4.928250846   -4.835910886
   -2.094395102    1.570796327  -66.803391376   -7.965400442   -2.301535570
   -1.919862177    1.570796327  -68.666079805  -13.368480513    0.464859344
   -1.745329252    1.570796327  -71.327032588  -16.338061637    3.109502336
   -1.570796327    1.570796327  -74.008590956  -13.206030682    4.912645800
   -1.396263402    1.570796327  -75.526247852   -3.126840328    5.092693051
   -1.221730476    1.570796327  -74.822844107   11.618785050    3.294092024
   -1.047197551    1.570796327  -71.432542470   26.908376902   -0.062780727
   -0.872664626    1.570796327  -65.626591954   38.705835298   -3.823784668
   -0.698131701    1.570796327  -58.254597231   44.612900242   -6.521646120
   -0.523598776    1.570796327  -50.407453796   44.257382642   -6.941405966
   -0.349065850    1.570796327  -43.099864967   38.692444760   -4.547572838
   -0.174532925    1.570796327  -37.090276374   29.705841767    0.392658860
    0.000000000    1.570796327  -32.796361125   19.399229108    6.937088079
    0.174532925    1.570796327  -30.257263873    9.981792390   13.737429159
    0.349065850    1.570796327  -29.131425653    3.484820193   19.375199595
    0.523598776    1.570796327  -28.772618650    1.318889123   22.713002410
    0.698131701    1.570796327  -28.386827548    3.701435989   23.156515630
    0.872664626    1.570796327  -27.262416572    9.492339500   20.833825094
    1.047197551    1.570796327  -24.986054086   16.525248100   16.539241954
    1.221730476    1.570796327  -21.555828265   22.341590670   11.445991586
    1.396263402    1.570796327  -17.362324072   25.054842529    6.686416512
    1.570796327    1.570796327  -13.037015191   23.808838655    2.979754887
    1.745329252    1.570796327   -9.266867405   18.809849439    0.474537587
    1.919862177    1.570796327   -6.644668639   10.798736824   -1.146388745
    2.094395102    1.570796327   -5.630287529    0.478799293   -2.410539752
    2.268928028    1.570796327   -6.584515812  -11.693001468   -3.809442091
    2.443460953    1.570796327   -9.789936282  -25.209380778   -5.618439748
    2.617993878    1.570796327  -15.389866841  -38.834995671   -7.796479849
    2.792526803    1.570796327  -23.213673885  -50.226609997  -10.004861754
    2.967059728    1.570796327  -32.615180473  -56.407150802  -11.738476890

   -3.141592654    1.745329252  -45.006006669  -55.520043898  -16.705889083
   -2.967059728    1.745329252  -53.903320105  -45.333674020  -16.696672571
   -2.792526803    1.745329252  -60.552820317  -30.448662110  -15.497751901
   -2.617993878    1.745329252  -64.539895610  -15.665510181  -13.469121262
   -2.443460953    1.745329252  -66.296315855   -5.505801840  -10.968859605
   -2.268928028    1.745329252  -66.870397575   -2.236277281   -8.167114642
   -2.094395102    1.745329252  -67.433589696   -4.987118063   -5.081212914
   -1.919862177    1.745329252  -68.763225260  -10.304896147   -1.813081123
   -1.745329252    1.745329252  -70.922383995  -13.781193544    1.221352988
   -1.570796327    1.745329252  -73.261358237  -11.972282095    3.305645742
   -1.396263402    1.745329252  -74.725463119   -3.801868090    3.760196429
   -1.221730476    1.745329252  -74.304981145    9.131328928    2.405694306
   -1.047197551    1.745329252  -71.445620393   23.509023961   -0.181099299
   -0.872664626    1.745329252  -66.212727298   35.777523808   -2.831770753
   -0.698131701    1.745329252  -59.213079871   43.459358147   -4.274520483
   -0.523598776    1.745329252  -51.352695618   45.621916043   -3.640552303
   -0.349065850    1.745329252  -43.582579744   42.560205771   -0.749682874
   -0.174532925    1.745329252  -36.727127678   35.367118456    3.918198224
    0.000000000    1.745329252  -31.372816847   25.665014026    9.398688415
    0.174532925    1.745329252  -27.786739976   15.478614902   14.465947876
    0.349065850    1.745329252  -25.860688990    6.984982232   17.900030940
    0.523598776    1.745329252  -25.126481736    2.049709998   18.819356336
    0.698131701    1.745329252  -24.865337039    1.606510437   16.957071003
    0.872664626    1.745329252  -24.308226960    5.261119473   12.825785455
    1.047197551    1.745329252  -22.871213143   11.355103016    7.560706962
    1.221730476    1.745329252  -20.331439607   17.487643350    2.498899607
    1.396263402    1.745329252  -16.890428661   21.376992691   -1.335596642
    1.570796327    1.745329252  -13.083441524   21.531181379   -3.558532564
    1.745329252    1.745329252   -9.609399759   17.601071571   -4.448212583
    1.919862177    1.745329252   -7.148895448   10.043888154   -4.686405260
    2.094395102    1.745329252   -6.272692238   -0.435541811   -5.012683614
    2.268928028    1.745329252   -7.432547754  -13.172876345   -5.976796002
    2.443460953    1.745329252  -10.954685756  -27.334877513   -7.803390655
    2.617993878    1.745329252  -16.965377206  -41.338440759  -10.337809721
    2.792526803    1.745329252  -25.222197046  -52.578145681  -13.095210645
    2.967059728    1.745329252  -34.977293088  -58.013058666  -15.414345456

   -3.141592654    1.919862177  -48.265453426  -56.305639731  -20.474960183
   -2.967059728    1.919862177  -57.174380731  -44.705796949  -20.586083703
   -2.792526803    1.919862177  -63.609253000  -28.686837274  -19.314454518
   -2.617993878    1.919862177  -67.221790898  -13.205683840  -17.063596116
   -2.443460953    1.919862177  -68.513108000   -2.672977977  -14.270563902
   -2.268928028    1.919862177  -68.569537301    0.856984601  -11.199785523
   -2.094395102    1.919862177  -68.572807017   -1.680418959   -7.947646224
   -1.919862177    1.919862177  -69.321413696   -7.020440304   -4.644177007
   -1.745329252    1.919862177  -70.947305853  -11.070187867   -1.643474225
   -1.570796327    1.919862177  -72.913489340  -10.517220057    0.503183125
   -1.396263402    1.919862177  -74.265238117   -3.990955840    1.348157979
   -1.221730476    1.919862177  -74.006775066    7.561635945    0.912342805
   -1.047197551    1.919862177  -71.477697710   21.476478412   -0.184525211
   -0.872664626    1.919862177  -66.553791527   34.454214691   -0.971512880
   -0.698131701    1.919862177  -59.653770196   43.750738284   -0.597458478
   -0.523598776    1.919862177  -51.574418014   47.831418761    1.300511688
   -0.349065850    1.919862177  -43.269894288   46.375726234    4.503542768
   -0.174532925    1.919862177  -35.661912663   40.022472533    8.388225101
    0.000000000    1.919862177  -29.495447490   30.132443695   12.124598737
    0.174532925    1.919862177  -25.225601840   18.661638005   14.810974247
    0.349065850    1.919862177  -22.925751762    7.963991039   15.611556001
    0.523598776    1.919862177  -22.251440700    0.366774224   14.004282092
    0.698131701    1.919862177  -22.502982832   -2.466810498   10.034484778
    0.872664626    1.919862177  -22.797447608   -0.207994549    4.475384249
    1.047197551    1.919862177  -22.335717807    5.881516546   -1.369767287
    1.221730476    1.919862177  -20.657507202   13.245673707   -6.139669327
    1.396263402    1.919862177  -17.798981731   18.982582228   -8.971574041
    1.570796327    1.919862177  -14.255521248   20.825955234   -9.786920826
    1.745329252    1.919862177  -10.806499619   17.872293580   -9.215417462
    1.919862177    1.919862177   -8.278072086   10.409167372   -8.229413143
    2.094395102    1.919862177   -7.385491009   -0.706442525   -7.736062761
    2.268928028    1.919862177   -8.680198970  -14.475946934   -8.323092535
    2.443460953    1.919862177  -12.522841310  -29.661098145  -10.158168655
    2.617993878    1.919862177  -19.002841707  -44.287582559  -12.973796578
    2.792526803    1.919862177  -27.780896503  -55.470593866  -16.147961841
    2.967059728    1.919862177  -37.981148438  -60.108278254  -18.882071329

   -3.141592654    2.094395102  -52.047801395  -57.161779376  -22.524792139
   -2.967059728    2.094395102  -60.968608890  -44.013573154  -22.521438994
   -2.792526803    2.094395102  -67.167721739  -26.757194554  -21.091201020
   -2.617993878    2.094395102  -70.371771354  -10.537865905  -18.684029357
   -2.443460953    2.094395102  -71.164188061    0.323512511  -15.797705061
   -2.268928028    2.094395102  -70.684292433    3.988370152  -12.767893049
   -2.094395102    2.094395102  -70.135302369    1.499432911   -9.739702645
   -1.919862177    2.094395102  -70.336425478   -3.974691660   -6.814910809
   -1.745329252    2.094395102  -71.468593810   -8.534727692   -4.191594781
   -1.570796327    2.094395102  -73.067923160   -8.906861312   -2.145495789
   -1.396263402    2.094395102  -74.231875761   -3.436865274   -0.821979478
   -1.221730476    2.094395102  -73.945099891    7.426976188   -0.025668775
   -1.047197551    2.094395102  -71.444717347   21.415931506    0.777453322
   -0.872664626    2.094395102  -66.467632378   35.223150974    2.184481404
   -0.698131701    2.094395102  -59.331561122   45.702119086    4.488618984
   -0.523598776    2.094395102  -50.818380117   50.776762414    7.501298483
   -0.349065850    2.094395102  -41.952234161   49.751473748   10.656281446
   -0.174532925    2.094395102  -33.768811300   43.122723931   13.290570769
    0.000000000    2.094395102  -27.137170800   32.246932727   14.827616205
    0.174532925    2.094395102  -22.632431797   19.129806434   14.803662546
    0.349065850    2.094395102  -20.432808784    6.289938357   12.859154484
    0.523598776    2.094395102  -20.250217195   -3.563719825    8.871288279
    0.698131701    2.094395102  -21.352437906   -8.133602209    3.161669267
    0.872664626    2.094395102  -22.707654748   -6.469099536   -3.352331642
    1.047197551    2.094395102  -23.286268750    0.447558992   -9.353992466
    1.221730476    2.094395102  -22.397794018    9.758477147  -13.586117674
    1.396263402    2.094395102  -19.945171598   17.810781347  -15.393585612
    1.570796327    2.094395102  -16.433836295   21.500895342  -14.966552641
    1.745329252    2.094395102  -12.776888133   19.394822310  -13.194271647
    1.919862177    2.094395102   -9.988312174   11.704819739  -11.240174998
    2.094395102    2.094395102   -8.951066742   -0.439920392  -10.104705600
    2.268928028    2.094395102  -10.319284926  -15.602558629  -10.366938145
    2.443460953    2.094395102  -14.476403898  -32.076355113  -12.115352390
    2.617993878    2.094395102  -21.455534577  -47.469378136  -14.973253609
    2.792526803    2.094395102  -30.799225162  -58.621934816  -18.217076435
    2.967059728    2.094395102  -41.484807777  -62.395495447  -20.977651377

   -3.141592654    2.268928028  -55.961018529  -57.775675315  -21.832218543
   -2.967059728    2.268928028  -64.853934068  -43.114820618  -21.493718723
   -2.792526803    2.268928028  -70.786736463  -24.690298274  -19.882874998
   -2.617993878    2.268928028  -73.566177047   -7.827847192  -17.457256638
   -2.443460953    2.268928028  -73.863162359    3.230185391  -14.706744701
   -2.268928028    2.268928028  -72.877263507    6.855928432  -11.973671284
   -2.094395102    2.268928028  -71.837873893    4.240591922   -9.405725552
   -1.919862177    2.268928028  -71.576516507   -1.434321796   -7.038933707
   -1.745329252    2.268928028  -72.291881617   -6.324276606   -4.877898973
   -1.570796327    2.268928028  -73.541780530   -7.118169552   -2.898685892
   -1.396263402    2.268928028  -74.423726706   -1.957291904   -0.967413425
   -1.221730476    2.268928028  -73.879500141    8.966987528    1.192020621
   -1.047197551    2.268928028  -71.070629246   23.470491537    3.889955048
   -0.872664626    2.268928028  -65.671160006   38.009142637    7.237569695
   -0.698131701    2.268928028  -57.998016675   48.996386428   10.959107259
   -0.523598776    2.268928028  -48.907360889   53.979819421   14.419947830
   -0.349065850    2.268928028  -39.540575667   52.177302312   16.878724799
   -0.174532925    2.268928028  -31.041764444   44.243401688   17.782620933
    0.000000000    2.268928028  -24.352570260   31.747767890   16.884920844
    0.174532925    2.268928028  -20.089787353   16.829798637   14.164190002
    0.349065850    2.268928028  -18.454258784    2.132272561    9.707108050
    0.523598776    2.268928028  -19.147229497   -9.368943362    3.746439249
    0.698131701    2.268928028  -21.360284730  -14.892794368   -3.175292736
    0.872664626    2.268928028  -23.895671263  -13.016954781  -10.084689106
    1.047197551    2.268928028  -25.501261340   -4.572944033  -15.762498157
    1.221730476    2.268928028  -25.284075913    7.179770244  -19.161649846
    1.396263402    2.268928028  -23.054395398   17.785558061  -19.885917940
    1.570796327    2.268928028  -19.372468054   23.317699930  -18.373050725
    1.745329252    2.268928028  -15.322846788   21.872886260  -15.686609542
    1.919862177    2.268928028  -12.131075310   13.678096789  -13.068700465
    2.094395102    2.268928028  -10.855493429    0.230255043  -11.509315009
    2.268928028    2.268928028  -12.245229336  -16.521152354  -11.503280434
    2.443460953    2.268928028  -16.689514147  -34.369834573  -13.021234264
    2.617993878    2.268928028  -24.146722961  -50.520485946  -15.585793178
    2.792526803    2.268928028  -34.028530646  -61.586470017  -18.432988148
    2.967059728    2.268928028  -45.161951548  -64.447485925  -20.729105290

   -3.141592654    2.443460953  -59.480058857  -57.871884524  -17.996312759
   -2.967059728    2.443460953  -68.275307569  -41.940970383  -17.215417135
   -2.792526803    2.443460953  -73.915620425  -22.593891488  -15.498911343
   -2.617993878    2.443460953  -76.282898431   -5.280177853  -13.235668041
   -2.443460953    2.443460953  -76.125734289    5.831702210  -10.809604184
   -2.268928028    2.443460953  -74.698018422    9.294907445   -8.488284507
   -2.094395102    2.443460953  -73.251785237    6.463322945   -6.377724420
   -1.919862177    2.443460953  -72.618196607    0.621668331   -4.438797184
   -1.745329252    2.443460953  -72.981301081   -4.321193056   -2.507715757
   -1.570796327    2.443460953  -73.873019548   -4.980492017   -0.329176503
   -1.396263402    2.443460953  -74.351342705    0.569613520    2.390295370
   -1.221730476    2.443460953  -73.313793294   12.114092588    5.854422791
   -1.047197551    2.443460953  -69.896743431   27.266075407   10.024142535
   -0.872664626    2.443460953  -63.799706946   42.118694930   14.501231543
   -0.698131701    2.443460953  -55.429256840   52.744103301   18.564274765
   -0.523598776    2.443460953  -45.774407794   56.571142020   21.372017642
   -0.349065850    2.443460953  -36.102467899   53.009569912   22.267484644
   -0.174532925    2.443460953  -27.631914184   43.078885756   20.976291666
    0.000000000    2.443460953  -21.316207140   28.663502171   17.608675885
    0.174532925    2.443460953  -17.743333897   12.050335799   12.494905601
    0.349065850    2.443460953  -17.069059367   -4.046524298    6.038467108
    0.523598776    2.443460953  -18.930592411  -16.479284160   -1.279215191
    0.698131701    2.443460953  -22.410379069  -22.130917611   -8.759336438
    0.872664626    2.443460953  -26.140268802  -19.273874021  -15.428226906
    1.047197551    2.443460953  -28.669166180   -8.738568830  -20.233079705
    1.221730476    2.443460953  -28.946136534    5.731263968  -22.424235661
    1.396263402    2.443460953  -26.739344970   18.881694087  -21.927474503
    1.570796327    2.443460953  -22.706897082   26.052625519  -19.429287819
    1.745329252    2.443460953  -18.128758559   24.988990366  -16.095447445
    1.919862177    2.443460953  -14.445410465   16.039616098  -13.127374985
    2.094395102    2.443460953  -12.877982722    1.147528279  -11.378778842
    2.268928028    2.443460953  -14.247870683  -17.189874687  -11.167109109
    2.443460953    2.443460953  -18.925853733  -36.286441196  -12.304404284
    2.617993878    2.443460953  -26.779738447  -53.016998619  -14.235806550
    2.792526803    2.443460953  -37.090238408  -63.870062898  -16.239435724
    2.967059728    2.443460953  -48.550886971  -65.826478736  -17.638936722

   -3.141592654    2.617993878  -62.061543918  -57.318286997  -11.152305417
   -2.967059728    2.617993878  -70.682810558  -40.543349555   -9.965516455
   -2.792526803    2.617993878  -76.025464255  -20.641704334   -8.313216522
   -2.617993878    2.617993878  -78.026978169   -3.092980212   -6.429117504
   -2.443460953    2.617993878  -77.486659860    7.999818602   -4.497181557
   -2.268928028    2.617993878  -75.692870360   11.308434072   -2.635176810
   -2.094395102    2.617993878  -73.909489565    8.323939138   -0.868198317
   -1.919862177    2.617993878  -72.954498945    2.481154318    0.914061185
   -1.745329252    2.617993878  -72.973076671   -2.179551390    2.982440518
   -1.570796327    2.617993878  -73.441640081   -2.221630941    5.696068485
   -1.396263402    2.617993878  -73.365996652    4.172083628    9.330850789
   -1.221730476    2.617993878  -71.627067969   16.503572184   13.848726844
   -1.047197551    2.617993878  -67.404850489   31.995264841   18.781694869
   -0.872664626    2.617993878  -60.508198464   46.406119239   23.292748344
   -0.698131701    2.617993878  -51.492789438   55.703024256   26.433015514
   -0.523598776    2.617993878  -41.490881751   57.503443064   27.447101584
   -0.349065850    2.617993878  -31.857913203   51.618023556   26.015696502
   -0.174532925    2.617993878  -23.826264839   39.491143338   22.265448309
    0.000000000    2.617993878  -18.300809947   23.273825298   16.632097405
    0.174532925    2.617993878  -15.791416781    5.337302911    9.656224536
    0.349065850    2.617993878  -16.367933553  -11.578955432    1.894317603
    0.523598776    2.617993878  -19.570958817  -24.195039423   -6.043684741
    0.698131701    2.617993878  -24.352152164  -29.164587437  -13.364330635
    0.872664626    2.617993878  -29.176467197  -24.618675759  -19.132336364
    1.047197551    2.617993878  -32.427323574  -11.563856580  -22.510984197
    1.221730476    2.617993878  -32.954253274    5.684211725  -23.120895235
    1.396263402    2.617993878  -30.544816163   21.118284163  -21.268714382
    1.570796327    2.617993878  -25.998482566   29.507848215  -17.888361276
    1.745329252    2.617993878  -20.802055043   28.432650512  -14.172714424
    1.919862177    2.617993878  -16.592981391   18.500184053  -11.157651691
    2.094395102    2.617993878  -14.720006747    2.160021167   -9.431698313
    2.268928028    2.617993878  -16.038162547  -17.559971714   -9.050911257
    2.443460953    2.617993878  -20.870020602  -37.579115483   -9.650527283
    2.617993878    2.617993878  -28.983176317  -54.579694298  -10.647649898
    2.792526803    2.617993878  -39.542991834  -65.071499421  -11.458864112
    2.967059728    2.617993878  -51.147037631  -66.226738969  -11.677121971

   -3.141592654    2.792526803  -63.238824889  -56.150356230   -2.099671209
   -2.967059728    2.792526803  -71.628160752  -39.087787003   -0.674904319
   -2.792526803    2.792526803  -76.703597118  -19.061112071    0.686713574
   -2.617993878    2.792526803  -78.424815644   -1.472997890    1.973763510
   -2.443460953    2.792526803  -77.601209789    9.621246171    3.260513746
   -2.268928028    2.792526803  -75.524943958   12.925969145    4.624872286
   -2.094395102    2.792526803  -73.455030028   10.011391909    6.149395023
   -1.919862177    2.792526803  -72.184556741    4.458847959    8.005782590
   -1.745329252    2.792526803  -71.807388626    0.438201022   10.498784401
   -1.570796327    2.792526803  -71.738802831    1.351493386   13.948155417
   -1.396263402    2.792526803  -70.951188501    8.718637150   18.437598540
   -1.221730476    2.792526803  -68.363002915   21.570592380   23.563723531
   -1.047197551    2.792526803  -63.273788901   36.694072192   28.435178928
   -0.872664626    2.792526803  -55.665803636   49.696028191   31.933190662
   -0.698131701    2.792526803  -46.261567572   56.761938463   33.133420977
   -0.523598776    2.792526803  -36.298646556   55.987797905   31.614449973
   -0.349065850    2.792526803  -27.146535876   47.683579461   27.544497922
   -0.174532925    2.792526803  -19.978118504   33.632052925   21.470160202
    0.000000000    2.792526803  -15.600019166   16.084800178   14.062075730
    0.174532925    2.792526803  -14.420070383   -2.609352954    5.928229099
    0.349065850    2.792526803  -16.408055993  -19.705873146   -2.357331718
    0.523598776    2.792526803  -20.994136792  -31.777784628  -10.148973185
    0.698131701    2.792526803  -26.987587905  -35.317748316  -16.616083624
    0.872664626    2.792526803  -32.696663135  -28.477250186  -20.905571253
    1.047197551    2.792526803  -36.381142541  -12.636363570  -22.445187583
    1.221730476    2.792526803  -36.860280992    7.230418243  -21.272263773
    1.396263402    2.792526803  -34.009997205   24.450710282  -18.091054538
    1.570796327    2.792526803  -28.811557285   33.453419373  -14.039932459
    1.745329252    2.792526803  -22.955442283   31.899353016  -10.243167633
    1.919862177    2.792526803  -18.236632563   20.809441258   -7.452824116
    2.094395102    2.792526803  -16.075884748    3.168164951   -5.894084854
    2.268928028    2.792526803  -17.311855805  -17.548625738   -5.322124387
    2.443460953    2.792526803  -22.189631840  -38.019399928   -5.222886428
    2.617993878    2.792526803  -30.378150079  -54.920886220   -5.063867144
    2.792526803    2.792526803  -40.960001465  -64.946543459   -4.494557137
    2.967059728    2.792526803  -52.490997311  -65.528578631   -3.451325825

   -3.141592654    2.967059728  -62.740568206  -54.549727600    7.774854192
   -2.967059728    2.967059728  -70.876467334  -37.800894541    9.209271572
   -2.792526803    2.967059728  -75.754760159  -18.070844260   10.073704099
   -2.617993878    2.967059728  -77.315790340   -0.592980562   10.600317134
   -2.443460953    2.967059728  -76.332814413   10.597423574   11.123907077
   -2.268928028    2.967059728  -74.066613301   14.147176697   11.922322626
   -2.094395102    2.967059728  -71.751415233   11.632472376   13.196058681
   -1.919862177    2.967059728  -70.145506467    6.733152397   15.170390608
   -1.745329252    2.967059728  -69.290984910    3.679418180   18.126403596
   -1.570796327    2.967059728  -68.559167012    5.704209362   22.235772240
   -1.396263402    2.967059728  -66.933437719   13.865331448   27.279582656
   -1.221730476    2.967059728  -63.437706096   26.641950526   32.457848688
   -1.047197551    2.967059728  -57.557683550   40.486098036   36.551344418
   -0.872664626    2.967059728  -49.481059610   51.136535106   38.357162149
   -0.698131701    2.967059728  -40.073660562   55.322307848   37.183203151
   -0.523598776    2.967059728  -30.607129080   51.816616202   33.067253143
   -0.349065850    2.967059728  -22.378079856   41.402746651   26.662443257
   -0.174532925    2.967059728  -16.433524629   26.015953436   18.841638157
    0.000000000    2.967059728  -13.451632632    7.801055816   10.385831941
    0.174532925    2.967059728  -13.736201884  -11.012993083    1.868113476
    0.349065850    2.967059728  -17.160985856  -27.663868419   -6.190496254
    0.523598776    2.967059728  -23.044257072  -38.539467340  -13.158850892
    0.698131701    2.967059728  -30.051244155  -40.030127653  -18.227911961
    0.872664626    2.967059728  -36.352710584  -30.469710069  -20.687526485
    1.047197551    2.967059728  -40.135000977  -11.796477961  -20.275554519
    1.221730476    2.967059728  -40.260421596   10.305016946  -17.442206141
    1.396263402    2.967059728  -36.758672680   28.640109769  -13.227716003
    1.570796327    2.967059728  -30.820134259   37.570564244   -8.866538323
    1.745329252    2.967059728  -24.317314661   35.101585133   -5.301161247
    1.919862177    2.967059728  -19.145303368   22.801164377   -2.917930508
    2.094395102    2.967059728  -16.729814244    4.163840489   -1.551509709
    2.268928028    2.967059728  -17.842343642  -17.033069820   -0.689363085
    2.443460953    2.967059728  -22.630562444  -37.429608735    0.254248418
    2.617993878    2.967059728  -30.681395960  -53.898627330    1.672406342
    2.792526803    2.967059728  -41.041609579  -63.456888778    3.618753008
    2.967059728    2.967059728  -52.287331523  -63.817292920    5.801257710
