#! FIELDS phi psi file.free der_phi der_psi
#! SET min_phi -pi
#! SET max_phi pi
#! SET nbins_phi  36
#! SET periodic_phi true
#! SET min_psi -pi
#! SET max_psi pi
#! SET nbins_psi  36
#! SET periodic_psi true
   -3.141592654   -3.141592654  -67.024207353  -53.740126160   16.829224208
   -2.967059728   -3.141592654  -75.036522336  -37.230927420   18.150120376
   -2.792526803   -3.141592654  -79.844217038  -17.838344156   18.521395091
   -2.617993878   -3.141592654  -81.387599690   -0.607721279   18.354961449
   -2.443460953   -3.141592654  -80.415218600   10.523796898   18.128940426
   -2.268928028   -3.141592654  -78.151546710   14.217767242   18.210137369
   -2.094395102   -3.141592654  -75.790774907   12.143114079   18.867465747
   -1.919862177   -3.141592654  -74.026948434    8.115813805   20.406988102
   -1.745329252   -3.141592654  -72.817780474    6.428897119   23.180082926
   -1.570796327   -3.141592654  -71.462595377   10.103730781   27.348725979
   -1.396263402   -3.141592654  -68.937592641   19.669580051   32.554871531
   -1.221730476   -3.141592654  -64.364325710   33.001579141   37.753557086
   -1.047197551   -3.141592654  -57.414374839   46.180979902   41.479349766
   -0.872664626   -3.141592654  -48.487451897   55.025325233   42.397635370
   -0.698131701   -3.141592654  -38.615072725   56.675882335   39.855151563
   -0.523598776   -3.141592654  -29.154055547   50.389569705   34.068697999
   -0.349065850   -3.141592654  -21.415551685   37.217692275   25.918945592
   -0.174532925   -3.141592654  -16.435164842   19.165357548   16.491080694
    0.000000000   -3.141592654  -14.872202254   -1.567689760    6.751293960
    0.174532925   -3.141592654  -16.981590352  -22.430862561   -2.531634170
    0.349065850   -3.141592654  -22.503535880  -40.047210651  -10.618151612
    0.523598776   -3.141592654  -30.507525153  -50.126665778  -16.706203134
    0.698131701   -3.141592654  -39.320394254  -48.819069565  -20.011609183
    0.872664626   -3.141592654  -46.793930643  -34.932644114  -20.148522395
    1.047197551   -3.141592654  -50.938125551  -11.517376892  -17.427477715
    1.221730476   -3.141592654  -50.653818231   14.508546446  -12.896840739
    1.396263402   -3.141592654  -46.192223675   35.137688133   -7.943534724
    1.570796327   -3.141592654  -39.047998834   44.623593920   -3.738745191
    1.745329252   -3.141592654  -31.366539666   41.387335534   -0.821332320
    1.919862177   -3.141592654  -25.221791409   27.594513179    0.947564977
    2.094395102   -3.141592654  -22.115929413    7.291006141    2.151437560
    2.268928028   -3.141592654  -22.812638505  -15.325789572    3.477404392
    2.443460953   -3.141592654  -27.389444096  -36.621267046    5.435691873
    2.617993878   -3.141592654  -35.333140481  -53.395282767    8.158873506
    2.792526803   -3.141592654  -45.598491973  -62.842281482   11.363122862
    2.967059728   -3.141592654  -56.716949190  -63.013016549   14.458388482

   -3.141592654   -2.967059728  -63.484738231  -51.931126730   23.166476553
   -2.967059728   -2.967059728  -71.289652644  -36.632524845   24.215986445
   -2.792526803   -2.967059728  -76.074941421  -18.094895098   24.131853446
   -2.617993878   -2.967059728  -77.697450489   -1.168235146   23.441098266
   -2.443460953   -2.967059728  -76.812846046   10.146158830   22.710822788
   -2.268928028   -2.967059728  -74.573776233   14.362455200   22.382570890
   -2.094395102   -2.967059728  -72.120600351   13.111903779   22.794711445
   -1.919862177   -2.967059728  -70.090873192   10.251673257   24.281127537
   -1.745329252   -2.967059728  -68.386912603    9.976956519   27.120413324
   -1.570796327   -2.967059728  -66.297927601   14.884387043   31.269980295
   -1.396263402   -2.967059728  -62.888783434   24.822227880   36.089616302
   -1.221730476   -2.967059728  -57.485344701   37.112841150   40.315163073
   -1.047197551   -2.967059728  -50.019463617   47.778290558   42.464892153
   -0.872664626   -2.967059728  -41.105410993   53.207931148   41.437288522
   -0.698131701   -2.967059728  -31.854357499   51.448424948   36.970947447
   -0.523598776   -2.967059728  -23.549132943   42.552845343   29.672090093
   -0.349065850   -2.967059728  -17.323323570   27.916046201   20.659903268
   -0.174532925   -2.967059728  -14.015260966    9.466121807   11.081082575
    0.000000000   -2.967059728  -14.119676750  -10.854970289    1.841032802
    0.174532925   -2.967059728  -17.765406719  -30.630892826   -6.386522693
    0.349065850   -2.967059728  -24.572683209  -46.452107385  -12.968073792
    0.523598776   -2.967059728  -33.482875752  -53.983321804  -17.245116280
    0.698131701   -2.967059728  -42.706548854  -49.621833756  -18.681132322
    0.872664626   -2.967059728  -50.056348478  -32.776672986  -17.216080097
    1.047197551   -2.967059728  -53.624456031   -7.255425097  -13.465010603
    1.221730476   -2.967059728  -52.509854185   19.536591781   -8.614891755
    1.396263402   -2.967059728  -47.200351405   39.652935220   -3.950650969
    1.570796327   -2.967059728  -39.370716612   47.906361430   -0.340902007
    1.745329252   -2.967059728  -31.229013060   43.434002054    2.033170487
    1.919862177   -2.967059728  -24.798917895   28.934442289    3.584098425
    2.094395102   -2.967059728  -21.467651485    8.649126553    5.011348741
    2.268928028   -2.967059728  -21.880244842  -13.354332985    6.958451797
    2.443460953   -2.967059728  -26.037722533  -33.789566679    9.777511455
    2.617993878   -2.967059728  -33.422763162  -49.900319808   13.387662967
    2.792526803   -2.967059728  -43.059669678  -59.261808954   17.295970225
    2.967059728   -2.967059728  -53.597522434  -60.064687022   20.772860917

   -3.141592654   -2.792526803  -59.130080579  -50.282878112   26.120598743
   -2.967059728   -2.792526803  -66.767059016  -36.312326740   27.020861996
   -2.792526803   -2.792526803  -71.583217678  -18.674694510   26.807998520
   -2.617993878   -2.792526803  -73.342353701   -2.059732861   26.000426101
   -2.443460953   -2.792526803  -72.602032979    9.456997998   25.136656945
   -2.268928028   -2.792526803  -70.437327494   14.257421406   24.651349043
   -2.094395102   -2.792526803  -67.927116597   13.928095772   24.902138061
   -1.919862177   -2.792526803  -65.651013961   12.302912256   26.212705868
   -1.745329252   -2.792526803  -63.470676667   13.366738363   28.768592903
   -1.570796327   -2.792526803  -60.698358795   19.206250989   32.357952522
   -1.396263402   -2.792526803  -56.526733113   29.019615613   36.181068790
   -1.221730476   -2.792526803  -50.507177680   39.742204469   38.952285713
   -1.047197551   -2.792526803  -42.816996304   47.566418975   39.369832589
   -0.872664626   -2.792526803  -34.234315068   49.614924903   36.666924070
   -0.698131701   -2.792526803  -25.884285943   44.847115662   30.929475177
   -0.523598776   -2.792526803  -18.921354829   33.976036874   22.991365525
   -0.349065850   -2.792526803  -14.277098294   18.563080558   14.017675549
   -0.174532925   -2.792526803  -12.594933051    0.333502837    5.077071890
    0.000000000   -2.792526803  -14.221550709  -19.061137185   -3.043774513
    0.174532925   -2.792526803  -19.177304763  -37.338434019   -9.773791384
    0.349065850   -2.792526803  -26.982641169  -51.083125740  -14.605239675
    0.523598776   -2.792526803  -36.480559570  -56.012507717  -17.077541290
    0.698131701   -2.792526803  -45.814175878  -48.859588109  -16.961437328
    0.872664626   -2.792526803  -52.813530490  -29.630249028  -14.510673543
    1.047197551   -2.792526803  -55.695685078   -2.731058486  -10.518135593
    1.221730476   -2.792526803  -53.762847515   24.198211322   -6.091819210
    1.396263402   -2.792526803  -47.702257381   43.486700574   -2.203549441
    1.570796327   -2.792526803  -39.305937952   50.567111453    0.680172520
    1.745329252   -2.792526803  -30.785769283   45.196182743    2.682043398
    1.919862177   -2.792526803  -24.081718239   30.428559455    4.319109300
    2.094395102   -2.792526803  -20.463628646   10.534292205    6.206119036
    2.268928028   -2.792526803  -20.479233261  -10.649836780    8.794840113
    2.443460953   -2.792526803  -24.085968716  -30.217163408   12.230007813
    2.617993878   -2.792526803  -30.795087805  -45.827552761   16.279869300
    2.792526803   -2.792526803  -39.724859581  -55.365269763   20.386695544
    2.967059728   -2.792526803  -49.651251786  -57.070823039   23.853836962

   -3.141592654   -2.617993878  -54.547722470  -48.726810172   25.900047472
   -2.967059728   -2.617993878  -62.022816553  -35.971242769   26.891362082
   -2.792526803   -2.617993878  -66.858714991  -19.161728376   26.930466344
   -2.617993878   -2.617993878  -68.738244623   -2.871839191   26.411001900
   -2.443460953   -2.617993878  -68.134486486    8.770411727   25.751224317
   -2.268928028   -2.617993878  -66.051585871   14.066128001   25.322413191
   -2.094395102   -2.617993878  -63.507132021   14.566149156   25.463981991
   -1.919862177   -2.617993878  -61.027358032   14.026688211   26.459661183
   -1.745329252   -2.617993878  -58.450144066   16.149311802   28.396899312
   -1.570796327   -2.617993878  -55.135333159   22.505058912   30.953653661
   -1.396263402   -2.617993878  -50.418977695   31.757597348   33.310020463
   -1.221730476   -2.617993878  -44.065163900   40.645187062   34.341742695
   -1.047197551   -2.617993878  -36.451920154   45.689775737   33.068204631
   -0.872664626   -2.617993878  -28.459616130   44.769381209   29.082460122
   -0.698131701   -2.617993878  -21.175330488   37.635939849   22.713968347
   -0.523598776   -2.617993878  -15.600715361   25.475144941   14.851576600
   -0.349065850   -2.617993878  -12.471284169    9.878374762    6.556012410
   -0.174532925   -2.617993878  -12.256642136   -7.674222325   -1.257379147
    0.000000000   -2.617993878  -15.177344189  -25.792687730   -7.927945940
    0.174532925   -2.617993878  -21.162443879  -42.327233491  -12.978235046
    0.349065850   -2.617993878  -29.656258088  -53.920010959  -16.046521288
    0.523598776   -2.617993878  -39.442171302  -56.458061684  -16.916008001
    0.698131701   -2.617993878  -48.651897201  -47.051990708  -15.684686019
    0.872664626   -2.617993878  -55.182972711  -26.198924341  -12.858922853
    1.047197551   -2.617993878  -57.395384392    1.350759398   -9.259187801
    1.221730476   -2.617993878  -54.764080316   27.994067728   -5.732565988
    1.396263402   -2.617993878  -48.108758502   46.465074532   -2.813340018
    1.570796327   -2.617993878  -39.266931091   52.736409648   -0.563385645
    1.745329252   -2.617993878  -30.410608500   46.965177315    1.330185866
    1.919862177   -2.617993878  -23.393124835   32.337032916    3.317975537
    2.094395102   -2.617993878  -19.396165016   13.017561664    5.776816876
    2.268928028   -2.617993878  -18.911702809   -7.398535847    8.887698227
    2.443460953   -2.617993878  -21.889280040  -26.309496744   12.603383542
    2.617993878   -2.617993878  -27.886402946  -41.675040077   16.643053443
    2.792526803   -2.617993878  -36.113219839  -51.575484071   20.533245570
    2.967059728   -2.617993878  -45.453728037  -54.236890241   23.750408386

   -3.141592654   -2.443460953  -50.220646066  -47.102863032   23.331472717
   -2.967059728   -2.443460953  -57.498773374  -35.313024179   24.606563895
   -2.792526803   -2.443460953  -62.286765716  -19.221536739   25.125201216
   -2.617993878   -2.443460953  -64.214906943   -3.313584256   25.091947824
   -2.443460953   -2.443460953  -63.696773303    8.285304942   24.770059096
   -2.268928028   -2.443460953  -61.678505151   13.867243170   24.453384904
   -2.094395102   -2.443460953  -59.121148997   14.959742078   24.448682572
   -1.919862177   -2.443460953  -56.506035818   15.195139664   24.984128882
   -1.745329252   -2.443460953  -53.663972485   17.960503620   26.053848049
   -1.570796327   -2.443460953  -50.016441042   24.376528682   27.281256961
   -1.396263402   -2.443460953  -45.036037608   32.745351555   27.935991600
   -1.221730476   -2.443460953  -38.659575837   39.788692980   27.177386224
   -1.047197551   -2.443460953  -31.402753329   42.429359297   24.414162900
   -0.872664626   -2.443460953  -24.187404981   39.200357081   19.570775990
   -0.698131701   -2.443460953  -18.030088573   30.443706875   13.109258431
   -0.523598776   -2.443460953  -13.782655458   17.629016669    5.840151675
   -0.349065850   -2.443460953  -12.011455503    2.304958523   -1.368471694
   -0.174532925   -2.443460953  -13.041791465  -14.263376400   -7.780160358
    0.000000000   -2.443460953  -16.989098453  -30.890876522  -12.849889017
    0.174532925   -2.443460953  -23.707122525  -45.579655836  -16.194389767
    0.349065850   -2.443460953  -32.591644746  -55.123137594  -17.624504578
    0.523598776   -2.443460953  -42.411594399  -55.684072623  -17.194293556
    0.698131701   -2.443460953  -51.342629624  -44.727614930  -15.301299119
    0.872664626   -2.443460953  -57.385504472  -23.051270453  -12.602906060
    1.047197551   -2.443460953  -59.034993419    4.545836353   -9.800305763
    1.221730476   -2.443460953  -55.882096791   30.727294939   -7.362221263
    1.396263402   -2.443460953  -48.799110027   48.655050857   -5.359526898
    1.570796327   -2.443460953  -39.604329965   54.652998541   -3.527204649
    1.745329252   -2.443460953  -30.408381892   49.000687285   -1.496250836
    1.919862177   -2.443460953  -23.001411189   34.799841835    0.990894257
    2.094395102   -2.443460953  -18.525889026   16.040052226    4.001571637
    2.268928028   -2.443460953  -17.466293307   -3.855703633    7.445781532
    2.443460953   -2.443460953  -19.792876587  -22.441496873   11.144872252
    2.617993878   -2.443460953  -25.109142633  -37.815193207   14.865469968
    2.792526803   -2.443460953  -32.692770840  -48.138819833   18.317406426
    2.967059728   -2.443460953  -41.498834945  -51.606169971   21.213343170

   -3.141592654   -2.268928028  -46.483498532  -45.322801453   19.247940775
   -2.967059728   -2.268928028  -53.512105736  -34.233492918   20.805951002
   -2.792526803   -2.268928028  -58.168115092  -18.774675546   21.767130623
   -2.617993878   -2.268928028  -60.062598101   -3.345123118   22.153473807
   -2.443460953   -2.268928028  -59.575583724    8.003640201   22.091899404
   -2.268928028   -2.268928028  -57.607806359   13.622344332   21.811041958
   -2.094395102   -2.268928028  -55.069982302   15.017649366   21.579190237
   -1.919862177   -2.268928028  -52.409124149   15.656390908   21.559595303
   -1.745329252   -2.268928028  -49.464570625   18.612111822   21.661691916
   -1.570796327   -2.268928028  -45.725253131   24.666046518   21.494051734
   -1.396263402   -2.268928028  -40.778617910   31.955144108   20.476800200
   -1.221730476   -2.268928028  -34.679488694   37.338885896   18.100437624
   -1.047197551   -2.268928028  -28.012302245   38.141521017   14.164846262
   -0.872664626   -2.268928028  -21.686952076   33.377274285    8.874367145
   -0.698131701   -2.268928028  -16.633912304   23.744356072    2.745713408
   -0.523598776   -2.268928028  -13.575913936   10.831779819   -3.556478323
   -0.349065850   -2.268928028  -12.947255163   -3.876143523   -9.388170863
   -0.174532925   -2.268928028  -14.960689670  -19.263083212  -14.197828273
    0.000000000   -2.268928028  -19.646773906  -34.296240647  -17.563623289
    0.174532925   -2.268928028  -26.802270496  -47.171810155  -19.225435953
    0.349065850   -2.268928028  -35.807118013  -54.934175350  -19.197617392
    0.523598776   -2.268928028  -45.463333775  -54.083714229  -17.802682314
    0.698131701   -2.268928028  -54.037023103  -42.346590218  -15.663328622
    0.872664626   -2.268928028  -59.647926623  -20.576756203  -13.462848742
    1.047197551   -2.268928028  -60.893839189    6.655957559  -11.662224918
    1.221730476   -2.268928028  -57.410757727   32.427270006  -10.305175730
    1.396263402   -2.268928028  -50.046340879   50.247977202   -9.051723528
    1.570796327   -2.268928028  -40.552598638   56.545143434   -7.428470900
    1.745329252   -2.268928028  -30.979447023   51.449171676   -5.125542237
    1.919862177   -2.268928028  -23.093713549   37.816958532   -2.138448997
    2.094395102   -2.268928028  -18.052968916   19.457935775    1.298511670
    2.268928028   -2.268928028  -16.377199055   -0.255636245    4.880128413
    2.443460953   -2.268928028  -18.074119775  -18.860218537    8.366348294
    2.617993878   -2.268928028  -22.779518555  -34.434622519   11.625375038
    2.792526803   -2.268928028  -29.803553209  -45.138202780   14.573587052
    2.967059728   -2.268928028  -38.131635777  -49.157428275   17.143801693

   -3.141592654   -2.094395102  -43.558052919  -43.473441410   14.034926638
   -2.967059728   -2.094395102  -50.304540675  -32.871870793   15.652150694
   -2.792526803   -2.094395102  -54.771695133  -17.986682471   16.800655165
   -2.617993878   -2.094395102  -56.578590489   -3.119842301   17.378958273
   -2.443460953   -2.094395102  -56.091841549    7.810283706   17.419659534
   -2.268928028   -2.094395102  -54.177012170   13.254240671   17.095088910
   -2.094395102   -2.094395102  -51.702339852   14.686604919   16.617118216
   -1.919862177   -2.094395102  -49.093031476   15.376453903   16.067181704
   -1.745329252   -2.094395102  -46.211265109   18.109173082   15.273466373
   -1.570796327   -2.094395102  -42.614015261   23.456060531   13.849704330
   -1.396263402   -2.094395102  -37.975348868   29.577756430   11.383950093
   -1.221730476   -2.094395102  -32.410492306   33.594667985    7.690102786
   -1.047197551   -2.094395102  -26.507042950   33.195981790    2.926331379
   -0.872664626   -2.094395102  -21.117956314   27.687071558   -2.462899181
   -0.698131701   -2.094395102  -17.080797920   17.897738760   -7.927824000
   -0.523598776   -2.094395102  -15.015591874    5.396275958  -12.951363069
   -0.349065850   -2.094395102  -15.263784683   -8.406836129  -17.111498551
   -0.174532925   -2.094395102  -17.959332514  -22.488361050  -20.062866776
    0.000000000   -2.094395102  -23.073392408  -35.939924105  -21.560492228
    0.174532925   -2.094395102  -30.372563173  -47.197485745  -21.533979231
    0.349065850   -2.094395102  -39.259139568  -53.621695043  -20.230867100
    0.523598776   -2.094395102  -48.612194333  -52.039606968  -18.202737464
    0.698131701   -2.094395102  -56.817994110  -40.283916020  -16.181613762
    0.872664626   -2.094395102  -62.108051511  -19.011457075  -14.741456970
    1.047197551   -2.094395102  -63.133243885    7.650610137  -14.017131740
    1.221730476   -2.094395102  -59.500766701   33.232555664  -13.640354780
    1.396263402   -2.094395102  -51.970152184   51.438289619  -12.960369111
    1.570796327   -2.094395102  -42.201705731   58.542020552  -11.420670374
    1.745329252   -2.094395102  -32.202345722   54.307853569   -8.849553632
    1.919862177   -2.094395102  -23.760542735   41.260681686   -5.496927997
    2.094395102   -2.094395102  -18.096952465   23.078759254   -1.839550337
    2.268928028   -2.094395102  -15.797988798    3.215616293    1.679631998
    2.443460953   -2.094395102  -16.914600041  -15.696028393    4.812272766
    2.617993878   -2.094395102  -21.096089702  -31.598259263    7.533218362
    2.792526803   -2.094395102  -27.651618968  -42.602114995    9.929183397
    2.967059728   -2.094395102  -35.563344035  -46.929997442   12.095241498

   -3.141592654   -1.919862177  -41.627353844  -41.816489087    7.886197067
   -2.967059728   -1.919862177  -48.108916268  -31.526233771    9.247255786
   -2.792526803   -1.919862177  -52.380574735  -17.122306541   10.295343657
   -2.617993878   -1.919862177  -54.084995779   -2.813879545   10.869546849
   -2.443460953   -1.919862177  -53.589193200    7.633646479   10.932644880
   -2.268928028   -1.919862177  -51.734547002   12.774224097   10.582845389
   -2.094395102   -1.919862177  -49.359742970   14.030357724    9.938970126
   -1.919862177   -1.919862177  -46.884556707   14.460571207    8.977693471
   -1.745329252   -1.919862177  -44.207975364   16.610756436    7.450200292
   -1.570796327   -1.919862177  -40.952916077   20.975176730    4.989977897
   -1.396263402   -1.919862177  -36.850781820   25.903893799    1.351809956
   -1.221730476   -1.919862177  -32.023323602   28.875480055   -3.357955169
   -1.047197551   -1.919862177  -27.002284450   27.903017826   -8.663087721
   -0.872664626   -1.919862177  -22.543514372   22.418708501  -13.895776608
   -0.698131701   -1.919862177  -19.384134581   13.188248434  -18.447724976
   -0.523598776   -1.919862177  -18.063922638    1.625499787  -21.907881878
   -0.349065850   -1.919862177  -18.869069774  -10.975265285  -24.063898586
   -0.174532925   -1.919862177  -21.894559647  -23.677986096  -24.825886884
    0.000000000   -1.919862177  -27.091023201  -35.699904630  -24.223394944
    0.174532925   -1.919862177  -34.235871702  -45.735104203  -22.467674332
    0.349065850   -1.919862177  -42.796363400  -51.451274079  -20.057707738
    0.523598776   -1.919862177  -51.762556352  -49.901536551  -17.698766681
    0.698131701   -1.919862177  -59.647815819  -38.829680087  -16.090362028
    0.872664626   -1.919862177  -64.764924512  -18.475120701  -15.569314332
    1.047197551   -1.919862177  -65.756394018    7.595672609  -15.899957057
    1.221730476   -1.919862177  -62.133348534   33.309097139  -16.361518644
    1.396263402   -1.919862177  -54.523474407   52.362622224  -16.114040285
    1.570796327   -1.919862177  -44.490897310   60.653334894  -14.628252432
    1.745329252   -1.919862177  -34.027755800   57.440340156  -11.910957177
    1.919862177   -1.919862177  -24.985628444   44.901778278   -8.428031467
    2.094395102   -1.919862177  -18.683591578   26.664620680   -4.818017553
    2.268928028   -1.919862177  -15.791843075    6.375058567   -1.588194328
    2.443460953   -1.919862177  -16.403118457  -13.062002528    1.033196132
    2.617993878   -1.919862177  -20.163613356  -29.384336465    3.101594358
    2.792526803   -1.919862177  -26.356752020  -40.635305599    4.817261677
    2.967059728   -1.919862177  -33.938138678  -45.104613215    6.384807336

   -3.141592654   -1.745329252  -40.826327885  -40.637041450    1.219076356
   -2.967059728   -1.745329252  -47.108591477  -30.455646282    2.119255343
   -2.792526803   -1.745329252  -51.216633550  -16.354790441    2.939705444
   -2.617993878   -1.745329252  -52.824258706   -2.488203936    3.483097557
   -2.443460953   -1.745329252  -52.311783183    7.509614384    3.627677902
   -2.268928028   -1.745329252  -50.512700817   12.275221733    3.357656429
   -2.094395102   -1.745329252  -48.255824106   13.166531303    2.662990309
   -1.919862177   -1.745329252  -45.975055464   13.048331927    1.406586767
   -1.745329252   -1.745329252  -43.618312366   14.298099501   -0.717342422
   -1.570796327   -1.745329252  -40.869152904   17.459400772   -4.031456328
   -1.396263402   -1.745329252  -37.487344161   21.205045687   -8.615172014
   -1.221730476   -1.745329252  -33.553081008   23.445213364  -14.104447007
   -1.047197551   -1.745329252  -29.490171174   22.488343972  -19.745596545
   -0.872664626   -1.745329252  -25.918988491   17.774542002  -24.655512887
   -0.698131701   -1.745329252  -23.462453096    9.844286942  -28.127901927
   -0.523598776   -1.745329252  -22.593997869   -0.186575983  -29.806204902
   -0.349065850   -1.745329252  -23.580164900  -11.243715417  -29.677471531
   -0.174532925   -1.745329252  -26.526869036  -22.540319325  -27.967988690
    0.000000000   -1.745329252  -31.421484554  -33.441191313  -25.086190879
    0.174532925   -1.745329252  -38.108942154  -42.862189255  -21.605999509
    0.349065850   -1.745329252  -46.165187363  -48.670212663  -18.270244587
    0.523598776   -1.745329252  -54.709650844  -47.956815046  -15.838175244
    0.698131701   -1.745329252  -62.364675594  -38.168547432  -14.836715419
    0.872664626   -1.745329252  -67.473884986  -18.975804200  -15.268731803
    1.047197551   -1.745329252  -68.606314756    6.626921522  -16.530739408
    1.221730476   -1.745329252  -65.123303027   32.822734459  -17.643182561
    1.396263402   -1.745329252  -57.498673296   53.094464464  -17.702178137
    1.570796327   -1.745329252  -47.213077272   62.795429062  -16.292498205
    1.745329252   -1.745329252  -36.276265750   60.622580021  -13.609521522
    1.919862177   -1.745329252  -26.635777626   48.449625366  -10.278265034
    2.094395102   -1.745329252  -19.730161101   29.940406573   -7.018066659
    2.268928028   -1.745329252  -16.319148314    9.008222861   -4.340301082
    2.443460953   -1.745329252  -16.532335625  -11.118686834   -2.437993744
    2.617993878   -1.745329252  -20.001216249  -27.944701231   -1.201473088
    2.792526803   -1.745329252  -25.967505675  -39.430090978   -0.356324806
    2.967059728   -1.745329252  -33.343371550  -43.933324961    0.391647908

   -3.141592654   -1.570796327  -41.164013289  -40.058273074   -4.966323601
   -2.967059728   -1.570796327  -47.328734866  -29.718484695   -4.506971163
   -2.792526803   -1.570796327  -51.308752632  -15.668375659   -3.842799746
   -2.617993878   -1.570796327  -52.817367714   -2.072427320   -3.236834907
   -2.443460953   -1.570796327  -52.266172969    7.526536779   -2.932305402
   -2.268928028   -1.570796327  -50.503423233   11.832972119   -3.084821221
   -2.094395102   -1.570796327  -48.371022905   12.153182299   -3.830560551
   -1.919862177   -1.570796327  -46.334673253   11.205826332   -5.388326918
   -1.745329252   -1.570796327  -44.397274908   11.284120699   -8.072123684
   -1.570796327   -1.570796327  -42.292246891   13.088080973  -12.123083273
   -1.396263402   -1.570796327  -39.778827272   15.704931860  -17.455033734
   -1.221730476   -1.570796327  -36.854328846   17.521202125  -23.489347397
   -1.047197551   -1.570796327  -33.790915505   17.124652525  -29.253053143
   -0.872664626   -1.570796327  -31.038205051   13.889748310  -33.681645120
   -0.698131701   -1.570796327  -29.086238447    8.006286649  -35.962743544
   -0.523598776   -1.570796327  -28.348524247    0.139526792  -35.766712438
   -0.349065850   -1.570796327  -29.106105820   -9.015308523  -33.273959125
   -0.174532925   -1.570796327  -31.534787952  -18.937841758  -29.062906128
    0.000000000   -1.570796327  -35.730671703  -29.166681682  -23.973911727
    0.174532925   -1.570796327  -41.672524688  -38.740391463  -18.962922458
    0.349065850   -1.570796327  -49.083788498  -45.527138471  -14.963915950
    0.523598776   -1.570796327  -57.213153404  -46.410851023  -12.679780625
    0.698131701   -1.570796327  -64.751751051  -38.351744782  -12.356653944
    0.872664626   -1.570796327  -70.011244983  -20.388289923  -13.622442810
    1.047197551   -1.570796327  -71.427140681    4.969537716  -15.562398596
    1.221730476   -1.570796327  -68.176012886   31.970930115  -17.059109386
    1.396263402   -1.570796327  -60.577213202   53.697481570  -17.264857638
    1.570796327   -1.570796327  -50.053463795   64.862391125  -15.939718651
    1.745329252   -1.570796327  -38.664129229   63.616273697  -13.454546767
    1.919862177   -1.570796327  -28.474940490   51.610267967  -10.529639328
    2.094395102   -1.570796327  -21.051472671   32.627363614   -7.891258940
    2.268928028   -1.570796327  -17.239337391   10.885741237   -6.005752113
    2.443460953   -1.570796327  -17.197619495  -10.051622062   -5.015592726
    2.617993878   -1.570796327  -20.534673311  -27.447293421   -4.764948259
    2.792526803   -1.570796327  -26.438811817  -39.154134916   -4.915410634
    2.967059728   -1.570796327  -33.762846682  -43.575815281   -5.078316757

   -3.141592654   -1.396263402  -42.431068884  -39.976539112   -9.189502053
   -2.967059728   -1.396263402  -48.539732533  -29.192198750   -8.976903716
   -2.792526803   -1.396263402  -52.407227465  -14.962150415   -8.340774660
   -2.617993878   -1.396263402  -53.801836656   -1.525263883   -7.653054170
   -2.443460953   -1.396263402  -53.189273471    7.649721662   -7.288216193
   -2.268928028   -1.396263402  -51.455351702   11.353444276   -7.511988779
   -2.094395102   -1.396263402  -49.472383492   10.883068093   -8.523608979
   -1.919862177   -1.396263402  -47.745847151    8.874590369  -10.546670062
   -1.745329252   -1.396263402  -46.329027716    7.614775320  -13.833518491
   -1.570796327   -1.396263402  -44.987371156    8.032775226  -18.504008887
   -1.396263402   -1.396263402  -43.451369185    9.670800072  -24.316479074
   -1.221730476   -1.396263402  -41.603187305   11.396617982  -30.540205361
   -1.047197551   -1.396263402  -39.532696216   12.058074082  -36.076033846
   -0.872664626   -1.396263402  -37.493967540   10.920150485  -39.766818019
   -0.698131701   -1.396263402  -35.829725871    7.732986019  -40.753864222
   -0.523598776   -1.396263402  -34.899413908    2.572879555  -38.757573045
   -0.349065850   -1.396263402  -35.032097279   -4.413522686  -34.149542722
   -0.174532925   -1.396263402  -36.534045682  -13.098293494  -27.838315751
    0.000000000   -1.396263402  -39.682930240  -23.200548825  -21.046853286
    0.174532925   -1.396263402  -44.652302444  -33.733408187  -15.027679986
    0.349065850   -1.396263402  -51.337430243  -42.321160804  -10.791795685
    0.523598776   -1.396263402  -59.096648776  -45.389817044   -8.874990067
    0.698131701   -1.396263402  -66.635078059  -39.279865041   -9.186878534
    0.872664626   -1.396263402  -72.168489695  -22.430187749  -11.010981505
    1.047197551   -1.396263402  -73.953578375    2.969227011  -13.234504012
    1.221730476   -1.396263402  -70.970446719   31.026492023  -14.747046800
    1.396263402   -1.396263402  -63.403807115   54.283327107  -14.869779741
    1.570796327   -1.396263402  -52.652704600   66.793860804  -13.575059949
    1.745329252   -1.396263402  -40.854120436   66.240542187  -11.375061668
    1.919862177   -1.396263402  -30.202519896   54.158269335   -9.014050840
    2.094395102   -1.396263402  -22.385477097   34.517541306   -7.154120464
    2.268928028   -1.396263402  -18.322606640   11.849561205   -6.171107383
    2.443460953   -1.396263402  -18.191849341   -9.962570535   -6.135438113
    2.617993878   -1.396263402  -21.569935960  -27.941493028   -6.839039652
    2.792526803   -1.396263402  -27.580680376  -39.804700425   -7.881438964
    2.967059728   -1.396263402  -35.001366477  -43.975083154   -8.788906039

   -3.141592654   -1.221730476  -44.171230711  -40.149268304  -10.225988488
   -2.967059728   -1.221730476  -50.252060947  -28.747464264  -10.113933447
   -2.792526803   -1.221730476  -54.013164334  -14.261537002   -9.565186337
   -2.617993878   -1.221730476  -55.296838989   -1.023693354   -9.047032960
   -2.443460953   -1.221730476  -54.641124276    7.598812110   -8.995962526
   -2.268928028   -1.221730476  -52.980902922   10.531390836   -9.688587220
   -2.094395102   -1.221730476  -51.221455350    9.112516037  -11.287086466
   -1.919862177   -1.221730476  -49.901700456    5.947384993  -13.940709582
   -1.745329252   -1.221730476  -49.109754862    3.367741460  -17.791585443
   -1.570796327   -1.221730476  -48.620260727    2.562109884  -22.825412250
   -1.396263402   -1.221730476  -48.110119513    3.516789834  -28.675383091
   -1.221730476   -1.221730476  -47.326342010    5.539029085  -34.536035622
   -1.047197551   -1.221730476  -46.164463625    7.693534212  -39.300097018
   -0.872664626   -1.221730476  -44.678282354    9.097351145  -41.856451987
   -0.698131701   -1.221730476  -43.065612550    9.006222226  -41.431087483
   -0.523598776   -1.221730476  -41.646849522    6.817202688  -37.874818582
   -0.349065850   -1.221730476  -40.832643225    2.015604823  -31.752160460
   -0.174532925   -1.221730476  -41.110472377   -5.732915671  -24.211001522
    0.000000000   -1.221730476  -42.993468443  -16.289130828  -16.690143611
    0.174532925   -1.221730476  -46.885881893  -28.472332732  -10.539586683
    0.349065850   -1.221730476  -52.853846098  -39.434909385   -6.674015993
    0.523598776   -1.221730476  -60.327136615  -44.957057511   -5.361207048
    0.698131701   -1.221730476  -67.965572122  -40.716899636   -6.177346297
    0.872664626   -1.221730476  -73.836830697  -24.676661141   -8.162466905
    1.047197551   -1.221730476  -75.997772326    1.081193291  -10.167049685
    1.221730476   -1.221730476  -73.247258637   30.335083975  -11.249832691
    1.396263402   -1.221730476  -65.674060343   55.019669046  -11.004798354
    1.570796327   -1.221730476  -54.692153555   68.594610367   -9.631267240
    1.745329252   -1.221730476  -42.536150425   68.406678313   -7.726333962
    1.919862177   -1.221730476  -31.526148038   55.992673524   -5.972511594
    2.094395102   -1.221730476  -23.453895372   35.557790522   -4.890752573
    2.268928028   -1.221730476  -19.293173267   11.927644116   -4.720017404
    2.443460953   -1.221730476  -19.226392143  -10.731757545   -5.439130429
    2.617993878   -1.221730476  -22.789658899  -29.220871476   -6.792839515
    2.792526803   -1.221730476  -29.033652139  -41.111753372   -8.351179002
    2.967059728   -1.221730476  -36.649890947  -44.842657849   -9.618857248

   -3.141592654   -1.047197551  -45.784686607  -40.409759884   -7.806402341
   -2.967059728   -1.047197551  -51.859219260  -28.475650358   -7.895133932
   -2.792526803   -1.047197551  -55.557278760  -13.890812193   -7.811377238
   -2.617993878   -1.047197551  -56.803323059   -1.029016186   -8.001734595
   -2.443460953   -1.047197551  -56.205952857    6.901595437   -8.807881035
   -2.268928028   -1.047197551  -54.739183374    8.997327080  -10.380229501
   -2.094395102   -1.047197551  -53.326977761    6.651724505  -12.763478388
   -1.919862177   -1.047197551  -52.525480653    2.451282170  -16.009937481
   -1.745329252   -1.047197551  -52.438499703   -1.207344013  -20.166381616
   -1.570796327   -1.047197551  -52.828479753   -2.874827072  -25.115985240
   -1.396263402   -1.047197551  -53.300606453   -2.163761076  -30.410861563
   -1.221730476   -1.047197551  -53.459934066    0.590158519  -35.238432356
   -1.047197551   -1.047197551  -53.016117379    4.583465117  -38.591062659
   -0.872664626   -1.047197551  -51.844113771    8.724143883  -39.554443629
   -0.698131701   -1.047197551  -50.026192903   11.742920611  -37.607286340
   -0.523598776   -1.047197551  -47.876488988   12.343576596  -32.848031825
   -0.349065850   -1.047197551  -45.921259251    9.356154762  -26.037610078
   -0.174532925   -1.047197551  -44.859162782    2.030361945  -18.422675845
    0.000000000   -1.047197551  -45.455411690   -9.531692976  -11.408439745
    0.174532925   -1.047197551  -48.338681567  -23.799607482   -6.168950508
    0.349065850   -1.047197551  -53.711621406  -37.306948355   -3.320441934
    0.523598776   -1.047197551  -61.021697511  -45.120789701   -2.788061901
    0.698131701   -1.047197551  -68.829939177  -42.329642037   -3.877225576
    0.872664626   -1.047197551  -75.026850035  -26.618636963   -5.546890199
    1.047197551   -1.047197551  -77.479664191   -0.192652830   -6.806118210
    1.221730476   -1.047197551  -74.849784646   30.257223626   -7.046566152
    1.396263402   -1.047197551  -67.184880708   56.080483473   -6.213813911
    1.570796327   -1.047197551  -55.952126721   70.294822022   -4.712272980
    1.745329252   -1.047197551  -43.491283761   70.093007764   -3.133251960
    1.919862177   -1.047197551  -32.228312450   57.133017521   -1.988844519
    2.094395102   -1.047197551  -24.027343397   35.871122191   -1.574104474
    2.268928028   -1.047197551  -19.888817880   11.374446712   -1.950429647
    2.443460953   -1.047197551  -19.983282327  -11.978859068   -3.005834548
    2.617993878   -1.047197551  -23.801058352  -30.818675360   -4.481695912
    2.792526803   -1.047197551  -30.321432915  -42.601896546   -6.008418860
    2.967059728   -1.047197551  -38.156693239  -45.807176830   -7.196796796

   -3.141592654   -0.872664626  -46.739413684  -40.841266660   -2.902711641
   -2.967059728   -0.872664626  -52.872161787  -28.771733126   -3.557289746
   -2.792526803   -0.872664626  -56.638169801  -14.431501760   -4.517983655
   -2.617993878   -0.872664626  -58.024202881   -2.124929412   -6.017997316
   -2.443460953   -0.872664626  -57.676339510    5.135927859   -8.116688530
   -2.268928028   -0.872664626  -56.575244600    6.579676485  -10.728147444
   -2.094395102   -0.872664626  -55.640965465    3.588493868  -13.768907366
   -1.919862177   -0.872664626  -55.434129355   -1.308621391  -17.254601763
   -1.745329252   -0.872664626  -56.064154551   -5.644141249  -21.220409350
   -1.570796327   -0.872664626  -57.269173708   -7.700139142  -25.516796743
   -1.396263402   -0.872664626  -58.572622757   -6.727055501  -29.660275554
   -1.221730476   -0.872664626  -59.440276406   -2.806382393  -32.869695672
   -1.047197551   -0.872664626  -59.419723804    3.258230450  -34.301098095
   -0.872664626   -0.872664626  -58.252012915   10.061734368  -33.347641030
   -0.698131701   -0.872664626  -55.961080527   15.786508463  -29.881137924
   -0.523598776   -0.872664626  -52.907527238   18.510558343  -24.350061489
   -0.349065850   -0.872664626  -49.766989665   16.558192554  -17.703428619
   -0.174532925   -0.872664626  -47.453046018    8.950282795  -11.134324320
    0.000000000   -0.872664626  -46.954245569   -4.074624796   -5.759033221
    0.174532925   -0.872664626  -49.069119115  -20.517778535   -2.312106464
    0.349065850   -0.872664626  -54.068890025  -36.268221345   -0.940354745
    0.523598776   -0.872664626  -61.355875738  -45.764160031   -1.201038594
    0.698131701   -0.872664626  -69.354257059  -43.699650935   -2.239999775
    0.872664626   -0.872664626  -75.779941188  -27.737466252   -3.127235064
    1.047197551   -0.872664626  -78.355355568   -0.419537623   -3.221295443
    1.221730476   -0.872664626  -75.674680101   31.032236077   -2.376220560
    1.396263402   -0.872664626  -67.809232195   57.507852794   -0.918125487
    1.570796327   -0.872664626  -56.309994472   71.822061921    0.609048210
    1.745329252   -0.872664626  -43.610798574   71.233090692    1.736513242
    1.919862177   -0.872664626  -32.203476808   57.623490617    2.237994776
    2.094395102   -0.872664626  -23.978220767   35.670449714    2.120011263
    2.268928028   -0.872664626  -19.929007518   10.579830572    1.519950599
    2.443460953   -0.872664626  -20.201093917  -13.178611969    0.609200027
    2.617993878   -0.872664626  -24.245411072  -32.164823634   -0.434520258
    2.792526803   -0.872664626  -30.991541516  -43.796020545   -1.433310290
    2.967059728   -0.872664626  -39.004291920  -46.625279151   -2.255651216

   -3.141592654   -0.698131701  -46.754759842  -41.736507118    2.619633368
   -2.967059728   -0.698131701  -53.082538754  -30.145944724    0.974923074
   -2.792526803   -0.698131701  -57.142789757  -16.432082821   -1.486376873
   -2.617993878   -0.698131701  -58.931068331   -4.705615851   -4.609660955
   -2.443460953   -0.698131701  -59.069563932    2.183778283   -8.052371476
   -2.268928028   -0.698131701  -58.500949900    3.452655709  -11.471198129
   -2.094395102   -0.698131701  -58.123928282    0.321029520  -14.721709685
   -1.919862177   -0.698131701  -58.506539094   -4.812378640  -17.892227300
   -1.745329252   -0.698131701  -59.771085055   -9.391407439  -21.110294117
   -1.570796327   -0.698131701  -61.632085319  -11.386755335  -24.263640959
   -1.396263402   -0.698131701  -63.527927653   -9.695001528  -26.864187312
   -1.221730476   -0.698131701  -64.791553929   -4.244459939  -28.170669400
   -1.047197551   -0.698131701  -64.838757829    3.995874949  -27.516210802
   -0.872664626   -0.698131701  -63.334796259   13.164808638  -24.640296324
   -0.698131701   -0.698131701  -60.320275270   20.870776070  -19.863728545
   -0.523598776   -0.698131701  -56.267623781   24.696616666  -14.018045567
   -0.349065850   -0.698131701  -52.031985040   22.726439024   -8.202325958
   -0.174532925   -0.698131701  -48.720985608   14.050655382   -3.430439390
    0.000000000   -0.698131701  -47.478845639   -0.737027804   -0.350145822
    0.174532925   -0.698131701  -49.180901609  -19.101481416    0.908244752
    0.349065850   -0.698131701  -54.076433209  -36.384680665    0.746493572
    0.523598776   -0.698131701  -61.460975257  -46.619010092   -0.065561275
    0.698131701   -0.698131701  -69.606015575  -44.396600436   -0.653483880
    0.872664626   -0.698131701  -76.088539122  -27.632001937   -0.378133277
    1.047197551   -0.698131701  -78.560715308    0.630806819    0.909727073
    1.221730476   -0.698131701  -75.636664718   32.673561735    2.834086866
    1.396263402   -0.698131701  -67.475493511   59.148420403    4.725420450
    1.570796327   -0.698131701  -55.727741539   72.966425126    6.002418759
    1.745329252   -0.698131701  -42.889326012   71.681178810    6.436456305
    1.919862177   -0.698131701  -31.459408061   57.469472619    6.178366369
    2.094395102   -0.698131701  -23.297161872   35.146956495    5.579101269
    2.268928028   -0.698131701  -19.355612176    9.903113028    4.966821994
    2.443460953   -0.698131701  -19.748857843  -13.872091977    4.518265204
    2.617993878   -0.698131701  -23.910952690  -32.814876320    4.235864026
    2.792526803   -0.698131701  -30.766202858  -44.405649097    3.987738073
    2.967059728   -0.698131701  -38.887278078  -47.283173900    3.542685270

   -3.141592654   -0.523598776  -45.892773022  -43.410631568    6.901871815
   -2.967059728   -0.523598776  -52.609208058  -32.910005737    4.091197487
   -2.792526803   -0.523598776  -57.233738326  -20.061525608    0.128807128
   -2.617993878   -0.523598776  -59.696203448   -8.704734660   -4.391371212
   -2.443460953   -0.523598776  -60.524719828   -1.647230903   -8.751754535
   -2.268928028   -0.523598776  -60.585347996    0.094978066  -12.440712516
   -2.094395102   -0.523598776  -60.753998458   -2.605721634  -15.359779237
   -1.919862177   -0.523598776  -61.627213109   -7.546156628  -17.755841205
   -1.745329252   -0.523598776  -63.362004407  -12.033983103  -19.899637414
   -1.570796327   -0.523598776  -65.658683797  -13.650944731  -21.738124884
   -1.396263402   -0.523598776  -67.870477679  -10.921075215  -22.781577988
   -1.221730476   -0.523598776  -69.203706175   -3.708763490  -22.319190945
   -1.047197551   -0.523598776  -68.971781327    6.681348396  -19.841820402
   -0.872664626   -0.523598776  -66.822884413   17.781091864  -15.407052545
   -0.698131701   -0.523598776  -62.890285255   26.605094025   -9.742863825
   -0.523598776   -0.523598776  -57.821532077   30.404074437   -4.008612780
   -0.349065850   -0.523598776  -52.671822648   27.335321017    0.616589890
   -0.174532925   -0.523598776  -48.704468028   16.893441985    3.370173090
    0.000000000   -0.523598776  -47.130990596    0.244290658    4.127086323
    0.174532925   -0.523598776  -48.794534395  -19.524959225    3.376609580
    0.349065850   -0.523598776  -53.828542599  -37.394063855    2.028268539
    0.523598776   -0.523598776  -61.372539589  -47.297141805    1.080916724
    0.698131701   -0.523598776  -69.553265213  -44.060628882    1.301746456
    0.872664626   -0.523598776  -75.870428554  -26.102304991    2.927751546
    1.047197551   -0.523598776  -77.997404765    2.940931573    5.569202449
    1.221730476   -0.523598776  -74.657697046   34.978293065    8.362444394
    1.396263402   -0.523598776  -66.150752048   60.706754113   10.386767060
    1.570796327   -0.523598776  -54.224330370   73.445364712   11.122257703
    1.745329252   -0.523598776  -41.387839400   71.248089854   10.646135182
    1.919862177   -0.523598776  -30.078920546   56.611945517    9.507654717
    2.094395102   -0.523598776  -22.065893329   34.367735841    8.388827442
    2.268928028   -0.523598776  -18.230109339    9.499500780    7.775344454
    2.443460953   -0.523598776  -18.657891319  -13.882746074    7.803245175
    2.617993878   -0.523598776  -22.802450487  -32.655792304    8.247885368
    2.792526803   -0.523598776  -29.641857894  -44.458058291    8.627403584
    2.967059728   -0.523598776  -37.821779410  -47.977043199    8.346559846

   -3.141592654   -0.349065850  -44.478277917  -45.946441105    8.829367454
   -2.967059728   -0.349065850  -51.771914870  -36.914476103    5.095138866
   -2.792526803   -0.349065850  -57.182646090  -24.923659825    0.173611949
   -2.617993878   -0.349065850  -60.505327095  -13.551827998   -5.013185405
   -2.443460953   -0.349065850  -62.121938712   -5.740138295   -9.547486320
   -2.268928028   -0.349065850  -62.806111906   -2.953944897  -12.912818715
   -2.094395102   -0.349065850  -63.427448247   -4.806384135  -15.147155622
   -1.919862177   -0.349065850  -64.640481051   -9.300252868  -16.660804728
   -1.745329252   -0.349065850  -66.659347175  -13.528288224  -17.820541384
   -1.570796327   -0.349065850  -69.177138299  -14.600224786  -18.581399787
   -1.396263402   -0.349065850  -71.459679514  -10.654464994  -18.424641623
   -1.221730476   -0.349065850  -72.591136513   -1.577700287  -16.661417022
   -1.047197551   -0.349065850  -71.808247780   10.839023893  -12.922248010
   -0.872664626   -0.349065850  -68.792786666   23.400927554   -7.526668239
   -0.698131701   -0.349065850  -63.833142618   32.533730637   -1.505726564
   -0.523598776   -0.349065850  -57.799226666   35.324343868    3.774710871
   -0.349065850   -0.349065850  -51.952328853   30.291015912    7.148652770
   -0.174532925   -0.349065850  -47.665141431   17.619382359    8.125701971
    0.000000000   -0.349065850  -46.129350369   -0.788325164    7.040764538
    0.174532925   -0.349065850  -48.056827731  -21.323380558    4.880119849
    0.349065850   -0.349065850  -53.388017403  -38.818877439    2.915953001
    0.523598776   -0.349065850  -61.077541383  -47.425383980    2.246621771
    0.698131701   -0.349065850  -69.134041575  -42.514120132    3.450640580
    0.872664626   -0.349065850  -75.052406207  -23.195532740    6.355065792
    1.047197551   -0.349065850  -76.616926422    6.288936050   10.100111761
    1.221730476   -0.349065850  -72.735989185   37.652478543   13.457729971
    1.396263402   -0.349065850  -63.883095510   61.918881365   15.373763384
    1.570796327   -0.349065850  -51.886859686   73.078858473   15.444858199
    1.745329252   -0.349065850  -39.217338285   69.834726883   14.031754297
    1.919862177   -0.349065850  -28.185941322   54.993515900   12.010813561
    2.094395102   -0.349065850  -20.418042707   33.271705360   10.319620892
    2.268928028   -0.349065850  -16.699855964    9.267130590    9.553330096
    2.443460953   -0.349065850  -17.098728894  -13.377269675    9.794387978
    2.617993878   -0.349065850  -21.125711329  -31.923162993   10.615832445
    2.792526803   -0.349065850  -27.869429784  -44.224799488   11.253167753
    2.967059728   -0.349065850  -36.103957553  -48.935988952   10.857272355

   -3.141592654   -0.174532925  -42.944447735  -49.097640375    8.363058341
   -2.967059728   -0.174532925  -50.928484386  -41.554639014    4.299059268
   -2.792526803   -0.174532925  -57.218718268  -30.180465212   -0.703961066
   -2.617993878   -0.174532925  -61.436390458  -18.389298746   -5.619871506
   -2.443460953   -0.174532925  -63.803634005   -9.428724250   -9.575732816
   -2.268928028   -0.174532925  -65.015943562   -5.343099823  -12.217225791
   -2.094395102   -0.174532925  -65.964527400   -6.252562449  -13.755141297
   -1.919862177   -0.174532925  -67.384504113  -10.291861623  -14.684669212
   -1.745329252   -0.174532925  -69.553398545  -14.240337993  -15.340179780
   -1.570796327   -0.174532925  -72.149532073  -14.685244197  -15.577142550
   -1.396263402   -0.174532925  -74.342157585   -9.413466926  -14.799169469
   -1.221730476   -0.174532925  -75.096988148    1.560361288  -12.339248159
   -1.047197551   -0.174532925  -73.598420827   15.836121855   -7.970439510
   -0.872664626   -0.174532925  -69.603365045   29.431355923   -2.229918350
   -0.698131701   -0.174532925  -63.598343650   38.234529739    3.658938029
   -0.523598776   -0.174532925  -56.699455830   39.333135765    8.262720165
   -0.349065850   -0.174532925  -50.363165581   31.823613758   10.526396648
   -0.174532925   -0.174532925  -46.024434927   16.763350820   10.224483481
    0.000000000   -0.174532925  -44.785271648   -3.136510689    8.027184325
    0.174532925   -0.174532925  -47.156224983  -23.817395340    5.220569482
    0.349065850   -0.174532925  -52.838552053  -40.161767362    3.239864622
    0.523598776   -0.174532925  -60.596511518  -46.787381494    3.148707992
    0.698131701   -0.174532925  -68.357110685  -39.831091200    5.304595180
    0.872664626   -0.174532925  -73.676127147  -19.195199500    9.202725363
    1.047197551   -0.174532925  -74.518214346   10.329211145   13.666577372
    1.221730476   -0.174532925  -70.025209061   40.435933733   17.279231201
    1.396263402   -0.174532925  -60.857464054   62.690667877   18.969989411
    1.570796327   -0.174532925  -48.902809712   71.919319863   18.459520990
    1.745329252   -0.174532925  -36.549942305   67.544226947   16.298428714
    1.919862177   -0.174532925  -25.938543727   52.654015457   13.550909626
    2.094395102   -0.174532925  -18.516424257   31.756058571   11.292249020
    2.268928028   -0.174532925  -14.960202104    8.936998554   10.174353039
    2.443460953   -0.174532925  -15.326101176  -12.756541157   10.248191239
    2.617993878   -0.174532925  -19.210941134  -31.061759343   10.977483055
    2.792526803   -0.174532925  -25.850980804  -44.058582482   11.464143279
    2.967059728   -0.174532925  -34.178244205  -50.267463965   10.778453471

   -3.141592654    0.000000000  -41.656877975  -52.373375197    6.155896791
   -2.967059728    0.000000000  -50.328119040  -46.014830241    2.447335486
   -2.792526803    0.000000000  -57.434629142  -34.895954784   -1.784519099
   -2.617993878    0.000000000  -62.426997512  -22.416606804   -5.644275746
   -2.443460953    0.000000000  -65.394938476  -12.248332243   -8.514903297
   -2.268928028    0.000000000  -66.994647966   -7.018086884  -10.311360813
   -2.094395102    0.000000000  -68.168006122   -7.243430343  -11.396928198
   -1.919862177    0.000000000  -69.735518264  -11.038726163  -12.236520851
   -1.745329252    0.000000000  -72.019480022  -14.768525991  -12.987917137
   -1.570796327    0.000000000  -74.656004581  -14.501356497  -13.296866737
   -1.396263402    0.000000000  -76.700197673   -7.775407781  -12.446887346
   -1.221730476    0.000000000  -77.004137695    5.125338799   -9.806453049
   -1.047197551    0.000000000  -74.726729171   21.092239101   -5.315839681
   -0.872664626    0.000000000  -69.736054137   35.358516000    0.289478017
   -0.698131701    0.000000000  -62.742390720   43.385515310    5.680568923
   -0.523598776    0.000000000  -55.108686935   42.427472902    9.480184087
   -0.349065850    0.000000000  -48.459042902   32.299376110   10.836400116
   -0.174532925    0.000000000  -44.245176125   14.989986355    9.782316269
    0.000000000    0.000000000  -43.431963060   -6.014063821    7.201534796
    0.174532925    0.000000000  -46.293982237  -26.316609811    4.482850630
    0.349065850    0.000000000  -52.282603465  -41.003893225    3.024820306
    0.523598776    0.000000000  -59.988949048  -45.313722315    3.729316230
    0.698131701    0.000000000  -67.298209446  -36.249759437    6.716660129
    0.872664626    0.000000000  -71.875990015  -14.507320315   11.249445724
    1.047197551    0.000000000  -71.907459994   14.677045547   16.004080895
    1.221730476    0.000000000  -66.784930539   43.121595098   19.555130176
    1.396263402    0.000000000  -57.348787717   63.051277278   20.927476296
    1.570796327    0.000000000  -45.524802363   70.173411301   19.965752263
    1.745329252    0.000000000  -33.596449509   64.622122921   17.309536437
    1.919862177    0.000000000  -23.512172712   49.730629829   14.062461691
    2.094395102    0.000000000  -16.529422611   29.755584926   11.309337143
    2.268928028    0.000000000  -13.210178557    8.228609481    9.701628367
    2.443460953    0.000000000  -13.602188050  -12.444666550    9.289685869
    2.617993878    0.000000000  -17.397019208  -30.498099088    9.542180414
    2.792526803    0.000000000  -23.986994066  -44.208036150    9.595155106
    2.967059728    0.000000000  -32.460942666  -51.882479414    8.606314683

   -3.141592654    0.174532925  -40.844442767  -55.270950442    3.039500415
   -2.967059728    0.174532925  -50.092969116  -49.603796523    0.190207136
   -2.792526803    0.174532925  -57.829104279  -38.382267121   -2.739384738
   -2.617993878    0.174532925  -63.370609255  -25.143063092   -5.139557434
   -2.443460953    0.174532925  -66.730159250  -14.022022996   -6.752131429
   -2.268928028    0.174532925  -68.574429602   -8.124074678   -7.778560657
   -2.094395102    0.174532925  -69.918039416   -8.164181225   -8.678477020
   -1.919862177    0.174532925  -71.652975939  -12.043667245   -9.794552764
   -1.745329252    0.174532925  -74.106925791  -15.625966811  -11.023315341
   -1.570796327    0.174532925  -76.831892196  -14.517715288  -11.754133454
   -1.396263402    0.174532925  -78.747169552   -6.170034603  -11.152234078
   -1.221730476    0.174532925  -78.599850120    8.693611142   -8.653397964
   -1.047197551    0.174532925  -75.554878291   26.179732589   -4.390739373
   -0.872664626    0.174532925  -69.624503871   40.800032542    0.723436210
   -0.698131701    0.174532925  -61.754396179   47.754992206    5.333571879
   -0.523598776    0.174532925  -53.534991319   44.638838778    8.226713572
   -0.349065850    0.174532925  -46.715272371   32.062600513    8.836325191
   -0.174532925    0.174532925  -42.718431024   12.902169377    7.457934395
    0.000000000    0.174532925  -42.343241851   -8.710376908    5.101028836
    0.174532925    0.174532925  -45.624518217  -28.195506896    3.105216685
    0.349065850    0.174532925  -51.785063279  -40.965940708    2.669478730
    0.523598776    0.174532925  -59.281266394  -42.947449291    4.418677447
    0.698131701    0.174532925  -66.000365941  -32.003078708    8.200461137
    0.872664626    0.174532925  -69.752458988   -9.531960007   13.099188211
    1.047197551    0.174532925  -68.957324483   18.934252842   17.762669610
    1.221730476    0.174532925  -63.246044920   45.459783199   20.898810775
    1.396263402    0.174532925  -53.612800148   62.967024635   21.738538294
    1.570796327    0.174532925  -41.997217646   67.990615978   20.289420879
    1.745329252    0.174532925  -30.566864679   61.289962021   17.240266355
    1.919862177    0.174532925  -21.081567943   46.384434899   13.638699071
    2.094395102    0.174532925  -14.616405201   27.275263645   10.474892840
    2.268928028    0.174532925  -11.624155078    6.969161590    8.337361054
    2.443460953    0.174532925  -12.142994377  -12.727845143    7.283453167
    2.617993878    0.174532925  -15.950473930  -30.498838179    6.868377776
    2.792526803    0.174532925  -22.577289738  -44.762868635    6.385925967
    2.967059728    0.174532925  -31.243168053  -53.579555314    5.191725412

   -3.141592654    0.349065850  -40.603379309  -57.466049994   -0.283305487
   -2.967059728    0.349065850  -50.258115686  -51.965155792   -2.083330299
   -2.792526803    0.349065850  -58.380724967  -40.366044813   -3.593362386
   -2.617993878    0.349065850  -64.211368102  -26.455128570   -4.533031101
   -2.443460953    0.349065850  -67.748543456  -14.802659279   -4.987671178
   -2.268928028    0.349065850  -69.714914422   -8.829974282   -5.381912034
   -2.094395102    0.349065850  -71.208628379   -9.227894948   -6.200887728
   -1.919862177    0.349065850  -73.167578858  -13.507490961   -7.625332860
   -1.745329252    0.349065850  -75.878728629  -16.982308345   -9.301253516
   -1.570796327    0.349065850  -78.768382888  -14.894495415  -10.416605676
   -1.396263402    0.349065850  -80.604626009   -4.793246454  -10.092566590
   -1.221730476    0.349065850  -80.045725285   11.997922120   -7.887423303
   -1.047197551    0.349065850  -76.297070781   30.769522309   -4.130256698
   -0.872664626    0.349065850  -69.541244568   45.433061756    0.154435280
   -0.698131701    0.349065850  -60.955078106   51.133289030    3.695555840
   -0.523598776    0.349065850  -52.318313184   45.970874659    5.556524383
   -0.349065850    0.349065850  -45.448866761   31.372981717    5.524080603
   -0.174532925    0.349065850  -41.695596013   10.979298582    4.152715284
    0.000000000    0.349065850  -41.675088618  -10.633219850    2.510198531
    0.174532925    0.349065850  -45.200774327  -28.889656855    1.778969630
    0.349065850    0.349065850  -51.312460580  -39.640032858    2.841615831
    0.523598776    0.349065850  -58.388888956  -39.519824294    5.949604244
    0.698131701    0.349065850  -64.371970635  -27.175684505   10.618750755
    0.872664626    0.349065850  -67.247391247   -4.553725794   15.748626960
    1.047197551    0.349065850  -65.669550185   22.719336632   20.007056667
    1.221730476    0.349065850  -59.476515248   47.091938334   22.325922017
    1.396263402    0.349065850  -49.770712561   62.196618519   22.250997055
    1.570796327    0.349065850  -38.469908097   65.283908020   20.041750380
    1.745329252    0.349065850  -27.614621581   57.583320488   16.475144469
    1.919862177    0.349065850  -18.788704778   42.695656390   12.519678192
    2.094395102    0.349065850  -12.907607886   24.358352715    9.005401648
    2.268928028    0.349065850  -10.331602149    5.122490946    6.392648394
    2.443460953    0.349065850  -11.090162885  -13.699809691    4.716358985
    2.617993878    0.349065850  -15.028988072  -31.138454301    3.639873691
    2.792526803    0.349065850  -21.784151486  -45.687477372    2.665365462
    2.967059728    0.349065850  -30.667341873  -55.164727315    1.385622971

   -3.141592654    0.523598776  -40.922927545  -58.870354381   -3.304981190
   -2.967059728    0.523598776  -50.803827759  -53.092027175   -4.126667940
   -2.792526803    0.523598776  -59.077968557  -40.948204434   -4.403413968
   -2.617993878    0.523598776  -64.962896828  -26.530502128   -4.144633171
   -2.443460953    0.523598776  -68.495678012  -14.763238030   -3.687501048
   -2.268928028    0.523598776  -70.484830041   -9.214886025   -3.571185553
   -2.094395102    0.523598776  -72.110065243  -10.370318095   -4.233781411
   -1.919862177    0.523598776  -74.326753160  -15.241619584   -5.698817536
   -1.745329252    0.523598776  -77.344299150  -18.608288971   -7.451647499
   -1.570796327    0.523598776  -80.439651524  -15.476362216   -8.622196319
   -1.396263402    0.523598776  -82.233356495   -3.658568333   -8.425097688
   -1.221730476    0.523598776  -81.322223777   14.828303948   -6.609173616
   -1.047197551    0.523598776  -76.983809065   34.515054261   -3.662653022
   -0.872664626    0.523598776  -69.580366577   48.899880990   -0.593897699
   -0.698131701    0.523598776  -60.491850619   53.287591038    1.570147234
   -0.523598776    0.523598776  -51.628672594   46.407073384    2.287984468
   -0.349065850    0.523598776  -44.812104919   30.446486674    1.737081303
   -0.174532925    0.523598776  -41.274239004    9.619598131    0.689747178
    0.000000000    0.523598776  -41.446020562  -11.291864704    0.188637073
    0.174532925    0.523598776  -44.954802390  -27.915356643    1.168340035
    0.349065850    0.523598776  -50.719818441  -36.639805141    4.117976614
    0.523598776    0.523598776  -57.113266308  -34.813010486    8.856218667
    0.698131701    0.523598776  -62.194298462  -21.757853937   14.522091156
    0.872664626    0.523598776  -64.158886958    0.230625771   19.807143630
    1.047197551    0.523598776  -61.891579247   25.675120234   23.409932402
    1.221730476    0.523598776  -55.393784071   47.589424729   24.532668986
    1.396263402    0.523598776  -45.813233667   60.345082440   23.119674634
    1.570796327    0.523598776  -34.992997870   61.778005774   19.778098832
    1.745329252    0.523598776  -24.824535945   53.380564995   15.448001297
    1.919862177    0.523598776  -16.727611777   38.671857448   11.044940559
    2.094395102    0.523598776  -11.488765303   21.082012883    7.213520375
    2.268928028    0.523598776   -9.403051277    2.778548868    4.234135646
    2.443460953    0.523598776  -10.499422975  -15.281174620    2.070266815
    2.617993878    0.523598776  -14.674700312  -32.337033356    0.466728666
    2.792526803    0.523598776  -21.634270568  -46.881902998   -0.878045158
    2.967059728    0.523598776  -30.741089164  -56.523934408   -2.149815532

   -3.141592654    0.698131701  -41.712924362  -59.561427325   -5.615150852
   -2.967059728    0.698131701  -51.665270071  -53.195371764   -5.648443252
   -2.792526803    0.698131701  -59.902551812  -40.440479630   -5.004984963
   -2.617993878    0.698131701  -65.663881151  -25.691822292   -3.909347998
   -2.443460953    0.698131701  -69.058658305  -14.115777123   -2.834482479
   -2.268928028    0.698131701  -70.990814305   -9.278253873   -2.316270800
   -2.094395102    0.698131701  -72.707425596  -11.347834119   -2.678568929
   -1.919862177    0.698131701  -75.156079911  -16.827353558   -3.813659455
   -1.745329252    0.698131701  -78.451414796  -20.060198052   -5.171038752
   -1.570796327    0.698131701  -81.726662042  -15.967803470   -6.003272783
   -1.396263402    0.698131701  -83.484992752   -2.736721135   -5.774947865
   -1.221730476    0.698131701  -82.300223812   16.945211177   -4.480255031
   -1.047197551    0.698131701  -77.543436164   37.024720546   -2.686901306
   -0.872664626    0.698131701  -69.738854279   50.836487342   -1.212911529
   -0.698131701    0.698131701  -60.411030590   54.035956928   -0.660264208
   -0.523598776    0.698131701  -51.522749642   46.012212101   -1.075185543
   -0.349065850    0.698131701  -44.830778401   29.559485899   -1.903610533
   -0.174532925    0.698131701  -41.420245471    9.214852054   -2.254916658
    0.000000000    0.698131701  -41.551195269  -10.284428952   -1.237324604
    0.174532925    0.698131701  -44.716728379  -24.939711218    1.735691909
    0.349065850    0.698131701  -49.788841601  -31.747266837    6.710781124
    0.523598776    0.698131701  -55.209804853  -28.745269674   13.072386470
    0.698131701    0.698131701  -59.220746767  -15.807723317   19.610127477
    0.872664626    0.698131701  -60.262219939    4.633667283   24.845816631
    1.047197551    0.698131701  -57.441022462   27.509092510   27.546656148
    1.221730476    0.698131701  -50.872234182   46.602823399   27.212491326
    1.396263402    0.698131701  -41.675911162   57.071897911   24.214530587
    1.570796327    0.698131701  -31.555616508   57.209576439   19.539964623
    1.745329252    0.698131701  -22.221347251   48.542014335   14.324754834
    1.919862177    0.698131701  -14.935720173   34.305341265    9.452877294
    2.094395102    0.698131701  -10.388985898   17.543339782    5.382742341
    2.268928028    0.698131701   -8.844766513    0.094462780    2.192873215
    2.443460953    0.698131701  -10.347462802  -17.295965820   -0.260518340
    2.617993878    0.698131701  -14.834288163  -33.931434759   -2.190293796
    2.792526803    0.698131701  -22.049183795  -48.225957198   -3.743568434
    2.967059728    0.698131701  -31.371357554  -57.617575022   -4.928360681

   -3.141592654    0.872664626  -42.823764611  -59.664931724   -7.011633650
   -2.967059728    0.872664626  -52.727507169  -52.541532606   -6.466356039
   -2.792526803    0.872664626  -60.794977007  -39.198408989   -5.220917590
   -2.617993878    0.872664626  -66.317711807  -24.284913994   -3.637886868
   -2.443460953    0.872664626  -69.491697257  -13.077857005   -2.221134682
   -2.268928028    0.872664626  -71.306656743   -9.016182645   -1.405868571
   -2.094395102    0.872664626  -73.052360740  -11.915641241   -1.353866798
   -1.919862177    0.872664626  -75.648573564  -17.859073542   -1.862548580
   -1.745329252    0.872664626  -79.119564502  -20.931424520   -2.466356535
   -1.570796327    0.872664626  -82.490698795  -16.132920398   -2.699523463
   -1.396263402    0.872664626  -84.202492826   -2.059763362   -2.393775556
   -1.221730476    0.872664626  -82.850227545   18.082618068   -1.798010894
   -1.047197551    0.872664626  -77.902938457   37.948787002   -1.446967463
   -0.872664626    0.872664626  -69.998152102   50.997943535   -1.794883463
   -0.698131701    0.872664626  -60.717527319   53.367090655   -2.876180677
   -0.523598776    0.872664626  -51.985270978   45.019725940   -4.201674834
   -0.349065850    0.872664626  -45.433879133   29.094900987   -4.917983740
   -0.174532925    0.872664626  -41.993325748   10.151231597   -4.163355475
    0.000000000    0.872664626  -41.792429489   -7.352323715   -1.351253606
    0.174532925    0.872664626  -44.260046571  -19.902858969    3.650967028
    0.349065850    0.872664626  -48.300486869  -25.101269013   10.423870841
    0.523598776    0.872664626  -52.497135026  -21.595290264   17.980389759
    0.698131701    0.872664626  -55.324333507   -9.653966551   24.887305110
    0.872664626    0.872664626  -55.485926502    8.361100522   29.639201653
    1.047197551    0.872664626  -52.290979036   28.008194475   31.176183510
    1.221730476    0.872664626  -45.914214645   44.007066107   29.321042877
    1.396263402    0.872664626  -37.376494804   52.321409332   24.825818616
    1.570796327    0.872664626  -28.180598808   51.573737220   18.980524972
    1.745329252    0.872664626  -19.824764997   43.108932652   13.054349277
    1.919862177    0.872664626  -13.421140739   29.689300264    7.876710764
    2.094395102    0.872664626   -9.595339643   13.890629446    3.729927663
    2.268928028    0.872664626   -8.613757538   -2.736244989    0.508752397
    2.443460953    0.872664626  -10.555273472  -19.529938016   -2.034344708
    2.617993878    0.872664626  -15.392248874  -35.724794689   -4.090293789
    2.792526803    0.872664626  -22.884006509  -49.588068543   -5.693793134
    2.967059728    0.872664626  -32.399462721  -58.427265302   -6.725993331

   -3.141592654    1.047197551  -44.113544838  -59.334208663   -7.735308189
   -2.967059728    1.047197551  -53.885766522  -51.395765879   -6.811417613
   -2.792526803    1.047197551  -61.702714164  -37.542523428   -5.227094353
   -2.617993878    1.047197551  -66.926510477  -22.599598125   -3.418906447
   -2.443460953    1.047197551  -69.838246765  -11.819981211   -1.850155699
   -2.268928028    1.047197551  -71.490467148   -8.420862303   -0.802318533
   -2.094395102    1.047197551  -73.185777894  -11.891662955   -0.263949641
   -1.919862177    1.047197551  -75.803439270  -18.059972305    0.017103139
   -1.745329252    1.047197551  -79.300656625  -20.979777114    0.331734730
   -1.570796327    1.047197551  -82.653366631  -15.880562346    0.772207306
   -1.396263402    1.047197551  -84.308088339   -1.722727524    1.103338503
   -1.221730476    1.047197551  -82.922643111   18.034306029    0.870546798
   -1.047197551    1.047197551  -78.047967285   37.116512571   -0.311161589
   -0.872664626    1.047197551  -70.360170328   49.386133642   -2.416478320
   -0.698131701    1.047197551  -61.393266993   51.508155867   -4.865838667
   -0.523598776    1.047197551  -52.942358191   43.822741664   -6.684077831
   -0.349065850    1.047197551  -46.474037110   29.475054351   -6.847696838
   -0.174532925    1.047197551  -42.781621390   12.720218913   -4.676502889
    0.000000000    1.047197551  -41.928022838   -2.461817979   -0.020014694
    0.174532925    1.047197551  -43.364160093  -13.082135939    6.727826651
    0.349065850    1.047197551  -46.107476279  -17.249326653   14.695150995
    0.523598776    1.047197551  -48.938098046  -14.047906145   22.635862706
    0.698131701    1.047197551  -50.585962166   -3.932024398   29.090189948
    0.872664626    1.047197551  -50.004521349   10.999086290   32.743073407
    1.047197551    1.047197551  -46.661712979   27.065760510   32.862279540
    1.221730476    1.047197551  -40.733149893   39.972243307   29.619466467
    1.396263402    1.047197551  -33.082672869   46.424985641   24.041114712
    1.570796327    1.047197551  -24.973507177   45.231722079   17.548198919
    1.745329252    1.047197551  -17.681347952   37.387851736   11.390303959
    1.919862177    1.047197551  -12.183433948   25.058366329    6.267055520
    2.094395102    1.047197551   -9.070909677   10.313940910    2.290329071
    2.268928028    1.047197551   -8.641337865   -5.534896322   -0.783854248
    2.443460953    1.047197551  -11.023050113  -21.805705627   -3.266215386
    2.617993878    1.047197551  -16.219367592  -37.562928251   -5.317186049
    2.792526803    1.047197551  -23.987725864  -50.881365137   -6.882063111
    2.967059728    1.047197551  -33.668222126  -58.976362768   -7.753265883

   -3.141592654    1.221730476  -45.525257978  -58.750338269   -8.573977111
   -2.967059728    1.221730476  -55.119927401  -49.991983639   -7.504436566
   -2.792526803    1.221730476  -62.647244061  -35.705285876   -5.799676674
   -2.617993878    1.221730476  -67.547876541  -20.807800546   -3.917151229
   -2.443460953    1.221730476  -70.177446643  -10.412645734   -2.247484621
   -2.268928028    1.221730476  -71.623966300   -7.453789896   -0.922043500
   -2.094395102    1.221730476  -73.175377330  -11.162922666    0.205266744
   -1.919862177    1.221730476  -75.666907555  -17.309674408    1.376767379
   -1.745329252    1.221730476  -79.024417659  -20.146134900    2.656451770
   -1.570796327    1.221730476  -82.241909523  -15.240176717    3.750497710
   -1.396263402    1.221730476  -83.839266716   -1.800663935    4.068670948
   -1.221730476    1.221730476  -82.565080407   16.779160832    3.044185492
   -1.047197551    1.221730476  -78.017647651   34.659814356    0.531425379
   -0.872664626    1.221730476  -70.824411827   46.321091142   -2.940887367
   -0.698131701    1.221730476  -62.369019066   48.911084956   -6.249985149
   -0.523598776    1.221730476  -54.243362359   42.876545617   -8.071798697
   -0.349065850    1.221730476  -47.731441918   31.013798085   -7.364264699
   -0.174532925    1.221730476  -43.531930467   16.974797315   -3.737892230
    0.000000000    1.221730476  -41.723676846    4.110860241    2.472464021
    0.174532925    1.221730476  -41.872304159   -5.083999153   10.354492183
    0.349065850    1.221730476  -43.182406987   -9.046455279   18.651214285
    0.523598776    1.221730476  -44.664514669   -7.036786425   25.992086180
    0.698131701    1.221730476  -45.291070477    0.569990782   31.089461128
    0.872664626    1.221730476  -44.212765970   12.109064412   33.031181426
    1.047197551    1.221730476  -40.985893664   24.688973185   31.560078131
    1.221730476    1.221730476  -35.724600810   34.894337449   27.211501397
    1.396263402    1.221730476  -29.099184739   39.994168874   21.155832937
    1.570796327    1.221730476  -22.128455925   38.809913171   14.738333097
    1.745329252    1.221730476  -15.885414794   31.880839284    8.998474213
    1.919862177    1.221730476  -11.243826366   20.749574675    4.401604894
    2.094395102    1.221730476   -8.790378535    7.018722915    0.882316326
    2.268928028    1.221730476   -8.873667556   -8.170855826   -1.894631024
    2.443460953    1.221730476  -11.677844739  -24.031413297   -4.249712778
    2.617993878    1.221730476  -17.229849795  -39.392380675   -6.287392702
    2.792526803    1.221730476  -25.270205051  -52.115688042   -7.865596045
    2.967059728    1.221730476  -35.096375529  -59.360526675   -8.701071266

   -3.141592654    1.396263402  -47.155496670  -58.160905211  -10.349830407
   -2.967059728    1.396263402  -56.568544661  -48.554145124   -9.381464591
   -2.792526803    1.396263402  -63.800115915  -33.833131244   -7.720324904
   -2.617993878    1.396263402  -68.369719435  -18.948348917   -5.809032211
   -2.443460953    1.396263402  -70.695051089   -8.797577879   -3.974217825
   -2.268928028    1.396263402  -71.877461013   -6.006550564   -2.250746271
   -2.094395102    1.396263402  -73.172832974   -9.634797233   -0.431924832
   -1.919862177    1.396263402  -75.379148144  -15.576070897    1.659036398
   -1.745329252    1.396263402  -78.431437032  -18.463009886    3.858077367
   -1.570796327    1.396263402  -81.404370139  -14.250067401    5.552386812
   -1.396263402    1.396263402  -82.943857115   -2.234498883    5.911628863
   -1.221730476    1.396263402  -81.899369895   14.568373620    4.364273075
   -1.047197551    1.396263402  -77.870800455   31.045752616    1.038217675
   -0.872664626    1.396263402  -71.354457390   42.404878573   -3.113204755
   -0.698131701    1.396263402  -63.502923190   46.152301057   -6.601037137
   -0.523598776    1.396263402  -55.661026542   42.555942364   -7.955480110
   -0.349065850    1.396263402  -48.940271770   33.764651286   -6.266159227
   -0.174532925    1.396263402  -44.000369255   22.611108241   -1.479250028
    0.000000000    1.396263402  -41.017567060   11.739724005    5.639842707
    0.174532925    1.396263402  -39.754264125    3.225896282   13.774750935
    0.349065850    1.396263402  -39.658575563   -1.477998242   21.419409415
    0.523598776    1.396263402  -39.980772220   -1.506500131   27.221243350
    0.698131701    1.396263402  -39.891905534    3.132636437   30.212067238
    0.872664626    1.396263402  -38.656541630   11.356366508   30.014220396
    1.047197551    1.396263402  -35.828378360   20.995298073   26.921621795
    1.221730476    1.396263402  -31.397432557   29.275330304   21.817053155
    1.396263402    1.396263402  -25.826035241   33.741955277   15.896035353
    1.570796327    1.396263402  -19.917708599   33.029115001   10.255807704
    1.745329252    1.396263402  -14.594288783   27.166986953    5.565275339
    1.919862177    1.396263402  -10.675726853   17.144208686    1.959805280
    2.094395102    1.396263402   -8.776741314    4.208275476   -0.822126635
    2.268928028    1.396263402   -9.310104441  -10.567775695   -3.179355064
    2.443460953    1.396263402  -12.513703848  -26.217800123   -5.403033554
    2.617993878    1.396263402  -18.426006022  -41.295843281   -7.516999081
    2.792526803    1.396263402  -26.754346823  -53.445650687   -9.279083127
    2.967059728    1.396263402  -36.739441993  -59.796897577  -10.316349400

   -3.141592654    1.570796327  -49.207046843  -57.825117905  -13.387752446
   -2.967059728    1.570796327  -58.474067739  -47.268314777  -12.705223629
   -2.792526803    1.570796327  -65.426351639  -31.994573742  -11.173537643
   -2.617993878    1.570796327  -69.658314218  -16.971477880   -9.209593120
   -2.443460953    1.570796327  -71.641703258   -6.857703134   -7.114828502
   -2.268928028    1.570796327  -72.481155738   -3.976453900   -4.905803230
   -2.094395102    1.570796327  -73.397111322   -7.289418003   -2.395231391
   -1.919862177    1.570796327  -75.164949504  -12.939365224    0.497076799
   -1.745329252    1.570796327  -77.764722841  -16.041420988    3.432888669
   -1.570796327    1.570796327  -80.396605571  -12.922436881    5.613803944
   -1.396263402    1.570796327  -81.861095949   -2.802851828    6.127916034
   -1.221730476    1.570796327  -81.100335776   11.919984032    4.501678491
   -1.047197551    1.570796327  -77.669397637   27.028660444    1.113858225
   -0.872664626    1.570796327  -71.872525920   38.446699089   -2.819285402
   -0.698131701    1.570796327  -64.588379128   43.859504144   -5.693228370
   -0.523598776    1.570796327  -56.910081432   43.109138908   -6.136493627
   -0.349065850    1.570796327  -49.812114580   37.512566570   -3.513673274
   -0.174532925    1.570796327  -43.973821518   28.999170721    1.898555120
    0.000000000    1.570796327  -39.732815110   19.522293652    9.042733264
    0.174532925    1.570796327  -37.101715608   10.847445116   16.407390918
    0.349065850    1.570796327  -35.798773966    4.518860934   22.441175666
    0.523598776    1.570796327  -35.298117276    1.797479083   25.957180435
    0.698131701    1.570796327  -34.905934048    3.296128322   26.384644636
    0.872664626    1.570796327  -33.904230099    8.619902492   23.897936935
    1.047197551    1.570796327  -31.748891556   16.198683186   19.312962644
    1.221730476    1.570796327  -28.249784777   23.589594102   13.798573305
    1.396263402    1.570796327  -23.665001458   28.276510485    8.487222902
    1.570796327    1.570796327  -18.635615170   28.492538925    4.132048693
    1.745329252    1.570796327  -14.005546976   23.739875944    0.947513028
    1.919862177    1.570796327  -10.604018991   14.578965281   -1.315107785
    2.094395102    1.570796327   -9.109897094    2.063753601   -3.133792572
    2.268928028    1.570796327  -10.010706985  -12.675163331   -4.967876266
    2.443460953    1.570796327  -13.591514976  -28.422116930   -7.066129084
    2.617993878    1.570796327  -19.886967750  -43.422929603   -9.358566719
    2.792526803    1.570796327  -28.552281812  -55.097050457  -11.485976168
    2.967059728    1.570796327  -38.753304545  -60.554588941  -12.957135478

   -3.141592654    1.745329252  -51.864753839  -57.888488068  -17.136807526
   -2.967059728    1.745329252  -61.041551303  -46.215335527  -16.786511631
   -2.792526803    1.745329252  -67.737844813  -30.187677738  -15.384268270
   -2.617993878    1.745329252  -71.619301996  -14.815588323  -13.332218188
   -2.443460953    1.745329252  -73.211590217   -4.537114592  -10.953983437
   -2.268928028    1.745329252  -73.625969900   -1.394804965   -8.319241859
   -2.094395102    1.745329252  -74.056245284   -4.294340588   -5.317778431
   -1.919862177    1.745329252  -75.271945854   -9.672341164   -1.959536408
   -1.745329252    1.745329252  -77.320209679  -13.134590239    1.344251174
   -1.570796327    1.745329252  -79.544133118  -11.313429163    3.785943997
   -1.396263402    1.745329252  -80.897758614   -3.217670978    4.548647604
   -1.221730476    1.745329252  -80.391111067    9.496580745    3.341537699
   -1.047197551    1.745329252  -77.496130088   23.522659081    0.724794426
   -0.872664626    1.745329252  -72.297101008   35.367500729   -2.034879867
   -0.698131701    1.745329252  -65.402867140   42.683560822   -3.497418558
   -0.523598776    1.745329252  -57.693791869   44.712310258   -2.636347755
   -0.349065850    1.745329252  -50.066494362   41.899002549    0.786575892
   -0.174532925    1.745329252  -43.274789050   35.345561262    6.202127734
    0.000000000    1.745329252  -37.853282056   26.444570159   12.440610658
    0.174532925    1.745329252  -34.076819924   16.790738003   18.051141730
    0.349065850    1.745329252  -31.921015231    8.172495414   21.675427881
    0.523598776    1.745329252  -31.042201882    2.419666943   22.435185860
    0.698131701    1.745329252  -30.809994417    0.921916116   20.174609013
    0.872664626    1.745329252  -30.433422073    4.014084096   15.537792612
    1.047197551    1.745329252  -29.189193243   10.580937562    9.737338593
    1.221730476    1.745329252  -26.665756002   18.204845660    4.122368779
    1.396263402    1.745329252  -22.933468735   23.986742955   -0.296346012
    1.570796327    1.745329252  -18.533550205   25.562558035   -3.126564155
    1.745329252    1.745329252  -14.312229295   21.902694516   -4.604143563
    1.919862177    1.745329252  -11.175521258   13.278443693   -5.356388842
    2.094395102    1.745329252   -9.904909473    0.723524507   -6.080734760
    2.268928028    1.745329252  -11.073795275  -14.439638861   -7.303028734
    2.443460953    1.745329252  -15.007292932  -30.671013107   -9.234753965
    2.617993878    1.745329252  -21.719660014  -45.870543202  -11.712772555
    2.792526803    1.745329252  -30.792689627  -57.218411149  -14.254699842
    2.967059728    1.745329252  -41.294821266  -61.801822635  -16.234302605

   -3.141592654    1.919862177  -55.158943127  -58.316389449  -20.447878629
   -2.967059728    1.919862177  -64.295084800  -45.357990677  -20.305521127
   -2.792526803    1.919862177  -70.752158548  -28.377910002  -18.956918850
   -2.617993878    1.919862177  -74.266193486  -12.476053600  -16.808433374
   -2.443460953    1.919862177  -75.423626918   -1.912527686  -14.233897893
   -2.268928028    1.919862177  -75.355496017    1.524465225  -11.391667024
   -2.094395102    1.919862177  -75.244834731   -1.017267373   -8.268381065
   -1.919862177    1.919862177  -75.868276373   -6.230808415   -4.928363761
   -1.745329252    1.919862177  -77.342525185  -10.131314136   -1.739315078
   -1.570796327    1.919862177  -79.139425458   -9.552157050    0.657575862
   -1.396263402    1.919862177  -80.335459961   -3.212272679    1.699343015
   -1.221730476    1.919862177  -79.971278325    7.956744515    1.332129709
   -1.047197551    1.919862177  -77.412268551   21.415707766    0.199370014
   -0.872664626    1.919862177  -72.533425410   34.020301803   -0.602316688
   -0.698131701    1.919862177  -65.725516176   43.176535704   -0.051525102
   -0.523598776    1.919862177  -57.734687269   47.445482808    2.337215028
   -0.349065850    1.919862177  -49.456148855   46.507374255    6.335853026
   -0.174532925    1.919862177  -41.763791786   40.863018238   11.150811958
    0.000000000    1.919862177  -35.392813209   31.580974388   15.680609073
    0.174532925    1.919862177  -30.848259029   20.248061428   18.772170305
    0.349065850    1.919862177  -28.309958967    8.983313998   19.473572422
    0.523598776    1.919862177  -27.552161849    0.232345580   17.326733978
    0.698131701    1.919862177  -27.937166631   -3.814332750   12.565647265
    0.872664626    1.919862177  -28.530578507   -2.131156874    6.166318458
    1.047197551    1.919862177  -28.375825100    4.477879612   -0.440747809
    1.221730476    1.919862177  -26.819941633   13.373981242   -5.861357781
    1.396263402    1.919862177  -23.770800215   21.026622610   -9.251751118
    1.570796327    1.919862177  -19.730480557   24.326709098  -10.549217614
    1.745329252    1.919862177  -15.620890748   21.717689388  -10.371307354
    1.919862177    1.919862177  -12.486268622   13.303397907   -9.661447794
    2.094395102    1.919862177  -11.246828576    0.252342519   -9.304033647
    2.268928028    1.919862177  -12.572901195  -15.795820210   -9.880152547
    2.443460953    1.919862177  -16.823382548  -32.903442140  -11.564214377
    2.617993878    1.919862177  -23.976304667  -48.585296753  -14.104818215
    2.792526803    1.919862177  -33.519238932  -59.764846436  -16.907900604
    2.967059728    1.919862177  -44.400524579  -63.501031699  -19.229531506

   -3.141592654    2.094395102  -58.900497009  -58.880635853  -22.111605177
   -2.967059728    2.094395102  -68.012564429  -44.550778005  -21.949388910
   -2.792526803    2.094395102  -74.230525274  -26.522360251  -20.551989928
   -2.617993878    2.094395102  -77.362357000  -10.022138592  -18.334112922
   -2.443460953    2.094395102  -78.063863731    0.823069853  -15.711065507
   -2.268928028    2.094395102  -77.501219686    4.452647139  -12.923168121
   -2.094395102    2.094395102  -76.862832710    2.092328285  -10.043391464
   -1.919862177    2.094395102  -76.937993562   -3.110368502   -7.148251936
   -1.745329252    2.094395102  -77.896434246   -7.433254129   -4.467568509
   -1.570796327    2.094395102  -79.297396019   -7.787941120   -2.347485966
   -1.396263402    2.094395102  -80.285648896   -2.591966359   -0.998115528
   -1.221730476    2.094395102  -79.890210202    7.798047862   -0.237120351
   -1.047197551    2.094395102  -77.365816378   21.335259590    0.539361300
   -0.872664626    2.094395102  -72.425555480   34.931375442    2.062595582
   -0.698131701    2.094395102  -65.331922702   45.571243132    4.761770826
   -0.523598776    2.094395102  -56.800402090   51.164715662    8.500993409
   -0.349065850    2.094395102  -47.804770133   50.855737831   12.623790477
   -0.174532925    2.094395102  -39.368483413   44.871022469   16.233835253
    0.000000000    2.094395102  -32.401003666   34.249875997   18.459208554
    0.174532925    2.094395102  -27.570174257   20.734249073   18.605547738
    0.349065850    2.094395102  -25.176818052    6.795847967   16.249077935
    0.523598776    2.094395102  -25.034960479   -4.569042143   11.392878239
    0.698131701    2.094395102  -26.436255609  -10.468176204    4.602149765
    0.872664626    2.094395102  -28.258001318   -9.301650660   -2.962987303
    1.047197551    2.094395102  -29.288386691   -1.700978740   -9.835122824
    1.221730476    2.094395102  -28.637632384    9.304115433  -14.718052260
    1.396263402    2.094395102  -26.084440826   19.400617465  -16.985942537
    1.570796327    2.094395102  -22.145694920   24.659616204  -16.867505939
    1.745329252    2.094395102  -17.877363245   23.021796232  -15.266687599
    1.919862177    2.094395102  -14.508490196   14.523733247  -13.339332869
    2.094395102    2.094395102  -13.124558270    0.593690075  -12.078969546
    2.268928028    2.094395102  -14.498846598  -16.708370697  -12.073086024
    2.443460953    2.094395102  -19.015973955  -34.988669794  -13.436381480
    2.617993878    2.094395102  -26.602590964  -51.353083840  -15.831971544
    2.792526803    2.094395102  -36.635051909  -62.469015460  -18.586662966
    2.967059728    2.094395102  -47.925665127  -65.379158578  -20.898314432

   -3.141592654    2.268928028  -62.721145670  -59.277399964  -21.226641579
   -2.967059728    2.268928028  -71.784419961  -43.628560952  -20.803279198
   -2.792526803    2.268928028  -77.747535678  -24.602604381  -19.281050785
   -2.617993878    2.268928028  -80.490298799   -7.557744175  -17.061414340
   -2.443460953    2.268928028  -80.741365405    3.474068843  -14.552980635
   -2.268928028    2.268928028  -79.712728070    7.124362795  -12.030649376
   -2.094395102    2.268928028  -78.610428319    4.726016431   -9.616874518
   -1.919862177    2.268928028  -78.235216431   -0.608308725   -7.361671320
   -1.745329252    2.268928028  -78.780893810   -5.241054911   -5.307417245
   -1.570796327    2.268928028  -79.837486524   -6.045129356   -3.460782428
   -1.396263402    2.268928028  -80.555103143   -1.193748184   -1.681452798
   -1.221730476    2.268928028  -79.915892613    9.278944978    0.365689891
   -1.047197551    2.268928028  -77.083337682   23.468179251    3.097787678
   -0.872664626    2.268928028  -71.685532961   38.060849664    6.740389721
   -0.698131701    2.268928028  -63.966160170   49.539840470   11.082747322
   -0.523598776    2.268928028  -54.713844526   55.314124204   15.447810488
   -0.349065850    2.268928028  -45.042383157   54.299362603   18.925155916
   -0.174532925    2.268928028  -36.127542175   46.793655076   20.698646865
    0.000000000    2.268928028  -29.001278200   34.074276065   20.253418049
    0.174532925    2.268928028  -24.408058341   18.155657434   17.405226749
    0.349065850    2.268928028  -22.676148566    1.828398836   12.253105297
    0.523598776    2.268928028  -23.581809992  -11.489159034    5.213298585
    0.698131701    2.268928028  -26.295176228  -18.375494758   -2.900422942
    0.872664626    2.268928028  -29.484523781  -16.824942361  -10.870119484
    1.047197551    2.268928028  -31.689907205   -7.439107272  -17.340622619
    1.221730476    2.268928028  -31.813809414    6.250039925  -21.249451578
    1.396263402    2.268928028  -29.549480277   19.086381540  -22.257071605
    1.570796327    2.268928028  -25.477548293   26.332677787  -20.865451965
    1.745329252    2.268928028  -20.829719205   25.494122260  -18.170342983
    1.919862177    2.268928028  -17.046038171   16.637965089  -15.411566259
    2.094395102    2.268928028  -15.386377881    1.551286218  -13.571242080
    2.268928028    2.268928028  -16.720862501  -17.215629251  -13.154470817
    2.443460953    2.268928028  -21.445537340  -36.788901231  -14.168538439
    2.617993878    2.268928028  -29.420772134  -53.881623231  -16.191657085
    2.792526803    2.268928028  -39.902094715  -64.945623734  -18.522735085
    2.967059728    2.268928028  -51.563377282  -67.048028275  -20.394918149

   -3.141592654    2.443460953  -66.134455901  -59.222485058  -17.421761360
   -2.967059728    2.443460953  -75.088931917  -42.473326941  -16.591966406
   -2.792526803    2.443460953  -80.774969579  -22.654976083  -14.954428921
   -2.617993878    2.443460953  -83.137739736   -5.217927150  -12.845891861
   -2.443460953    2.443460953  -82.971208475    5.872948343  -10.592836613
   -2.268928028    2.443460953  -81.533256125    9.392139864   -8.434518991
   -2.094395102    2.443460953  -80.052009763    6.794642329   -6.493825464
   -1.919862177    2.443460953  -79.332592450    1.274263068   -4.768130954
   -1.745329252    2.443460953  -79.559769226   -3.452819112   -3.116292199
   -1.570796327    2.443460953  -80.298258581   -4.144794347   -1.256977358
   -1.396263402    2.443460953  -80.650737913    1.144752433    1.187029447
   -1.221730476    2.443460953  -79.539028246   12.396855871    4.541392487
   -1.047197551    2.443460953  -76.081280882   27.504645626    8.886273898
   -0.872664626    2.443460953  -69.915199320   42.743846025   13.885456185
   -0.698131701    2.443460953  -61.371129843   54.158042796   18.783224309
   -0.523598776    2.443460953  -51.387010520   58.921461301   22.592519467
   -0.349065850    2.443460953  -41.237681603   56.049652632   24.427502291
   -0.174532925    2.443460953  -32.218860924   46.185584045   23.761898167
    0.000000000    2.443460953  -25.415194412   30.997656251   20.512647246
    0.174532925    2.443460953  -21.562104600   12.803118667   14.950702327
    0.349065850    2.443460953  -20.932826019   -5.361243696    7.582231648
    0.523598776    2.443460953  -23.203158902  -19.788229851   -0.879455623
    0.698131701    2.443460953  -27.386294503  -26.711923398   -9.463175826
    0.872664626    2.443460953  -31.940017340  -23.912401075  -16.985901655
    1.047197551    2.443460953  -35.185964169  -12.121978523  -22.313908521
    1.221730476    2.443460953  -35.870585018    4.541095182  -24.740109521
    1.396263402    2.443460953  -33.658834589   20.089385540  -24.294766277
    1.570796327    2.443460953  -29.242811601   29.081547414  -21.755866502
    1.745329252    2.443460953  -24.055724272   28.722579977  -18.323980352
    1.919862177    2.443460953  -19.750989599   19.229492558  -15.181210260
    2.094395102    2.443460953  -17.748183607    2.827186600  -13.150395102
    2.268928028    2.443460953  -18.990391397  -17.418204936  -12.544141911
    2.443460953    2.443460953  -23.861582569  -38.182689689  -13.208952186
    2.617993878    2.443460953  -32.141827646  -55.861576855  -14.650316075
    2.792526803    2.443460953  -42.966874460  -66.783402904  -16.209923820
    2.967059728    2.443460953  -54.887871213  -68.109360168  -17.266468694

   -3.141592654    2.617993878  -68.628883898  -58.560148346  -10.743851957
   -2.967059728    2.617993878  -77.401202169  -41.084961150   -9.507799338
   -2.792526803    2.617993878  -82.799069792  -20.795460035   -7.881361276
   -2.617993878    2.617993878  -84.815954856   -3.159430093   -6.069203291
   -2.443460953    2.617993878  -84.289662075    7.903147869   -4.235054748
   -2.268928028    2.617993878  -82.511091716   11.244298830   -2.507440157
   -2.094395102    2.617993878  -80.725690088    8.430944447   -0.954022316
   -1.919862177    2.617993878  -79.731956313    2.816654551    0.500983665
   -1.745329252    2.617993878  -79.676833790   -1.697735441    2.142021801
   -1.570796327    2.617993878  -80.059490232   -1.750926764    4.417341729
   -1.396263402    2.617993878  -79.909773441    4.543315463    7.752555785
   -1.221730476    2.617993878  -78.107999801   16.881047064   12.267603696
   -1.047197551    2.617993878  -73.796468639   32.701348553   17.592799353
   -0.872664626    2.617993878  -66.718034106   47.841096948   22.873594521
   -0.698131701    2.617993878  -57.367695842   58.122474155   27.017317168
   -0.523598776    2.617993878  -46.860281214   60.825633293   29.032709790
   -0.349065850    2.617993878  -36.601618497   55.346102184   28.344289652
   -0.174532925    2.617993878  -27.941365938   42.805799208   24.877623797
    0.000000000    2.617993878  -21.940311834   25.259007311   18.981886887
    0.174532925    2.617993878  -19.255808286    5.260481344   11.256952105
    0.349065850    2.617993878  -20.049365200  -13.992560795    2.450668798
    0.523598776    2.617993878  -23.856492871  -28.597862206   -6.561334393
    0.698131701    2.617993878  -29.513706043  -34.599925994  -14.735822365
    0.872664626    2.617993878  -35.280704694  -29.759765219  -20.993686014
    1.047197551    2.617993878  -39.306751173  -15.127321156  -24.504120136
    1.221730476    2.617993878  -40.253178433    4.514477358  -25.012740571
    1.396263402    2.617993878  -37.827521337   22.417488949  -22.987113955
    1.570796327    2.617993878  -32.881012610   32.631782843  -19.470542186
    1.745329252    2.617993878  -27.058497592   32.276140137  -15.672442902
    1.919862177    2.617993878  -22.203911566   21.866744191  -12.571406373
    2.094395102    2.617993878  -19.855829057    4.122190052  -10.686820449
    2.268928028    2.617993878  -20.988021296  -17.407609826  -10.045395516
    2.443460953    2.617993878  -25.941467579  -39.046154901  -10.307234237
    2.617993878    2.617993878  -34.406392022  -57.009849039  -10.947119668
    2.792526803    2.617993878  -45.413790700  -67.640633056  -11.438861109
    2.967059728    2.617993878  -57.427055855  -68.274416753  -11.414312474

   -3.141592654    2.792526803  -69.749275487  -57.299193706   -1.852338099
   -2.967059728    2.792526803  -78.279305181  -39.599230401   -0.357990804
   -2.792526803    2.792526803  -83.408949368  -19.231261547    1.038755533
   -2.617993878    2.792526803  -85.151328089   -1.589634571    2.327195080
   -2.443460953    2.792526803  -84.354099722    9.428518320    3.565094492
   -2.268928028    2.792526803  -82.316574613   12.678134779    4.790217803
   -2.094395102    2.792526803  -80.287531314    9.805234393    6.036462578
   -1.919862177    2.792526803  -79.044824814    4.351022482    7.463729488
   -1.745329252    2.792526803  -78.677603928    0.424739096    9.438038477
   -1.570796327    2.792526803  -78.603277880    1.428401948   12.423891959
   -1.396263402    2.792526803  -77.788182692    8.977715755   16.695124883
   -1.221730476    2.792526803  -75.122035027   22.247610341   22.006774390
   -1.047197551    2.792526803  -69.853645498   38.120387805   27.514357657
   -0.872664626    2.792526803  -61.910253463   52.138171873   31.990649065
   -0.698131701    2.792526803  -51.987528213   60.231330400   34.271842169
   -0.523598776    2.792526803  -41.352292738   60.127755236   33.644419663
   -0.349065850    2.792526803  -31.468707172   51.777993096   30.031981043
   -0.174532925    2.792526803  -23.655451879   36.761524763   23.858718849
    0.000000000    2.792526803  -18.880062608   17.378350907   15.823927185
    0.174532925    2.792526803  -17.677669002   -3.704267787    6.704042885
    0.349065850    2.792526803  -20.069845016  -23.199157253   -2.665958233
    0.523598776    2.792526803  -25.433860496  -37.053832932  -11.362598709
    0.698131701    2.792526803  -32.423794581  -41.243311063  -18.349481128
    0.872664626    2.792526803  -39.124783984  -33.703794251  -22.714788469
    1.047197551    2.792526803  -43.572181438  -16.004420807  -23.991985080
    1.221730476    2.792526803  -44.426307176    6.343124197  -22.426364862
    1.396263402    2.792526803  -41.515200661   25.960695764  -18.925082293
    1.570796327    2.792526803  -35.890900743   36.662833657  -14.730057655
    1.745329252    2.792526803  -29.401627980   35.754621551  -10.942505550
    1.919862177    2.792526803  -24.034727823   24.210388466   -8.209946378
    2.094395102    2.792526803  -21.385360857    5.258107586   -6.652110657
    2.268928028    2.792526803  -22.403953548  -17.167700072   -5.976099174
    2.443460953    2.792526803  -27.357604553  -39.201967913   -5.685650225
    2.617993878    2.792526803  -35.847590992  -57.069670782   -5.302194772
    2.792526803    2.792526803  -46.831497684  -67.281303591   -4.525492558
    2.967059728    2.792526803  -58.736552903  -67.410993713   -3.317870753

   -3.141592654    2.967059728  -69.215695855  -55.607538206    7.943958282
   -2.967059728    2.967059728  -77.478594207  -38.243571394    9.462056740
   -2.792526803    2.967059728  -82.400997707  -18.196139534   10.402014966
   -2.617993878    2.967059728  -83.978535697   -0.707126920   10.976229973
   -2.443460953    2.967059728  -83.028136267   10.322075118   11.475999609
   -2.268928028    2.967059728  -80.826444825   13.676981568   12.120882626
   -2.094395102    2.967059728  -78.605482795   11.036700137   13.068960465
   -1.919862177    2.967059728  -77.107718466    6.107777504   14.563674259
   -1.745329252    2.967059728  -76.355842245    3.149054685   16.991126789
   -1.570796327    2.967059728  -75.694559999    5.458195721   20.703511455
   -1.396263402    2.967059728  -74.066785358   14.181477470   25.680974086
   -1.221730476    2.967059728  -70.442402190   27.846410079   31.250495414
   -1.047197551    2.967059728  -64.254007356   42.840248155   36.172327512
   -0.872664626    2.967059728  -55.660516794   54.683156409   39.055037637
   -0.698131701    2.967059728  -45.548535206   59.767356048   38.907796745
   -0.523598776    2.967059728  -35.271495449   56.525869762   35.466751567
   -0.349065850    2.967059728  -26.259668759   45.502664674   29.188147729
   -0.174532925    2.967059728  -19.719445493   28.590677863   20.911904144
    0.000000000    2.967059728  -16.475822756    8.132582574   11.547524093
    0.174532925    2.967059728  -16.923151804  -13.219498621    1.914063014
    0.349065850    2.967059728  -20.937837432  -32.127277554   -7.172173903
    0.523598776    2.967059728  -27.737808246  -44.406022698  -14.819637089
    0.698131701    2.967059728  -35.802468512  -46.065166722  -20.077251011
    0.872664626    2.967059728  -43.077168261  -35.400703886  -22.266915705
    1.047197551    2.967059728  -47.550252490  -14.675842990  -21.319047087
    1.221730476    2.967059728  -47.966652995    9.855947252  -17.944447898
    1.396263402    2.967059728  -44.344553757   30.380327039  -13.388951349
    1.570796327    2.967059728  -37.960296599   40.787827935   -8.952223982
    1.745329252    2.967059728  -30.835622715   38.843078746   -5.501967992
    1.919862177    2.967059728  -25.036206578   26.099548004   -3.283443005
    2.094395102    2.967059728  -22.142136972    6.249630052   -2.012894192
    2.268928028    2.967059728  -23.028137378  -16.546892361   -1.132511361
    2.443460953    2.967059728  -27.867193972  -38.441412320   -0.078844178
    2.617993878    2.967059728  -36.187904898  -55.866243147    1.487689415
    2.792526803    2.967059728  -46.920354225  -65.635034527    3.575548992
    2.967059728    2.967059728  -58.515834494  -65.578697628    5.875438774
