#! FIELDS phi psi file.free der_phi der_psi
#! SET min_phi -pi
#! SET max_phi pi
#! SET nbins_phi  36
#! SET periodic_phi true
#! SET min_psi -pi
#! SET max_psi pi
#! SET nbins_psi  36
#! SET periodic_psi true
   -3.141592654   -3.141592654  -81.309792160  -53.521411645   19.291543436
   -2.967059728   -3.141592654  -89.192773717  -36.057324905   19.348279079
   -2.792526803   -3.141592654  -93.746249291  -16.206071461   19.311457823
   -2.617993878   -3.141592654  -95.005354556    0.924605142   19.429045745
   -2.443460953   -3.141592654  -93.805569677   11.533687813   19.660572336
   -2.268928028   -3.141592654  -91.429745662   14.454759589   19.834185232
   -2.094395102   -3.141592654  -89.109832589   11.395801787   19.990341855
   -1.919862177   -3.141592654  -87.573675830    6.229837795   20.591109722
   -1.745329252   -3.141592654  -86.782416478    3.597382987   22.408980051
   -1.570796327   -3.141592654  -85.947241215    7.148300119   26.075074649
   -1.396263402   -3.141592654  -83.849232720   17.975391079   31.562090792
   -1.221730476   -3.141592654  -79.362528359   33.896203906   37.948428520
   -1.047197551   -3.141592654  -71.977378420   50.264824493   43.635537489
   -0.872664626   -3.141592654  -62.075451960   61.953424768   46.903925563
   -0.698131701   -3.141592654  -50.823033659   65.358585144   46.516945315
   -0.523598776   -3.141592654  -39.797650037   59.367273721   42.062027829
   -0.349065850   -3.141592654  -30.574871684   44.998539044   33.958745682
   -0.174532925   -3.141592654  -24.444675827   24.310315850   23.196699840
    0.000000000   -3.141592654  -22.294667579   -0.127645414   11.062104064
    0.174532925   -3.141592654  -24.507544284  -25.040300509   -1.053029439
    0.349065850   -3.141592654  -30.791308526  -45.952918700  -11.717711990
    0.523598776   -3.141592654  -39.988581547  -57.549498595  -19.602162636
    0.698131701   -3.141592654  -50.067491880  -55.585344052  -23.746384968
    0.872664626   -3.141592654  -58.530551770  -39.311047820  -23.901610673
    1.047197551   -3.141592654  -63.179334919  -12.922268071  -20.733091894
    1.221730476   -3.141592654  -62.917247466   15.470577591  -15.622573016
    1.396263402   -3.141592654  -58.172449527   37.173979856  -10.099590939
    1.570796327   -3.141592654  -50.677622400   46.394430691   -5.238275606
    1.745329252   -3.141592654  -42.782037222   41.957146402   -1.338589038
    1.919862177   -3.141592654  -36.674039157   26.591184488    1.916272010
    2.094395102   -3.141592654  -33.872632503    4.870149589    5.033942644
    2.268928028   -3.141592654  -35.079412289  -18.644575276    8.317792112
    2.443460953   -3.141592654  -40.264992663  -40.156817792   11.697707963
    2.617993878   -3.141592654  -48.797196386  -56.511743107   14.812144195
    2.792526803   -3.141592654  -59.530726101  -65.057449250   17.234582572
    2.967059728   -3.141592654  -70.931231581  -64.043758374   18.706057696

   -3.141592654   -2.967059728  -77.329423044  -53.216489646   25.791622313
   -2.967059728   -2.967059728  -85.205055009  -36.199544552   25.837658430
   -2.792526803   -2.967059728  -89.792614809  -16.405492459   25.498286866
   -2.617993878   -2.967059728  -91.078173733    0.822022345   25.089482161
   -2.443460953   -2.967059728  -89.890927812   11.470068334   24.730158308
   -2.268928028   -2.967059728  -87.525458397   14.415419871   24.462342095
   -2.094395102   -2.967059728  -85.191683191   11.676886442   24.492659091
   -1.919862177   -2.967059728  -83.533172852    7.477616294   25.307330954
   -1.745329252   -2.967059728  -82.388883149    6.486820171   27.510628970
   -1.570796327   -2.967059728  -80.886893862   11.871908443   31.408144473
   -1.396263402   -2.967059728  -77.845882726   23.880455829   36.601998262
   -1.221730476   -2.967059728  -72.327453590   39.538597400   41.896109562
   -1.047197551   -2.967059728  -64.109288749   53.894013151   45.641247030
   -0.872664626   -2.967059728  -53.857196032   62.164878027   46.342543582
   -0.698131701   -2.967059728  -42.916418786   61.551076436   43.205341778
   -0.523598776   -2.967059728  -32.890874211   51.836153922   36.330725264
   -0.349065850   -2.967059728  -25.242682775   34.687274931   26.569893595
   -0.174532925   -2.967059728  -21.064633010   12.482400052   15.159697782
    0.000000000   -2.967059728  -21.014000690  -12.132091625    3.428518916
    0.174532925   -2.967059728  -25.240476848  -35.889623840   -7.360442529
    0.349065850   -2.967059728  -33.224513841  -54.389364116  -16.042691555
    0.523598776   -2.967059728  -43.606789101  -62.561339341  -21.649149829
    0.698131701   -2.967059728  -54.222955189  -56.711254223  -23.637694277
    0.872664626   -2.967059728  -62.564701468  -36.920746190  -22.139923303
    1.047197551   -2.967059728  -66.570965485   -8.182609744  -18.052907391
    1.221730476   -2.967059728  -65.389426397   21.030306748  -12.764689827
    1.396263402   -2.967059728  -59.699374664   42.298980218   -7.588987058
    1.570796327   -2.967059728  -51.392839416   50.561560951   -3.253843399
    1.745329252   -2.967059728  -42.842052765   45.383112919    0.282279075
    1.919862177   -2.967059728  -36.159279806   29.849165001    3.564260296
    2.094395102   -2.967059728  -32.768654976    8.408372320    7.158248908
    2.268928028   -2.967059728  -33.326882356  -14.784412836   11.268654988
    2.443460953   -2.967059728  -37.833569410  -36.325293514   15.635517003
    2.617993878   -2.967059728  -45.737173410  -53.234518986   19.702858846
    2.792526803   -2.967059728  -55.979174565  -62.763794046   22.907374763
    2.967059728   -2.967059728  -67.076004317  -62.857694881   24.925174710

   -3.141592654   -2.792526803  -72.487907619  -52.691787772   29.080312392
   -2.967059728   -2.792526803  -80.344279456  -36.428842394   29.272004724
   -2.792526803   -2.792526803  -85.007284174  -16.979843407   28.763458358
   -2.617993878   -2.792526803  -86.401317028    0.184773092   27.946465342
   -2.443460953   -2.792526803  -85.318390755   10.929776703   27.131809322
   -2.268928028   -2.792526803  -83.025772009   14.162348204   26.589648597
   -2.094395102   -2.792526803  -80.685802337   12.080360328   26.648969063
   -1.919862177   -2.792526803  -78.862541566    9.049924184   27.718878315
   -1.745329252   -2.792526803  -77.312901573    9.589394163   30.121897108
   -1.570796327   -2.792526803  -75.144505768   16.320603809   33.786254154
   -1.396263402   -2.792526803  -71.273317496   28.737063438   38.012834430
   -1.221730476   -2.792526803  -64.979834515   43.300321702   41.521652569
   -1.047197551   -2.792526803  -56.315579129   55.027084890   42.857930598
   -0.872664626   -2.792526803  -46.172653167   59.694140284   40.943555436
   -0.698131701   -2.792526803  -35.991276312   55.377739463   35.482239794
   -0.523598776   -2.792526803  -27.318853285   42.680907656   26.998492984
   -0.349065850   -2.792526803  -21.444099236   23.746331964   16.598946429
   -0.174532925   -2.792526803  -19.235301733    1.083538739    5.596462799
    0.000000000   -2.792526803  -21.123000575  -22.746277357   -4.750160733
    0.174532925   -2.792526803  -27.052573924  -44.621320311  -13.366515595
    0.349065850   -2.792526803  -36.328775074  -60.332995287  -19.408135570
    0.523598776   -2.792526803  -47.460550780  -65.153397954  -22.344003271
    0.698131701   -2.792526803  -58.231381545  -55.939976954  -22.127874698
    0.872664626   -2.792526803  -66.191055469  -33.471040395  -19.295083041
    1.047197551   -2.792526803  -69.449767915   -3.284935986  -14.898349414
    1.221730476   -2.792526803  -67.385931395   26.057808679  -10.170828665
    1.396263402   -2.792526803  -60.876041569   46.586538163   -6.036985920
    1.570796327   -2.792526803  -51.900711059   53.984587456   -2.774272765
    1.745329252   -2.792526803  -42.794638081   48.438780684    0.000219794
    1.919862177   -2.792526803  -35.560067301   33.214958995    2.988279219
    2.094395102   -2.792526803  -31.522553136   12.477880486    6.742525166
    2.268928028   -2.792526803  -31.313309051  -10.124033299   11.351388422
    2.443460953   -2.792526803  -34.991142587  -31.605198113   16.408579928
    2.617993878   -2.792526803  -42.114093907  -49.124354806   21.229932364
    2.792526803   -2.792526803  -51.731150943  -59.782516038   25.156560926
    2.967059728   -2.792526803  -62.421730985  -61.188987105   27.789543958

   -3.141592654   -2.617993878  -67.357476393  -51.791449051   29.164123343
   -2.967059728   -2.617993878  -75.154470640  -36.586219772   29.663039067
   -2.792526803   -2.617993878  -79.908196966  -17.790186978   29.148097264
   -2.617993878   -2.617993878  -81.469401823   -0.855005898   28.066981202
   -2.443460953   -2.617993878  -80.558872736   10.053431044   26.922068551
   -2.268928028   -2.617993878  -78.377464175   13.823722324   26.198842290
   -2.094395102   -2.617993878  -76.022410795   12.652758668   26.306118776
   -1.919862177   -2.617993878  -73.997568763   10.822407079   27.516957781
   -1.745329252   -2.617993878  -72.031079682   12.558865695   29.837871043
   -1.570796327   -2.617993878  -69.274166839   19.967898641   32.852037039
   -1.396263402   -2.617993878  -64.783074427   31.985510825   35.673068091
   -1.221730476   -2.617993878  -58.056839985   44.794001785   37.102524683
   -1.047197551   -2.617993878  -49.372578940   53.624053347   36.028072308
   -0.872664626   -2.617993878  -39.769002248   54.913673800   31.848959624
   -0.698131701   -2.617993878  -30.697967438   47.554715343   24.711316980
   -0.523598776   -2.617993878  -23.588094416   32.804253012   15.426201947
   -0.349065850   -2.617993878  -19.523701892   13.104651809    5.206528512
   -0.174532925   -2.617993878  -19.144855658   -9.034724388   -4.656792534
    0.000000000   -2.617993878  -22.671422100  -31.239969490  -13.010083163
    0.174532925   -2.617993878  -29.878521710  -50.652106718  -18.975842435
    0.349065850   -2.617993878  -39.953100093  -63.396215952  -22.050668930
    0.523598776   -2.617993878  -51.353177616  -65.199766942  -22.186860819
    0.698131701   -2.617993878  -61.900201242  -53.446163707  -19.866115028
    0.872664626   -2.617993878  -69.271493660  -29.398800640  -16.005520903
    1.047197551   -2.617993878  -71.768241927    1.192391743  -11.723560844
    1.221730476   -2.617993878  -68.961398338   29.983204674   -7.975547448
    1.396263402   -2.617993878  -61.847601100   49.579078942   -5.205501367
    1.570796327   -2.617993878  -52.414980174   56.328714601   -3.228212176
    1.745329252   -2.617993878  -42.906064356   50.841915430   -1.387910368
    1.919862177   -2.617993878  -35.194010416   36.370486828    1.073175154
    2.094395102   -2.617993878  -30.513891655   16.686915299    4.627890493
    2.268928028   -2.617993878  -29.490657212   -5.088664669    9.262967108
    2.443460953   -2.617993878  -32.260305021  -26.363644435   14.517066015
    2.617993878   -2.617993878  -38.503108086  -44.404788496   19.695523986
    2.792526803   -2.617993878  -47.385626080  -56.163361935   24.126470230
    2.967059728   -2.617993878  -57.563028123  -58.948799373   27.345302219

   -3.141592654   -2.443460953  -62.466569275  -50.423705331   26.426940689
   -2.967059728   -2.443460953  -70.142046754  -36.521500975   27.317245316
   -2.792526803   -2.443460953  -74.974087225  -18.675947628   26.952364930
   -2.617993878   -2.443460953  -76.734356709   -2.154461148   25.778705730
   -2.443460953   -2.443460953  -76.042792661    8.939851496   24.435128185
   -2.268928028   -2.443460953  -74.000189761   13.417582552   23.569597364
   -2.094395102   -2.443460953  -71.628154477   13.289704207   23.633191301
   -1.919862177   -2.443460953  -69.395538932   12.548445771   24.756489537
   -1.745329252   -2.443460953  -67.054297507   15.037893092   26.672719456
   -1.570796327   -2.443460953  -63.852096458   22.441741705   28.713117897
   -1.396263402   -2.443460953  -59.007322869   33.380278264   29.926429249
   -1.221730476   -2.443460953  -52.212459779   44.032306770   29.308950313
   -1.047197551   -2.443460953  -43.904407577   50.016273820   26.144387414
   -0.872664626   -2.443460953  -35.186997591   48.431018120   20.276334730
   -0.698131701   -2.443460953  -27.455791256   38.841627195   12.183914353
   -0.523598776   -2.443460953  -21.982763024   22.972243636    2.831134802
   -0.349065850   -2.443460953  -19.639356408    3.431356268   -6.569606981
   -0.174532925   -2.443460953  -20.846254267  -17.342165736  -14.802448532
    0.000000000   -2.443460953  -25.632164688  -37.226674183  -20.835296896
    0.174532925   -2.443460953  -33.636728231  -53.746717975  -23.998928640
    0.349065850   -2.443460953  -43.989861575  -63.521504818  -24.147912008
    0.523598776   -2.443460953  -55.184030362  -62.837711331  -21.722051598
    0.698131701   -2.443460953  -65.167988182  -49.532266653  -17.682068980
    0.872664626   -2.443460953  -71.805275601  -25.079607348  -13.216909405
    1.047197551   -2.443460953  -73.588557175    4.922412613   -9.373340799
    1.221730476   -2.443460953  -70.223838455   32.616710872   -6.727063976
    1.396263402   -2.443460953  -62.742017191   51.231352438   -5.230836464
    1.570796327   -2.443460953  -53.064160388   57.614383399   -4.323983055
    1.745329252   -2.443460953  -43.304586909   52.554156592   -3.224023666
    1.919862177   -2.443460953  -35.209250775   39.113872768   -1.258228547
    2.094395102   -2.443460953  -29.943133900   20.640834684    1.889203953
    2.268928028   -2.443460953  -28.141039399   -0.201609230    6.119999059
    2.443460953   -2.443460953  -30.016829246  -21.127095183   11.018358537
    2.617993878   -2.443460953  -35.362909829  -39.481061247   16.015974254
    2.792526803   -2.443460953  -43.455943343  -52.122593752   20.543988254
    2.967059728   -2.443460953  -53.034384751  -56.170961547   24.126336787

   -3.141592654   -2.268928028  -58.261249030  -48.649016357   21.357246533
   -2.967059728   -2.268928028  -65.749892657  -36.145799213   22.580821739
   -2.792526803   -2.268928028  -70.623487996  -19.459129555   22.483032869
   -2.617993878   -2.268928028  -72.581654485   -3.527165809   21.428133203
   -2.443460953   -2.268928028  -72.128647153    7.698294544   20.078891168
   -2.268928028   -2.268928028  -70.245064220   12.913006047   19.141771386
   -2.094395102   -2.268928028  -67.873426094   13.803465286   19.060742997
   -1.919862177   -2.268928028  -65.470551410   13.927009607   19.847471004
   -1.745329252   -2.268928028  -62.852444161   16.707225257   21.052438320
   -1.570796327   -2.268928028  -59.396590085   23.525699536   21.880286170
   -1.396263402   -2.268928028  -54.484702301   32.919256043   21.430944905
   -1.221730476   -2.268928028  -47.962108172   41.286946774   18.967763318
   -1.047197551   -2.268928028  -40.355887635   44.731269591   14.172543940
   -0.872664626   -2.268928028  -32.763145186   40.939492981    7.267488442
   -0.698131701   -2.268928028  -26.474711423   29.974245005   -1.042814781
   -0.523598776   -2.268928028  -22.589005935   13.852098206   -9.749792224
   -0.349065850   -2.268928028  -21.772200107   -4.745566922  -17.728328903
   -0.174532925   -2.268928028  -24.243639847  -23.489825493  -23.901836706
    0.000000000   -2.268928028  -29.866204445  -40.566902175  -27.418436583
    0.174532925   -2.268928028  -38.184330735  -54.004613817  -27.870731578
    0.349065850   -2.268928028  -48.335171517  -61.053502811  -25.491024719
    0.523598776   -2.268928028  -58.927116047  -58.598546654  -21.153875038
    0.698131701   -2.268928028  -68.108368396  -44.781455045  -16.150695306
    0.872664626   -2.268928028  -73.959255700  -20.971274998  -11.733854161
    1.047197551   -2.268928028  -75.135398774    7.716610706   -8.687939282
    1.221730476   -2.268928028  -71.403503870   34.079533503   -7.118241155
    1.396263402   -2.268928028  -63.746518507   51.893410465   -6.534108605
    1.570796327   -2.268928028  -53.966037873   58.256924145   -6.157610902
    1.745329252   -2.268928028  -44.042952287   53.878505910   -5.278080715
    1.919862177   -2.268928028  -35.625289090   41.508694570   -3.475369436
    2.094395102   -2.268928028  -29.843214650   24.123725149   -0.683031807
    2.268928028   -2.268928028  -27.356278301    4.093835356    2.909839871
    2.443460953   -2.268928028  -28.441684895  -16.450905828    7.000088650
    2.617993878   -2.268928028  -32.971694612  -34.890122642   11.255550911
    2.792526803   -2.268928028  -40.304539385  -48.075981431   15.329832530
    2.967059728   -2.268928028  -49.255829325  -53.096605831   18.835929081

   -3.141592654   -2.094395102  -55.104313747  -46.704877657   14.502501413
   -2.967059728   -2.094395102  -62.361474202  -35.459469025   15.893232269
   -2.792526803   -2.094395102  -67.222068766  -19.949684434   16.151231717
   -2.617993878   -2.094395102  -69.335332309   -4.709436257   15.477048428
   -2.443460953   -2.094395102  -69.098372120    6.524860956   14.409194825
   -2.268928028   -2.094395102  -67.373684083   12.337202881   13.567202754
   -2.094395102   -2.094395102  -65.031858946   14.033930953   13.316671189
   -1.919862177   -2.094395102  -62.535892041   14.681475517   13.578272198
   -1.745329252   -2.094395102  -59.788327239   17.299259162   13.827224615
   -1.570796327   -2.094395102  -56.306662845   23.090851969   13.276621340
   -1.396263402   -2.094395102  -51.617492441   30.703740000   11.183022247
   -1.221730476   -2.094395102  -45.667883581   36.915462182    7.123818300
   -1.047197551   -2.094395102  -39.006830763   38.342960163    1.163396680
   -0.872664626   -2.094395102  -32.664020777   33.145915491   -6.155600219
   -0.698131701   -2.094395102  -27.793307489   21.696431731  -13.976446885
   -0.523598776   -2.094395102  -25.318900565    6.135226336  -21.320454384
   -0.349065850   -2.094395102  -25.724375715  -10.871412983  -27.234023165
   -0.174532925   -2.094395102  -29.060871054  -27.151325924  -30.887716424
    0.000000000   -2.094395102  -35.067065142  -41.254112435  -31.736530853
    0.174532925   -2.094395102  -43.246223687  -51.795475938  -29.736518112
    0.349065850   -2.094395102  -52.809910559  -56.708716044  -25.509538448
    0.523598776   -2.094395102  -62.548786115  -53.399370896  -20.246053339
    0.698131701   -2.094395102  -70.848503568  -40.077227762  -15.332434227
    0.872664626   -2.094395102  -75.993753980  -17.681927881  -11.811317995
    1.047197551   -2.094395102  -76.739121021    9.394051963   -9.999657872
    1.221730476   -2.094395102  -72.823817490   34.620133389   -9.469387782
    1.396263402   -2.094395102  -65.112789046   52.108726210   -9.374680397
    1.570796327   -2.094395102  -55.266395643   58.891525571   -8.903834262
    1.745329252   -2.094395102  -45.162469895   55.349048695   -7.615761248
    1.919862177   -2.094395102  -36.409110661   43.857796722   -5.494754218
    2.094395102   -2.094395102  -30.152958647   27.153409688   -2.808819099
    2.268928028   -2.094395102  -27.096333302    7.545443802    0.134355278
    2.443460953   -2.094395102  -27.558016553  -12.791951369    3.158916172
    2.617993878   -2.094395102  -31.443433000  -31.196915045    6.219864402
    2.792526803   -2.094395102  -38.145167221  -44.583465364    9.281262398
    2.967059728   -2.094395102  -46.530007920  -50.168207166   12.164444003

   -3.141592654   -1.919862177  -53.254036170  -44.903495335    6.502455913
   -2.967059728   -1.919862177  -60.267036934  -34.510398408    7.874446000
   -2.792526803   -1.919862177  -65.045905902  -19.949440594    8.557340887
   -2.617993878   -1.919862177  -67.223600360   -5.377018737    8.530515298
   -2.443460953   -1.919862177  -67.124496145    5.706183414    8.069222134
   -2.268928028   -1.919862177  -65.521526453   11.814942208    7.558188879
   -2.094395102   -1.919862177  -63.234161983   13.915380249    7.204685006
   -1.919862177   -1.919862177  -60.745620995   14.628190314    6.857806134
   -1.745329252   -1.919862177  -58.049175009   16.640804321    6.015920168
   -1.570796327   -1.919862177  -54.789704777   21.095736361    4.023260522
   -1.396263402   -1.919862177  -50.603269420   26.893492647    0.380786134
   -1.221730476   -1.919862177  -45.481154675   31.284208569   -4.992598841
   -1.047197551   -1.919862177  -39.929325218   31.384079914  -11.671528677
   -0.872664626   -1.919862177  -34.858134656   25.694325688  -18.836357840
   -0.698131701   -1.919862177  -31.261955562   14.707737662  -25.520248941
   -0.523598776   -1.919862177  -29.900624732    0.508715252  -30.824218324
   -0.349065850   -1.919862177  -31.112551016  -14.375978306  -34.051940086
   -0.174532925   -1.919862177  -34.835607355  -28.017019656  -34.758636319
    0.000000000   -1.919862177  -40.751587556  -39.379133730  -32.864443305
    0.174532925   -1.919862177  -48.395527152  -47.673413835  -28.793976912
    0.349065850   -1.919862177  -57.119960726  -51.429714875  -23.534315889
    0.523598776   -1.919862177  -65.938441139  -48.356954669  -18.418125365
    0.698131701   -1.919862177  -73.467409725  -36.428835092  -14.660063608
    0.872664626   -1.919862177  -78.136317380  -15.873328626  -12.838549949
    1.047197551   -1.919862177  -78.703212704    9.751815995  -12.659325691
    1.221730476   -1.919862177  -74.785777049   34.452489299  -13.164058615
    1.396263402   -1.919862177  -67.078618579   52.358112753  -13.267452099
    1.570796327   -1.919862177  -57.109139798   60.084787966  -12.280289445
    1.745329252   -1.919862177  -46.711774733   57.471237802  -10.161539640
    1.919862177   -1.919862177  -37.533436968   46.516122352   -7.377811297
    2.094395102   -1.919862177  -30.799826273   29.890071543   -4.568457192
    2.268928028   -1.919862177  -27.279250901   10.099955946   -2.184692781
    2.443460953   -1.919862177  -27.311905690  -10.415013925   -0.302407108
    2.617993878   -1.919862177  -30.786707511  -28.842764445    1.306513935
    2.792526803   -1.919862177  -37.072929750  -42.177333333    2.946007217
    2.967059728   -1.919862177  -45.043423294  -47.877111727    4.737541718

   -3.141592654   -1.745329252  -52.827377379  -43.494847476   -1.610498236
   -2.967059728   -1.745329252  -59.610872629  -33.351970794   -0.360653392
   -2.792526803   -1.745329252  -64.230068525  -19.305781149    0.790832640
   -2.617993878   -1.745329252  -66.342564053   -5.256074787    1.580454837
   -2.443460953   -1.745329252  -66.254268754    5.505658167    1.936172462
   -2.268928028   -1.745329252  -64.698901353   11.494098974    1.913890459
   -2.094395102   -1.745329252  -62.477423292   13.454895940    1.515784703
   -1.919862177   -1.745329252  -60.103867133   13.694607575    0.545675646
   -1.745329252   -1.745329252  -57.651026378   14.686877697   -1.394730265
   -1.570796327   -1.745329252  -54.860031446   17.617300551   -4.742165222
   -1.396263402   -1.745329252  -51.428863412   21.728104518   -9.703388743
   -1.221730476   -1.745329252  -47.333568711   24.780918797  -16.027178820
   -1.047197551   -1.745329252  -42.977400238   24.348358386  -22.970469275
   -0.872664626   -1.745329252  -39.106883029   19.146389997  -29.483705812
   -0.698131701   -1.745329252  -36.540354539    9.605027999  -34.521999648
   -0.523598776   -1.745329252  -35.890313061   -2.450251190  -37.302037264
   -0.349065850   -1.745329252  -37.401269527  -14.809019025  -37.454805833
   -0.174532925   -1.745329252  -40.975582038  -25.911079371  -35.033538601
    0.000000000   -1.745329252  -46.330425085  -35.165771303  -30.535915646
    0.174532925   -1.745329252  -53.119381515  -42.282273734  -24.894974640
    0.349065850   -1.745329252  -60.893271027  -46.153965787  -19.376274896
    0.523598776   -1.745329252  -68.896305509  -44.465272472  -15.257931060
    0.698131701   -1.745329252  -75.925292716  -34.639282052  -13.362343870
    0.872664626   -1.745329252  -80.458734458  -16.006709426  -13.660851768
    1.047197551   -1.745329252  -81.148497822    8.679986526  -15.241625777
    1.221730476   -1.745329252  -77.405790326   33.714911713  -16.722129520
    1.396263402   -1.745329252  -69.724934563   52.887996372  -16.916564256
    1.570796327   -1.745329252  -59.531053616   62.083770763  -15.352497473
    1.745329252   -1.745329252  -48.688215857   60.447367740  -12.404368613
    1.919862177   -1.745329252  -38.964560423   49.639692308   -8.978735128
    2.094395102   -1.745329252  -31.726712125   32.445922654   -6.035879808
    2.268928028   -1.745329252  -27.833746485   11.801872957   -4.158732202
    2.443460953   -1.745329252  -27.633460764   -9.387796720   -3.364199257
    2.617993878   -1.745329252  -30.955705011  -28.037745415   -3.215698819
    2.792526803   -1.745329252  -37.089693931  -41.184613492   -3.110315051
    2.967059728   -1.745329252  -44.858885671  -46.574240335   -2.605644882

   -3.141592654   -1.570796327  -53.726078059  -42.545240527   -8.413331588
   -2.967059728   -1.570796327  -60.303441207  -32.009657185   -7.297495200
   -2.792526803   -1.570796327  -64.683844990  -17.979623053   -5.731639934
   -2.617993878   -1.570796327  -66.590629343   -4.268234281   -4.198977676
   -2.443460953   -1.570796327  -66.372638909    5.990322786   -3.111396987
   -2.268928028   -1.570796327  -64.782775034   11.395864888   -2.735434454
   -2.094395102   -1.570796327  -62.638382699   12.639894084   -3.250908767
   -1.919862177   -1.570796327  -60.488533949   11.891506907   -4.852954037
   -1.745329252   -1.570796327  -58.462579580   11.543127598   -7.783976623
   -1.570796327   -1.570796327  -56.356094195   12.900574989  -12.229354252
   -1.396263402   -1.570796327  -53.878030924   15.583797268  -18.113311460
   -1.221730476   -1.570796327  -50.935359547   17.862309733  -24.907258125
   -1.047197551   -1.570796327  -47.779171233   17.710195839  -31.625124839
   -0.872664626   -1.570796327  -44.957567916   13.947122827  -37.056790934
   -0.698131701   -1.570796327  -43.103094691    6.770254259  -40.130031398
   -0.523598776   -1.570796327  -42.704431197   -2.466609328  -40.219028480
   -0.349065850   -1.570796327  -43.973409693  -12.074600592  -37.324534634
   -0.174532925   -1.570796327  -46.868389294  -20.993819437  -32.034840572
    0.000000000   -1.570796327  -51.244246795  -29.059343067  -25.418275038
    0.174532925   -1.570796327  -56.956672137  -36.280950083  -18.832957735
    0.349065850   -1.570796327  -63.790483279  -41.584503749  -13.662257359
    0.523598776   -1.570796327  -71.194791024  -42.273016102  -10.948255590
    0.698131701   -1.570796327  -78.066685183  -34.974891643  -11.008685876
    0.872664626   -1.570796327  -82.827249526  -18.077017531  -13.231318223
    1.047197551   -1.570796327  -83.925793334    6.322510057  -16.244753089
    1.221730476   -1.570796327  -80.510036479   32.520298217  -18.454104499
    1.396263402   -1.570796327  -72.869839812   53.668237790  -18.728719381
    1.570796327   -1.570796327  -62.369184674   64.710391983  -16.840378030
    1.745329252   -1.570796327  -50.967068742   64.036716500  -13.478123885
    1.919862177   -1.570796327  -40.616969694   53.038159192   -9.823744440
    2.094395102   -1.570796327  -32.871010492   34.756741873   -7.011215605
    2.268928028   -1.570796327  -28.696897128   12.713126246   -5.686034673
    2.443460953   -1.570796327  -28.442343505   -9.586936535   -5.832340379
    2.617993878   -1.570796327  -31.849400814  -28.682342079   -6.896576472
    2.792526803   -1.570796327  -38.083365624  -41.582882223   -8.083664200
    2.967059728   -1.570796327  -45.867163276  -46.307646097   -8.703272614

   -3.141592654   -1.396263402  -55.586574088  -41.953618166  -12.417895145
   -2.967059728   -1.396263402  -61.978062221  -30.543847556  -11.415670848
   -2.792526803   -1.396263402  -66.062621304  -16.155013901   -9.651864144
   -2.617993878   -1.396263402  -67.662365086   -2.668724419   -7.758257960
   -2.443460953   -1.396263402  -67.220685697    6.892274446   -6.381820212
   -2.268928028   -1.396263402  -65.557532003   11.301222546   -5.999580123
   -2.094395102   -1.396263402  -63.530809229   11.362064715   -6.878217122
   -1.919862177   -1.396263402  -61.718796053    9.271754997   -9.148733591
   -1.745329252   -1.396263402  -60.277683511    7.447763610  -12.877633060
   -1.570796327   -1.396263402  -59.014874534    7.353616412  -18.023860768
   -1.396263402   -1.396263402  -57.605823374    8.979074617  -24.292135152
   -1.221730476   -1.396263402  -55.847778472   11.069878922  -30.968971116
   -1.047197551   -1.396263402  -53.806221528   11.941429569  -36.930545901
   -0.872664626   -1.396263402  -51.811414391   10.419304546  -40.908928501
   -0.698131701   -1.396263402  -50.312581774    6.316457392  -41.893757797
   -0.523598776   -1.396263402  -49.707148692    0.322263738  -39.478636309
   -0.349065850   -1.396263402  -50.240148897   -6.572681173  -34.044834941
   -0.174532925   -1.396263402  -52.015284583  -13.884146368  -26.653985568
    0.000000000   -1.396263402  -55.113472513  -21.780656498  -18.794141915
    0.174532925   -1.396263402  -59.649511726  -30.309786760  -12.032683541
    0.349065850   -1.396263402  -65.644124346  -38.088691721   -7.650303384
    0.523598776   -1.396263402  -72.697137570  -41.755779672   -6.312473808
    0.698131701   -1.396263402  -79.717047772  -37.044519226   -7.841131636
    0.872664626   -1.396263402  -84.979282724  -21.505384284  -11.215546321
    1.047197551   -1.396263402  -86.674050515    3.185314570  -14.888633176
    1.221730476   -1.396263402  -83.672581485   31.078772404  -17.333288623
    1.396263402   -1.396263402  -76.084061677   54.527372059  -17.634413493
    1.570796327   -1.396263402  -65.252829856   67.491280980  -15.790324440
    1.745329252   -1.396263402  -53.273036306   67.656766636  -12.630866248
    1.919862177   -1.396263402  -42.310829842   56.232738839   -9.370782594
    2.094395102   -1.396263402  -34.115805426   36.597211388   -7.102930779
    2.268928028   -1.396263402  -29.765206145   12.902627806   -6.416455215
    2.443460953   -1.396263402  -29.601187103  -10.710689020   -7.262423278
    2.617993878   -1.396263402  -33.266093453  -30.365527452   -9.067865488
    2.792526803   -1.396263402  -39.780704012  -42.984034173  -10.998953946
    2.967059728   -1.396263402  -47.736889841  -46.810299648  -12.273827862

   -3.141592654   -1.221730476  -57.820338925  -41.574294219  -12.582570530
   -2.967059728   -1.221730476  -64.050012963  -29.139626229  -11.764910781
   -2.792526803   -1.221730476  -67.838896614  -14.284988705  -10.235656396
   -2.617993878   -1.221730476  -69.123543791   -1.047587879   -8.647122477
   -2.443460953   -1.221730476  -68.467678288    7.641227414   -7.695540626
   -2.268928028   -1.221730476  -66.779845869   10.797386312   -7.888187512
   -2.094395102   -1.221730476  -64.962759040    9.454581651   -9.454537019
   -1.919862177   -1.221730476  -63.607999412    5.941136657  -12.413894449
   -1.745329252   -1.221730476  -62.869106326    2.751459755  -16.677751711
   -1.570796327   -1.221730476  -62.531226629    1.506093524  -22.044914146
   -1.396263402   -1.221730476  -62.205663732    2.530916043  -28.088744325
   -1.221730476   -1.221730476  -61.556750963    5.000211046  -34.014007022
   -1.047197551   -1.221730476  -60.450687539    7.501814229  -38.679795923
   -0.872664626   -1.221730476  -59.000854061    8.769676142  -40.892072132
   -0.698131701   -1.221730476  -57.494399468    8.102707937  -39.827738219
   -0.523598776   -1.221730476  -56.282475637    5.388777269  -35.377819536
   -0.349065850   -1.221730476  -55.708369810    0.833573858  -28.282128246
   -0.174532925   -1.221730476  -56.092050206   -5.618862180  -19.928972236
    0.000000000   -1.221730476  -57.792403810  -14.293754646  -11.968858810
    0.174532925   -1.221730476  -61.194654732  -24.997216118   -5.882711017
    0.349065850   -1.221730476  -66.516827382  -35.773075584   -2.614004501
    0.523598776   -1.221730476  -73.435376797  -42.465575247   -2.365032006
    0.698131701   -1.221730476  -80.791334199  -39.992567983   -4.559631061
    0.872664626   -1.221730476  -86.664945827  -25.311832065   -8.022906181
    1.047197551   -1.221730476  -88.985081164    0.053169392  -11.356124813
    1.221730476   -1.221730476  -86.383429509   29.746279199  -13.382899241
    1.396263402   -1.221730476  -78.838976064   55.328842246  -13.547409783
    1.570796327   -1.221730476  -67.712787324   69.915736477  -12.038722541
    1.745329252   -1.221730476  -55.242076646   70.657402281   -9.640254657
    1.919862177   -1.221730476  -43.788994926   58.687218699   -7.347039202
    2.094395102   -1.221730476  -35.273332387   37.730119514   -5.982533325
    2.268928028   -1.221730476  -30.860201245   12.501679463   -5.943106216
    2.443460953   -1.221730476  -30.879161253  -12.308058174   -7.129693787
    2.617993878   -1.221730476  -34.877928557  -32.456401551   -9.045641729
    2.792526803   -1.221730476  -41.741368475  -44.761732547  -10.996770976
    2.967059728   -1.221730476  -49.931990843  -47.637104558  -12.318181306

   -3.141592654   -1.047197551  -59.735296814  -41.365963153   -8.831301400
   -2.967059728   -1.047197551  -65.856855811  -28.169237020   -8.473991909
   -2.792526803   -1.047197551  -69.444326654  -13.048284644   -7.809836300
   -2.617993878   -1.047197551  -70.537144373   -0.194472547   -7.333819327
   -2.443460953   -1.047197551  -69.808526002    7.547101711   -7.567125626
   -2.268928028   -1.047197551  -68.244435756    9.448970001   -8.861538997
   -2.094395102   -1.047197551  -66.777237779    6.802374424  -11.316891994
   -1.919862177   -1.047197551  -65.992113777    2.087391507  -14.846630405
   -1.745329252   -1.047197551  -66.018324425   -2.122643672  -19.275595762
   -1.570796327   -1.047197551  -66.598403309   -4.068103711  -24.332037251
   -1.396263402   -1.047197551  -67.264199035   -3.127522721  -29.545330530
   -1.221730476   -1.047197551  -67.540931394    0.238405457  -34.130323427
   -1.047197551   -1.047197551  -67.102743718    4.798724428  -37.045826772
   -0.872664626   -1.047197551  -65.870968797    9.086454513  -37.307291332
   -0.698131701   -1.047197551  -64.014607835   11.787184592  -34.403003997
   -0.523598776   -1.047197551  -61.896154466   11.939640089  -28.578126253
   -0.349065850   -1.047197551  -60.014814859    9.007458490  -20.864886318
   -0.174532925   -1.047197551  -58.947297682    2.558196170  -12.782898764
    0.000000000   -1.047197551  -59.334127550   -7.647248672   -5.865204254
    0.174532925   -1.047197551  -61.790827012  -20.927153115   -1.230946721
    0.349065850   -1.047197551  -66.657153147  -34.614957222    0.689455739
    0.523598776   -1.047197551  -73.602498565  -43.808414790    0.177106402
    0.698131701   -1.047197551  -81.342448477  -42.851612890   -1.929043127
    0.872664626   -1.047197551  -87.756625978  -28.446555043   -4.537959038
    1.047197551   -1.047197551  -90.562536827   -2.232862108   -6.658903990
    1.221730476   -1.047197551  -88.232914198   28.960176127   -7.670189246
    1.396263402   -1.047197551  -80.688127007   56.064067758   -7.464495090
    1.570796327   -1.047197551  -69.335893399   71.641632536   -6.380793973
    1.745329252   -1.047197551  -56.534968417   72.572610503   -5.010496536
    1.919862177   -1.047197551  -44.787578313   60.039159477   -3.942092281
    2.094395102   -1.047197551  -36.120818377   38.066884977   -3.563216436
    2.268928028   -1.047197551  -31.744602291   11.766497001   -3.980950391
    2.443460953   -1.047197551  -31.966329557  -13.819492338   -5.041471770
    2.617993878   -1.047197551  -36.260435533  -34.233002439   -6.414765480
    2.792526803   -1.047197551  -43.415342290  -46.235465276   -7.713280051
    2.967059728   -1.047197551  -51.802674566  -48.357153857   -8.588749262

   -3.141592654   -0.872664626  -60.728133525  -41.510266565   -2.282121996
   -2.967059728   -0.872664626  -66.859773107  -28.174891289   -2.842970285
   -2.792526803   -0.872664626  -70.456317108  -13.202072704   -3.714624409
   -2.617993878   -0.872664626  -71.615775844   -0.863802861   -5.045009279
   -2.443460953   -0.872664626  -71.072051177    6.060349731   -6.982881244
   -2.268928028   -0.872664626  -69.849118969    7.024382152   -9.600229719
   -2.094395102   -0.872664626  -68.883724389    3.496072326  -12.852421256
   -1.919862177   -0.872664626  -68.741648665   -1.948577951  -16.619651158
   -1.745329252   -0.872664626  -69.521487767   -6.678922190  -20.742654095
   -1.570796327   -0.872664626  -70.918853849   -8.803294647  -24.967613986
   -1.396263402   -0.872664626  -72.384651881   -7.436512540  -28.845579709
   -1.221730476   -0.872664626  -73.312943856   -2.754495161  -31.667715258
   -1.047197551   -0.872664626  -73.211803053    4.075825309  -32.586067071
   -0.872664626   -0.872664626  -71.856985741   11.272126590  -30.932060558
   -0.698131701   -0.872664626  -69.361312042   16.855787049  -26.581540611
   -0.523598776   -0.872664626  -66.161095337   19.074184453  -20.128899121
   -0.349065850   -0.872664626  -62.953046256   16.814348568  -12.782771692
   -0.174532925   -0.872664626  -60.575741904    9.520641966   -5.993463886
    0.000000000   -0.872664626  -59.910310093   -2.703512800   -0.957923955
    0.174532925   -0.872664626  -61.723018630  -18.515300606    1.729585438
    0.349065850   -0.872664626  -66.378876274  -34.530935896    2.207971210
    0.523598776   -0.872664626  -73.459580227  -45.287689933    1.187491930
    0.698131701   -0.872664626  -81.521430573  -44.892765332   -0.362828470
    0.872664626   -0.872664626  -88.273245537  -30.158095001   -1.589633089
    1.047197551   -0.872664626  -91.305691704   -3.076569037   -2.035073266
    1.221730476   -0.872664626  -89.037615706   29.064629176   -1.701486302
    1.396263402   -0.872664626  -81.410681057   56.826053941   -0.934603878
    1.570796327   -0.872664626  -69.901310920   72.596905629   -0.177554795
    1.745329252   -0.872664626  -56.948438204   73.296424028    0.245042668
    1.919862177   -0.872664626  -45.114970535   60.280102521    0.225735606
    2.094395102   -0.872664626  -36.452644300   37.785663876   -0.133445302
    2.268928028   -0.872664626  -32.162916270   11.087841771   -0.634004320
    2.443460953   -0.872664626  -32.523341408  -14.689722147   -1.095053136
    2.617993878   -0.872664626  -36.971125960  -35.093517126   -1.429699075
    2.792526803   -0.872664626  -44.262963595  -46.922649157   -1.673399374
    2.967059728   -0.872664626  -52.747641779  -48.771859934   -1.923654436

   -3.141592654   -0.698131701  -60.480423245  -42.383843270    4.984870095
   -2.967059728   -0.698131701  -66.822603201  -29.703696173    3.066511300
   -2.792526803   -0.698131701  -70.738694480  -15.316909814    0.236228450
   -2.617993878   -0.698131701  -72.312309527   -3.479203071   -3.181155448
   -2.443460953   -0.698131701  -72.262782286    3.025461708   -6.866421438
   -2.268928028   -0.698131701  -71.599783245    3.659060668  -10.590962951
   -2.094395102   -0.698131701  -71.243623408   -0.106426209  -14.227229730
   -1.919862177   -0.698131701  -71.744046959   -5.694707857  -17.729547549
   -1.745329252   -0.698131701  -73.180816513  -10.425783532  -21.055050928
   -1.570796327   -0.698131701  -75.211959898  -12.249685948  -24.034051872
   -1.396263402   -0.698131701  -77.215015496  -10.035112836  -26.278264367
   -1.221730476   -0.698131701  -78.470030725   -3.770465395  -27.194204203
   -1.047197551   -0.698131701  -78.358160343    5.306181408  -26.181272009
   -0.872664626   -0.698131701  -76.569780556   14.997946174  -22.932540948
   -0.698131701   -0.698131701  -73.229871559   22.676256639  -17.704562166
   -0.523598776   -0.698131701  -68.903122109   25.952400272  -11.354977972
   -0.349065850   -0.698131701  -64.501392347   23.379192512   -5.114412167
   -0.174532925   -0.698131701  -61.097672981   14.545584908   -0.195859747
    0.000000000   -0.698131701  -59.743808196    0.100188110    2.649588631
    0.174532925   -0.698131701  -61.262108078  -17.877278767    3.364075046
    0.349065850   -0.698131701  -65.948882980  -35.374903259    2.572699210
    0.523598776   -0.698131701  -73.233656015  -46.615030743    1.283569621
    0.698131701   -0.698131701  -81.501545940  -45.806904011    0.472168164
    0.872664626   -0.698131701  -88.338575326  -30.196228388    0.690945184
    1.047197551   -0.698131701  -91.301888559   -2.308797994    1.880701881
    1.221730476   -0.698131701  -88.860647510   30.176925090    3.490476661
    1.396263402   -0.698131701  -81.049971358   57.733739972    4.816999013
    1.570796327   -0.698131701  -69.427767415   72.951927910    5.380401061
    1.745329252   -0.698131701  -56.464787934   73.078166740    5.136354566
    1.919862177   -0.698131701  -44.702705830   59.740526486    4.419319895
    2.094395102   -0.698131701  -36.136968870   37.276449123    3.750610063
    2.268928028   -0.698131701  -31.912647987   10.877458374    3.558232655
    2.443460953   -0.698131701  -32.277707811  -14.539052541    3.987951973
    2.617993878   -0.698131701  -36.678945904  -34.758596621    4.839486546
    2.792526803   -0.698131701  -43.918783031  -46.720718436    5.629611400
    2.967059728   -0.698131701  -52.403497471  -49.015060718    5.808508318

   -3.141592654   -0.523598776  -59.074979542  -44.349635290   10.626008288
   -2.967059728   -0.523598776  -65.883908343  -33.018692321    7.204234645
   -2.792526803   -0.523598776  -70.461503713  -19.480081312    2.523574006
   -2.617993878   -0.523598776  -72.792972557   -7.906129007   -2.628647964
   -2.443460953   -0.523598776  -73.504233388   -1.208921801   -7.525760050
   -2.268928028   -0.523598776  -73.545073190   -0.152811395  -11.735976705
   -2.094395102   -0.523598776  -73.814209471   -3.469878006  -15.160128939
   -1.919862177   -0.523598776  -74.866952557   -8.672098385  -17.919075761
   -1.745329252   -0.523598776  -76.790001293  -13.001402252  -20.136973136
   -1.570796327   -0.523598776  -79.220528637  -14.188649168  -21.740306668
   -1.396263402   -0.523598776  -81.473599746  -10.864288861  -22.395782257
   -1.221730476   -0.523598776  -82.735962838   -2.936510003  -21.623565689
   -1.047197551   -0.523598776  -82.305912303    8.151598766  -19.070536292
   -0.872664626   -0.523598776  -79.850576140   19.726050618  -14.769577910
   -0.698131701   -0.523598776  -75.567682696   28.589039106   -9.282934585
   -0.523598776   -0.523598776  -70.185174119   31.935232350   -3.603129267
   -0.349065850   -0.523598776  -64.820816482   28.241820707    1.159984236
   -0.174532925   -0.523598776  -60.730705608   17.454049395    4.130592958
    0.000000000   -0.523598776  -59.058163727    0.866356518    5.004123451
    0.174532925   -0.523598776  -60.596007611  -18.730486161    4.153080407
    0.349065850   -0.523598776  -65.501406692  -36.840626256    2.515445643
    0.523598776   -0.523598776  -73.014441046  -47.606999852    1.226396897
    0.698131701   -0.523598776  -81.357297155  -45.608348417    1.164143988
    0.872664626   -0.523598776  -88.045953753  -28.749634237    2.585121310
    1.047197551   -0.523598776  -90.685343717   -0.185921726    5.025170513
    1.221730476   -0.523598776  -87.876630380   32.114282342    7.555120125
    1.396263402   -0.523598776  -79.797569318   58.788528993    9.271001036
    1.570796327   -0.523598776  -68.087459176   72.924649130    9.730066519
    1.745329252   -0.523598776  -55.202593137   72.299550107    9.131223933
    1.919862177   -0.523598776  -43.596098844   58.857494046    8.128620808
    2.094395102   -0.523598776  -35.146771634   36.912292760    7.507062812
    2.268928028   -0.523598776  -30.914232591   11.353227945    7.794314640
    2.443460953   -0.523598776  -31.128888382  -13.347740044    9.037153268
    2.617993878   -0.523598776  -35.296938260  -33.397610717   10.764143258
    2.792526803   -0.523598776  -42.338622643  -45.939839368   12.133120669
    2.967059728   -0.523598776  -50.787269665  -49.464745782   12.270463916

   -3.141592654   -0.349065850  -56.965838193  -47.499108568   12.837757768
   -2.967059728   -0.349065850  -64.482271590  -37.854076188    8.243090661
   -2.792526803   -0.349065850  -69.989105071  -25.123047400    2.439556706
   -2.617993878   -0.349065850  -73.304992468  -13.394757421   -3.491263054
   -2.443460953   -0.349065850  -74.907727483   -5.859291756   -8.623532633
   -2.268928028   -0.349065850  -75.666708031   -3.728735790  -12.502664424
   -2.094395102   -0.349065850  -76.474053113   -6.104952011  -15.168771087
   -1.919862177   -0.349065850  -77.923482682  -10.621065637  -16.939584726
   -1.745329252   -0.349065850  -80.136388132  -14.365947095  -18.075575406
   -1.570796327   -0.349065850  -82.741920308  -14.769418025  -18.542453839
   -1.396263402   -0.349065850  -84.998121022  -10.234187645  -18.006748250
   -1.221730476   -0.349065850  -86.014986000   -0.701821251  -16.059064145
   -1.047197551   -0.349065850  -85.047511656   12.056154432  -12.546928330
   -0.872664626   -0.349065850  -81.793465798   24.862085244   -7.777470818
   -0.698131701   -0.349065850  -76.568231210   34.071333927   -2.523157334
   -0.523598776   -0.349065850  -70.276260373   36.698989376    2.198913090
   -0.349065850   -0.349065850  -64.211813329   31.376070094    5.482598562
   -0.174532925   -0.349065850  -59.752233017   18.531631168    6.811262910
    0.000000000   -0.349065850  -58.059579671    0.103262820    6.260414426
    0.174532925   -0.349065850  -59.834698349  -20.512083840    4.488732801
    0.349065850   -0.349065850  -65.057301917  -38.498709551    2.566810387
    0.523598776   -0.349065850  -72.770295410  -48.107586118    1.599513830
    0.698131701   -0.349065850  -81.057360870  -44.453613103    2.289194163
    0.872664626   -0.349065850  -87.413748299  -26.208433031    4.625841240
    1.047197551   -0.349065850  -89.551115370    2.835970651    7.872979766
    1.221730476   -0.349065850  -86.252215666   34.541258062   10.905775680
    1.396263402   -0.349065850  -77.858365632   59.899344917   12.773148415
    1.570796327   -0.349065850  -66.078268870   72.675941990   13.125048285
    1.745329252   -0.349065850  -53.316670100   71.268579340   12.337453297
    1.919862177   -0.349065850  -41.895357203   57.918846609   11.234910893
    2.094395102   -0.349065850  -33.545670106   36.802278422   10.695775517
    2.268928028   -0.349065850  -29.235367507   12.351860667   11.229463103
    2.443460953   -0.349065850  -29.197359642  -11.547955009   12.762499825
    2.617993878   -0.349065850  -33.037679018  -31.608755545   14.643893444
    2.792526803   -0.349065850  -39.841856271  -45.174125253   15.859209362
    2.967059728   -0.349065850  -48.308260710  -50.528903620   15.432983850

   -3.141592654   -0.174532925  -54.821216761  -51.525165508   11.080615357
   -2.967059728   -0.174532925  -63.187728033  -43.412984117    6.084257005
   -2.792526803   -0.174532925  -69.722540195  -31.146149078    0.313795044
   -2.617993878   -0.174532925  -74.049750301  -18.800711118   -5.133648691
   -2.443460953   -0.174532925  -76.488820920   -9.973345565   -9.418569536
   -2.268928028   -0.174532925  -77.842301610   -6.455054666  -12.260164639
   -2.094395102   -0.174532925  -79.026638624   -7.773019897  -13.902587082
   -1.919862177   -0.174532925  -80.705041069  -11.628543299  -14.808988121
   -1.745329252   -0.174532925  -83.048611343  -14.843744402  -15.263340207
   -1.570796327   -0.174532925  -85.675745739  -14.468740158  -15.152289831
   -1.396263402   -0.174532925  -87.779718199   -8.709285801  -14.049348873
   -1.221730476   -0.174532925  -88.400344100    2.336182863  -11.548538953
   -1.047197551   -0.174532925  -86.778791582   16.450772141   -7.635712233
   -0.872664626   -0.174532925  -82.685287331   29.944766182   -2.827577749
   -0.698131701   -0.174532925  -76.583168748   38.856648019    1.957348859
   -0.523598776   -0.174532925  -69.552418304   40.238029949    5.725609636
   -0.349065850   -0.174532925  -63.026669178   33.058274822    7.781133366
   -0.174532925   -0.174532925  -58.444588264   18.291039433    7.928363807
    0.000000000   -0.174532925  -56.927954207   -1.549673660    6.541536438
    0.174532925   -0.174532925  -59.046212247  -22.605545042    4.455704441
    0.349065850   -0.174532925  -64.589947379  -39.903777393    2.756514566
    0.523598776   -0.174532925  -72.419647038  -47.942341234    2.421052533
    0.698131701   -0.174532925  -80.515308450  -42.455989653    3.932556280
    0.872664626   -0.174532925  -86.395245479  -22.893935550    7.041397073
    1.047197551   -0.174532925  -87.916116082    6.376853326   10.834134683
    1.221730476   -0.174532925  -84.064356836   37.171861536   14.115596565
    1.396263402   -0.174532925  -75.344056912   60.959452726   15.979670988
    1.570796327   -0.174532925  -63.515636761   72.254857594   16.180731984
    1.745329252   -0.174532925  -50.908448815   70.071669468   15.192314520
    1.919862177   -0.174532925  -39.695110251   56.889352823   13.880280034
    2.094395102   -0.174532925  -31.454828351   36.662368481   13.094314242
    2.268928028   -0.174532925  -27.072435842   13.297800569   13.272200748
    2.443460953   -0.174532925  -26.801094323   -9.936018712   14.268276132
    2.617993878   -0.174532925  -30.365102373  -30.230727475   15.407002517
    2.792526803   -0.174532925  -37.025223446  -45.065249307   15.733580203
    2.967059728   -0.174532925  -45.641487384  -52.431722006   14.407975953

   -3.141592654    0.000000000  -53.276200614  -55.778965812    6.224386246
   -2.967059728    0.000000000  -62.480820849  -48.607556096    1.762317086
   -2.792526803    0.000000000  -69.932684560  -36.285421675   -2.809948699
   -2.617993878    0.000000000  -75.084620881  -22.989751855   -6.668951910
   -2.443460953    0.000000000  -78.136601510  -12.785982632   -9.319435815
   -2.268928028    0.000000000  -79.868100583   -8.036987946  -10.792665964
   -2.094395102    0.000000000  -81.255805605   -8.610495745  -11.527147645
   -1.919862177    0.000000000  -83.047985130  -12.135515544  -12.011399522
   -1.745329252    0.000000000  -85.455901418  -15.035476887  -12.395385289
   -1.570796327    0.000000000  -88.061298282  -13.932107270  -12.352326738
   -1.396263402    0.000000000  -89.968379524   -6.904532241  -11.277586317
   -1.221730476    0.000000000  -90.142587228    5.647258259   -8.721295778
   -1.047197551    0.000000000  -87.831725615   20.938805627   -4.772150454
   -0.872664626    0.000000000  -82.911852790   34.758591799   -0.124837093
   -0.698131701    0.000000000  -76.017608275   42.943385428    4.176359006
   -0.523598776    0.000000000  -68.400318497   42.762485715    7.158698253
   -0.349065850    0.000000000  -61.599389931   33.673359912    8.299414107
   -0.174532925    0.000000000  -57.063866242   17.228124428    7.666543003
    0.000000000    0.000000000  -55.828801861   -3.562940162    5.872656086
    0.174532925    0.000000000  -58.306648700  -24.528786120    3.878203511
    0.349065850    0.000000000  -64.100779870  -40.694354390    2.741510301
    0.523598776    0.000000000  -71.915186318  -46.918245952    3.278146033
    0.698131701    0.000000000  -79.665819905  -39.598401740    5.739051564
    0.872664626    0.000000000  -84.934457490  -18.919127478    9.647994789
    1.047197551    0.000000000  -85.749308829   10.279268983   13.955307712
    1.221730476    0.000000000  -81.307349620   39.882966247   17.446515604
    1.396263402    0.000000000  -72.264865770   61.907745502   19.282442585
    1.570796327    0.000000000  -60.417742379   71.616596093   19.295923025
    1.745329252    0.000000000  -48.009537927   68.580836943   17.986018269
    1.919862177    0.000000000  -37.064468447   55.451268040   16.177798241
    2.094395102    0.000000000  -29.020125855   35.927495006   14.640894913
    2.268928028    0.000000000  -24.690260579   13.405887217   13.758904804
    2.443460953    0.000000000  -24.352699216   -9.392042789   13.412462804
    2.617993878    0.000000000  -27.839256656  -30.034182250   13.070533003
    2.792526803    0.000000000  -34.556821289  -46.043665289   12.040647280
    2.967059728    0.000000000  -43.486885825  -55.086378913    9.791149772

   -3.141592654    0.174532925  -52.712224419  -59.520706573    0.182346571
   -2.967059728    0.174532925  -62.590657356  -52.466832816   -2.986415461
   -2.792526803    0.174532925  -70.676333355  -39.580337304   -5.606138375
   -2.617993878    0.174532925  -76.317650819  -25.252943513   -7.323429110
   -2.443460953    0.174532925  -79.669423914  -13.992762990   -8.125222753
   -2.268928028    0.174532925  -81.546747507   -8.589957861   -8.382524131
   -2.094395102    0.174532925  -83.014005187   -9.048426790   -8.642683647
   -1.919862177    0.174532925  -84.896046973  -12.730743317   -9.271169983
   -1.745329252    0.174532925  -87.407910441  -15.546797796  -10.143720048
   -1.570796327    0.174532925  -90.048769840  -13.697495472  -10.635033973
   -1.396263402    0.174532925  -91.799435994   -5.256171055   -9.940594816
   -1.221730476    0.174532925  -91.543279113    8.909681423   -7.578494950
   -1.047197551    0.174532925  -88.552994050   25.326803299   -3.751253411
   -0.872664626    0.174532925  -82.841000418   39.255119688    0.672851013
   -0.698131701    0.174532925  -75.234609773   46.434188962    4.533226621
   -0.523598776    0.174532925  -67.153499231   44.503667773    6.876199169
   -0.349065850    0.174532925  -60.215215245   33.535236225    7.329253304
   -0.174532925    0.174532925  -55.836976799   15.688996758    6.186440762
    0.000000000    0.174532925  -54.928781115   -5.597067322    4.265437923
    0.174532925    0.174532925  -57.726040389  -25.976075995    2.632695762
    0.349065850    0.174532925  -63.650825591  -40.619020511    2.305224165
    0.523598776    0.174532925  -71.280039923  -44.853728851    3.919963798
    0.698131701    0.174532925  -78.507165215  -35.776412448    7.478979383
    0.872664626    0.174532925  -83.017315641  -14.244418855   12.271387163
    1.047197551    0.174532925  -83.033205154   14.548322184   17.118016621
    1.221730476    0.174532925  -77.963995328   42.667099013   20.805343344
    1.396263402    0.174532925  -68.606157319   62.717736194   22.569109647
    1.570796327    0.174532925  -56.779082418   70.672506645   22.308095805
    1.745329252    0.174532925  -44.639719516   66.584661868   20.514002707
    1.919862177    0.174532925  -34.074360841   53.225081365   17.940422286
    2.094395102    0.174532925  -26.393586569   34.053642445   15.274583028
    2.268928028    0.174532925  -22.345614859   12.036553265   12.890446926
    2.443460953    0.174532925  -22.219831694  -10.522222695   10.786300383
    2.617993878    0.174532925  -25.918991951  -31.430530762    8.692497143
    2.792526803    0.174532925  -32.939217734  -48.178117688    6.287139185
    2.967059728    0.174532925  -42.322692136  -58.140155924    3.406257078

   -3.141592654    0.349065850  -53.153157267  -62.187612815   -4.964981612
   -2.967059728    0.349065850  -63.444820328  -54.473243850   -6.522695262
   -2.792526803    0.349065850  -71.804659756  -40.693531941   -7.081936725
   -2.617993878    0.349065850  -77.564179425  -25.526934762   -6.794544692
   -2.443460953    0.349065850  -80.917126002  -13.817740882   -6.102368785
   -2.268928028    0.349065850  -82.767173435   -8.547942094   -5.626586459
   -2.094395102    0.349065850  -84.274684622   -9.597764256   -5.897818182
   -1.919862177    0.349065850  -86.309020018  -13.876123645   -7.047979403
   -1.745329252    0.349065850  -89.035297407  -16.722786101   -8.631588282
   -1.570796327    0.349065850  -91.818614290  -13.996253685   -9.753433670
   -1.396263402    0.349065850  -93.486781212   -3.924661346   -9.486255022
   -1.221730476    0.349065850  -92.841108217   11.995281579   -7.387476964
   -1.047197551    0.349065850  -89.201519289   29.513350107   -3.799283677
   -0.872664626    0.349065850  -82.745373818   43.383210011    0.265718066
   -0.698131701    0.349065850  -74.508992636   49.359338333    3.588354063
   -0.523598776    0.349065850  -66.073517918   45.585032552    5.286020912
   -0.349065850    0.349065850  -59.107032711   32.845346494    5.160107189
   -0.174532925    0.349065850  -54.956751578   13.925272877    3.718901671
    0.000000000    0.349065850  -54.374406708   -7.377315427    1.952637609
    0.174532925    0.349065850  -57.402784943  -26.675225889    0.992695414
    0.349065850    0.349065850  -63.293174531  -39.436697278    1.766993691
    0.523598776    0.349065850  -70.530295803  -41.570727017    4.682112362
    0.698131701    0.349065850  -77.032015692  -30.901719756    9.446128858
    0.872664626    0.349065850  -80.629458787   -8.877358192   15.093011069
    1.047197551    0.349065850  -79.761704091   19.102258866   20.327039973
    1.221730476    0.349065850  -74.046545497   45.399747084   23.983093104
    1.396263402    0.349065850  -64.403731009   63.246298624   25.427472770
    1.570796327    0.349065850  -52.661645392   69.264000745   24.671377658
    1.745329252    0.349065850  -40.890658013   63.899073503   22.223339215
    1.919862177    0.349065850  -30.851272714   49.996469115   18.774475592
    2.094395102    0.349065850  -23.740501884   30.816029869   14.939353714
    2.268928028    0.349065850  -20.240307861    9.006917780   11.101951903
    2.443460953    0.349065850  -20.627389310  -13.396483192    7.406757318
    2.617993878    0.349065850  -24.826728489  -34.313471729    3.862181249
    2.792526803    0.349065850  -32.358640577  -51.159934651    0.500670264
    2.967059728    0.349065850  -42.265436846  -61.112856302   -2.532153244

   -3.141592654    0.523598776  -54.307913672  -63.574125148   -7.858217438
   -2.967059728    0.523598776  -64.739944282  -54.694999661   -7.974589646
   -2.792526803    0.523598776  -73.049460054  -39.951904868   -6.958842122
   -2.617993878    0.523598776  -78.630272608  -24.318519459   -5.340720231
   -2.443460953    0.523598776  -81.781031355  -12.823084339   -3.842179445
   -2.268928028    0.523598776  -83.523495228   -8.390597608   -3.162945807
   -2.094395102    0.523598776  -85.100392682  -10.551031501   -3.700225798
   -1.919862177    0.523598776  -87.381442381  -15.649294657   -5.331919314
   -1.745329252    0.523598776  -90.431339367  -18.488197680   -7.378456476
   -1.570796327    0.523598776  -93.446243502  -14.721031019   -8.835282613
   -1.396263402    0.523598776  -95.093047454   -2.885982801   -8.817874110
   -1.221730476    0.523598776  -94.106303791   14.791139000   -7.019127830
   -1.047197551    0.523598776  -89.877630587   33.278774689   -3.912221632
   -0.872664626    0.523598776  -82.766856215   46.903989589   -0.552092144
   -0.698131701    0.523598776  -74.018521472   51.561372734    1.923568409
   -0.523598776    0.523598776  -65.353237476   45.999999556    2.822943640
   -0.349065850    0.523598776  -58.454145029   31.764480238    2.183854606
   -0.174532925    0.523598776  -54.561587276   12.236014913    0.720228803
    0.000000000    0.523598776  -54.243917600   -8.525825065   -0.471146467
    0.174532925    0.523598776  -57.347784222  -26.246287261   -0.296126955
    0.349065850    0.523598776  -62.978236755  -36.847292813    1.969208332
    0.523598776    0.523598776  -69.576375936  -36.920934833    6.398751596
    0.698131701    0.523598776  -75.141523132  -25.018459823   12.341679148
    0.872664626    0.523598776  -77.696365315   -3.047550511   18.573147643
    1.047197551    0.523598776  -75.912615697   23.583781325   23.738887437
    1.221730476    0.523598776  -69.599960909   47.683076921   26.827132783
    1.396263402    0.523598776  -59.768988260   63.143032020   27.452426888
    1.570796327    0.523598776  -48.228971029   67.151606882   25.839316470
    1.745329252    0.523598776  -36.955298266   60.429124185   22.577301308
    1.919862177    0.523598776  -27.591244510   45.825562407   18.321745007
    2.094395102    0.523598776  -21.232832780   26.429303803   13.613232965
    2.268928028    0.523598776  -18.495660031    4.681100474    8.821036313
    2.443460953    0.523598776  -19.621446140  -17.522301865    4.188958487
    2.617993878    0.523598776  -24.514884976  -38.114572989   -0.078263413
    2.792526803    0.523598776  -32.668008443  -54.434499841   -3.714567574
    2.967059728    0.523598776  -43.080578014  -63.575130581   -6.404653652

   -3.141592654    0.698131701  -55.745604430  -63.840058417   -8.301058952
   -2.967059728    0.698131701  -66.107532742  -53.672268647   -7.486235731
   -2.792526803    0.698131701  -74.159785249  -38.130906365   -5.695826619
   -2.617993878    0.698131701  -79.405528629  -22.425452843   -3.612413382
   -2.443460953    0.698131701  -82.275950117  -11.614248227   -1.991544290
   -2.268928028    0.698131701  -83.907875330   -8.383023101   -1.424616685
   -2.094395102    0.698131701  -85.596510607  -11.800367494   -2.112525604
   -1.919862177    0.698131701  -88.173470474  -17.665902651   -3.763218831
   -1.745329252    0.698131701  -91.578534050  -20.373956727   -5.664963027
   -1.570796327    0.698131701  -94.840581468  -15.530008242   -6.948408619
   -1.396263402    0.698131701  -96.490011044   -2.070326625   -6.963573998
   -1.221730476    0.698131701  -95.224781018   17.073429287   -5.603916097
   -1.047197551    0.698131701  -90.525350672   36.207611496   -3.395668057
   -0.872664626    0.698131701  -82.926652095   49.379946527   -1.256375055
   -0.698131701    0.698131701  -73.850205935   52.747574090   -0.041058860
   -0.523598776    0.698131701  -65.109779729   45.707315548   -0.101027580
   -0.349065850    0.698131701  -58.356854095   30.522518802   -1.104276915
   -0.174532925    0.698131701  -54.691903146   11.061056582   -2.172665231
    0.000000000    0.698131701  -54.490938049   -8.511891807   -2.223533915
    0.174532925    0.698131701  -57.424554812  -24.211944564   -0.365256908
    0.349065850    0.698131701  -62.500956694  -32.560773872    3.759164930
    0.523598776    0.698131701  -68.185885261  -30.890128116    9.776949011
    0.698131701    0.698131701  -72.626651954  -18.403762285   16.644088642
    0.872664626    0.698131701  -74.078990863    2.735656863   22.932962607
    1.047197551    0.698131701  -71.447974748   27.364932333   27.350759660
    1.221730476    0.698131701  -64.696343910   48.904872401   29.181068483
    1.396263402    0.698131701  -54.870610802   61.930866300   28.416375666
    1.570796327    0.698131701  -43.714792507   64.077196536   25.589907872
    1.745329252    0.698131701  -33.089767859   56.179951141   21.427766198
    1.919862177    0.698131701  -24.525775755   40.988295255   16.568903625
    2.094395102    0.698131701  -19.031783285   21.416040245   11.465209555
    2.268928028    0.698131701  -17.163872034   -0.225918802    6.418853452
    2.443460953    0.698131701  -19.119071464  -22.084235932    1.681418877
    2.617993878    0.698131701  -24.758852975  -42.050962759   -2.479102335
    2.792526803    0.698131701  -33.520513707  -57.410666451   -5.727576109
    2.967059728    0.698131701  -44.345807306  -65.273086009   -7.737318251

   -3.141592654    0.872664626  -57.108718353  -63.383519826   -7.230485323
   -2.967059728    0.872664626  -67.289967677  -52.127216077   -6.074045445
   -2.792526803    0.872664626  -75.018386065  -36.077005992   -4.265309649
   -2.617993878    0.872664626  -79.913049770  -20.568426379   -2.417131314
   -2.443460953    0.872664626  -82.523337201  -10.569156518   -1.098223744
   -2.268928028    0.872664626  -84.069185854   -8.456730011   -0.654028112
   -2.094395102    0.872664626  -85.863435612  -12.880054136   -1.092604806
   -1.919862177    0.872664626  -88.682335407  -19.248893252   -2.099080092
   -1.745329252    0.872664626  -92.355895388  -21.745516823   -3.164651275
   -1.570796327    0.872664626  -95.790587543  -16.055500316   -3.788819789
   -1.396263402    0.872664626  -97.434895710   -1.487043748   -3.699207486
   -1.221730476    0.872664626  -95.986425441   18.496597916   -2.993548304
   -1.047197551    0.872664626  -91.012948322   37.783081951   -2.123594959
   -0.872664626    0.872664626  -83.182690826   50.337303131   -1.668483117
   -0.698131701    0.872664626  -74.027204504   52.668362456   -2.006468019
   -0.523598776    0.872664626  -65.382709874   44.773864306   -3.028743823
   -0.349065850    0.872664626  -58.815785247   29.486643180   -4.096946853
   -0.174532925    0.872664626  -55.265622103   10.955658126   -4.259695647
    0.000000000    0.872664626  -54.932392229   -6.765707710   -2.614453354
    0.174532925    0.872664626  -57.362764467  -20.170573840    1.335463065
    0.349065850    0.872664626  -61.546199790  -26.479982358    7.425947609
    0.523598776    0.872664626  -66.057435367  -23.731464541   14.778766061
    0.698131701    0.872664626  -69.257095732  -11.600879200   22.012895382
    0.872664626    0.872664626  -69.657779993    7.773031928   27.645778030
    1.047197551    0.872664626  -66.372596714   29.742744649   30.618597329
    1.221730476    0.872664626  -59.453880328   48.485691395   30.639235703
    1.396263402    0.872664626  -49.911042850   59.233289483   28.142484317
    1.570796327    0.872664626  -39.366421527   59.907015241   23.980994573
    1.745329252    0.872664626  -29.542304040   51.275347579   19.006665467
    1.919862177    0.872664626  -21.859378091   35.859326709   13.828977951
    2.094395102    0.872664626  -17.256782797   16.368033151    8.791556970
    2.268928028    0.872664626  -16.246976029   -4.975339947    4.086003495
    2.443460953    0.872664626  -18.988470318  -26.308057785   -0.108387123
    2.617993878    0.872664626  -25.299147079  -45.459541240   -3.574296344
    2.792526803    0.872664626  -34.562037245  -59.690749364   -6.040677833
    2.967059728    0.872664626  -45.669765868  -66.192144229   -7.282915983

   -3.141592654    1.047197551  -58.265095544  -62.637824723   -6.193217021
   -2.967059728    1.047197551  -68.246798283  -50.655877170   -5.113342742
   -2.792526803    1.047197551  -75.691445314  -34.384454374   -3.706837226
   -2.617993878    1.047197551  -80.308764645  -19.152051371   -2.390034088
   -2.443460953    1.047197551  -82.722024175   -9.758388017   -1.435063145
   -2.268928028    1.047197551  -84.185883790   -8.312936228   -0.895625517
   -2.094395102    1.047197551  -86.001269745  -13.217160397   -0.637875737
   -1.919862177    1.047197551  -88.897773487  -19.742775696   -0.459356840
   -1.745329252    1.047197551  -92.647247429  -22.077425694   -0.219049905
   -1.570796327    1.047197551  -96.111411149  -16.052247995    0.086545415
   -1.396263402    1.047197551  -97.728051402   -1.206912159    0.309998533
   -1.221730476    1.047197551  -96.226106834   18.758903179    0.201440179
   -1.047197551    1.047197551  -91.236520245   37.636961289   -0.495453254
   -0.872664626    1.047197551  -83.488032228   49.520312409   -1.880434509
   -0.698131701    1.047197551  -74.527702532   51.306207255   -3.743957467
   -0.523598776    1.047197551  -66.129122133   43.454009359   -5.477910058
   -0.349065850    1.047197551  -59.724003246   29.116149789   -6.187748624
   -0.174532925    1.047197551  -56.088219484   12.434535949   -4.975904039
    0.000000000    1.047197551  -55.292729935   -2.905162936   -1.291774592
    0.174532925    1.047197551  -56.844042140  -14.035123685    4.805166388
    0.349065850    1.047197551  -59.812453633  -18.885952933   12.545199923
    0.523598776    1.047197551  -62.967868536  -16.042840515   20.585438372
    0.698131701    1.047197551  -64.930468788   -5.363084559   27.367604251
    0.872664626    1.047197551  -64.460930657   11.353994449   31.573824147
    1.047197551    1.047197551  -60.823435810   30.197921678   32.563720788
    1.221730476    1.047197551  -54.078529734   46.155424470   30.544304254
    1.396263402    1.047197551  -45.122999432   55.005468305   26.358432016
    1.570796327    1.047197551  -35.408721657   54.766680292   21.081874734
    1.745329252    1.047197551  -26.504340699   45.967650985   15.599600103
    1.919862177    1.047197551  -19.730273262   30.793527416   10.435627639
    2.094395102    1.047197551  -15.976719650   11.720515339    5.799639013
    2.268928028    1.047197551  -15.733869072   -9.095198715    1.752012165
    2.443460953    1.047197551  -19.138192996  -29.757568863   -1.636289770
    2.617993878    1.047197551  -25.978078283  -48.033073421   -4.245177914
    2.792526803    1.047197551  -35.599096994  -61.184419841   -5.914516277
    2.967059728    1.047197551  -46.866178764  -66.510705469   -6.545618194

   -3.141592654    1.221730476  -59.351271207  -61.893998925   -6.636291510
   -2.967059728    1.221730476  -69.163033122  -49.513244327   -5.772580142
   -2.792526803    1.221730476  -76.400794346  -33.209425137   -4.780061593
   -2.617993878    1.221730476  -80.828993552  -18.178885299   -3.880149779
   -2.443460953    1.221730476  -83.093159113   -9.005243303   -3.071092897
   -2.268928028    1.221730476  -84.434333542   -7.625288044   -2.158224071
   -2.094395102    1.221730476  -86.122214241  -12.420791607   -0.928901445
   -1.919862177    1.221730476  -88.866120840  -18.801239954    0.642375674
   -1.745329252    1.221730476  -92.448936967  -21.153182957    2.293053631
   -1.570796327    1.221730476  -95.775180890  -15.457333947    3.542306141
   -1.396263402    1.221730476  -97.341410727   -1.279128725    3.881167940
   -1.221730476    1.221730476  -95.928027674   17.785392770    2.984406915
   -1.047197551    1.221730476  -91.188572855   35.763896461    0.856765356
   -0.872664626    1.221730476  -83.824438685   47.067403890   -2.090635568
   -0.698131701    1.221730476  -75.294827257   48.964558163   -5.070834751
   -0.523598776    1.221730476  -67.227360973   42.171828720   -7.037013998
   -0.349065850    1.221730476  -60.882693433   29.847560733   -6.946451987
   -0.174532925    1.221730476  -56.894483051   15.795486412   -4.090510463
    0.000000000    1.221730476  -55.277958347    3.080632887    1.601116281
    0.174532925    1.221730476  -55.604404095   -6.166294170    9.441207673
    0.349065850    1.221730476  -57.129943656  -10.480894181   18.083665192
    0.523598776    1.221730476  -58.889362013   -8.714952608   25.866993500
    0.698131701    1.221730476  -59.774202151   -0.538844791   31.279679591
    0.872664626    1.221730476  -58.744274590   12.885607565   33.393646038
    1.047197551    1.221730476  -55.128652403   28.500557824   32.125413041
    1.221730476    1.221730476  -48.907821364   42.022553964   28.182814454
    1.396263402    1.221730476  -40.803873694   49.574456123   22.703626630
    1.570796327    1.221730476  -32.073235839   49.062688898   16.821383821
    1.745329252    1.221730476  -24.137377773   40.641138762   11.309406762
    1.919862177    1.221730476  -18.238803148   26.103297682    6.516732711
    2.094395102    1.221730476  -15.245116319    7.696997965    2.482656079
    2.268928028    1.221730476  -15.647571612  -12.461175430   -0.867164123
    2.443460953    1.221730476  -19.579115415  -32.418001521   -3.559106162
    2.617993878    1.221730476  -26.813992350  -49.871470682   -5.540634888
    2.792526803    1.221730476  -36.676674576  -62.093759931   -6.714147098
    2.967059728    1.221730476  -48.021778128  -66.499872195   -7.041236243

   -3.141592654    1.396263402  -60.699747497  -61.245580783   -9.236363369
   -2.967059728    1.396263402  -70.371842320  -48.616738061   -8.467358841
   -2.792526803    1.396263402  -77.452352593  -32.331918548   -7.595527504
   -2.617993878    1.396263402  -81.734261909  -17.361912829   -6.748628492
   -2.443460953    1.396263402  -83.847041053   -8.033893330   -5.769464310
   -2.268928028    1.396263402  -84.982801112   -6.197819266   -4.310854583
   -2.094395102    1.396263402  -86.370533387  -10.415735971   -2.124377875
   -1.919862177    1.396263402  -88.729158586  -16.465998072    0.665117522
   -1.745329252    1.396263402  -91.916583231  -19.076913990    3.483853287
   -1.570796327    1.396263402  -94.954637195  -14.346439493    5.496340269
   -1.396263402    1.396263402  -96.451613644   -1.659543918    5.953994710
   -1.221730476    1.396263402  -95.246120515   15.797406102    4.525006943
   -1.047197551    1.396263402  -90.968234976   32.565625418    1.467783040
   -0.872664626    1.396263402  -84.208286613   43.513978586   -2.375600575
   -0.698131701    1.396263402  -76.246331449   46.220599579   -5.766974629
   -0.523598776    1.396263402  -68.499410135   41.424528360   -7.370725255
   -0.349065850    1.396263402  -62.043749936   31.964365224   -6.143668452
   -0.174532925    1.396263402  -57.414288583   20.991375976   -1.680803669
    0.000000000    1.396263402  -54.659925708   10.755618047    5.560133535
    0.174532925    1.396263402  -53.523845896    2.647634904   14.314265364
    0.349065850    1.396263402  -53.537227155   -2.261752751   22.809277783
    0.523598776    1.396263402  -54.037048284   -2.735482247   29.283623055
    0.698131701    1.396263402  -54.158156556    2.120222165   32.495022807
    0.872664626    1.396263402  -52.976146939   12.008329951   32.064325153
    1.047197551    1.396263402  -49.781761338   24.716208336   28.516251126
    1.221730476    1.396263402  -44.392491777   36.489097188   22.997854223
    1.396263402    1.396263402  -37.316413406   43.516153226   16.801628415
    1.570796327    1.396263402  -29.619576852   43.375901765   10.949921353
    1.745329252    1.396263402  -22.608976862   35.754133731    5.957877163
    1.919862177    1.396263402  -17.488647529   22.056094691    1.899472415
    2.094395102    1.396263402  -15.137400681    4.355095519   -1.402880201
    2.268928028    1.396263402  -16.070940160  -15.211323640   -4.155823475
    2.443460953    1.396263402  -20.432392393  -34.580055911   -6.442107043
    2.617993878    1.396263402  -27.987137102  -51.347600589   -8.197197201
    2.792526803    1.396263402  -38.040528276  -62.781410853   -9.278773870
    2.967059728    1.396263402  -49.437719524  -66.419196103   -9.595569482

   -3.141592654    1.570796327  -62.678268680  -60.607051932  -13.710810787
   -2.967059728    1.570796327  -72.207385138  -47.677874760  -12.801404016
   -2.792526803    1.570796327  -79.118755283  -31.356531935  -11.676953160
   -2.617993878    1.570796327  -83.228689795  -16.335093688  -10.496763243
   -2.443460953    1.570796327  -85.136088260   -6.636050356   -9.090996660
   -2.268928028    1.570796327  -85.966946801   -4.052618069   -7.067159330
   -2.094395102    1.570796327  -86.905548642   -7.441288901   -4.164943598
   -1.919862177    1.570796327  -88.700201253  -13.093896082   -0.581756041
   -1.745329252    1.570796327  -91.324938912  -16.168069835    2.953797680
   -1.570796327    1.570796327  -93.965317207  -12.844166864    5.433788455
   -1.396263402    1.570796327  -95.370784148   -2.173812556    6.015522050
   -1.221730476    1.570796327  -94.434177250   13.283389233    4.420912254
   -1.047197551    1.570796327  -90.721643182   28.766490624    1.117010528
   -0.872664626    1.570796327  -84.649008623   39.673698829   -2.763880496
   -0.698131701    1.570796327  -77.255064020   43.794614619   -5.733378113
   -0.523598776    1.570796327  -69.713779225   41.659855459   -6.383729245
   -0.349065850    1.570796327  -62.931797444   35.504680338   -3.848464433
   -0.174532925    1.570796327  -57.406151877   27.595069902    1.887884267
    0.000000000    1.570796327  -53.309141467   19.282880398    9.881714269
    0.174532925    1.570796327  -50.643402114   11.323939491   18.461744531
    0.349065850    1.570796327  -49.269067146    4.674023590   25.679211342
    0.523598776    1.570796327  -48.821564726    1.010760253   29.918156733
    0.698131701    1.570796327  -48.616702377    2.098335367   30.370549793
    0.872664626    1.570796327  -47.744287256    8.625742439   27.252978495
    1.047197551    1.570796327  -45.353816491   19.117732673   21.643346942
    1.221730476    1.570796327  -41.032120439   30.078406942   15.016200729
    1.396263402    1.570796327  -35.057586751   37.457565226    8.690708139
    1.570796327    1.570796327  -28.336667968   38.297109810    3.456279122
    1.745329252    1.570796327  -22.116587080   31.749725563   -0.530962991
    1.919862177    1.570796327  -17.618087522   18.879963351   -3.546856792
    2.094395102    1.570796327  -15.772687416    1.688334834   -6.022734519
    2.268928028    1.570796327  -17.143118017  -17.560932790   -8.288497543
    2.443460953    1.570796327  -21.888241018  -36.599798586  -10.432861765
    2.617993878    1.570796327  -29.754894678  -52.856998594  -12.294544197
    2.792526803    1.570796327  -40.011958896  -63.566347351  -13.582824219
    2.967059728    1.570796327  -51.476660161  -66.410359098  -14.055856119

   -3.141592654    1.745329252  -65.521584767  -59.827612642  -18.910360011
   -2.967059728    1.745329252  -74.865500358  -46.410197593  -17.691378881
   -2.792526803    1.745329252  -81.539532668  -29.943377339  -16.085311736
   -2.617993878    1.745329252  -85.396686752  -14.829001234  -14.357849227
   -2.443460953    1.745329252  -87.013157425   -4.737470066  -12.430538568
   -2.268928028    1.745329252  -87.449217839   -1.378136392   -9.956799892
   -2.094395102    1.745329252  -87.844107239   -3.918373076   -6.686886793
   -1.919862177    1.745329252  -88.981052777   -9.209797995   -2.814842328
   -1.745329252    1.745329252  -90.963151390  -12.870376089    0.931238050
   -1.570796327    1.745329252  -93.153504592  -11.135889868    3.552939170
   -1.396263402    1.745329252  -94.446320975   -2.638597038    4.257763521
   -1.221730476    1.745329252  -93.774168514   10.801621852    2.879053263
   -1.047197551    1.745329252  -90.607462949   25.194514701    0.039057279
   -0.872664626    1.745329252  -85.150927503   36.448437746   -3.002206770
   -0.698131701    1.745329252  -78.178982351   42.420416593   -4.744295397
   -0.523598776    1.745329252  -70.631800176   43.219981351   -3.958683587
   -0.349065850    1.745329252  -63.293546823   40.282493620   -0.137808377
   -0.174532925    1.745329252  -56.696086569   34.898218881    6.299737431
    0.000000000    1.745329252  -51.210160625   27.592113508   14.049449618
    0.174532925    1.745329252  -47.146978293   18.697233718   21.293945074
    0.349065850    1.745329252  -44.700257373    9.345207745   26.210695608
    0.523598776    1.745329252  -43.757710378    1.922066079   27.560287178
    0.698131701    1.745329252  -43.731395314   -0.770258619   25.057408377
    0.872664626    1.745329252  -43.625277387    2.941597646   19.453482774
    1.047197551    1.745329252  -42.362821306   12.149739293   12.231750336
    1.221730476    1.745329252  -39.255981702   23.342711843    5.039355904
    1.396263402    1.745329252  -34.358909885   31.951088754   -0.892471726
    1.570796327    1.745329252  -28.465703452   34.299076769   -5.074660798
    1.745329252    1.745329252  -22.830403444   28.961788615   -7.743040579
    1.919862177    1.745329252  -18.753826844   16.736639597   -9.536905920
    2.094395102    1.745329252  -17.264786016   -0.313398011  -11.134452138
    2.268928028    1.745329252  -18.992328934  -19.656978810  -12.958477787
    2.443460953    1.745329252  -24.107939624  -38.698553749  -15.058305924
    2.617993878    1.745329252  -32.318044195  -54.618866456  -17.129006207
    2.792526803    1.745329252  -42.824249194  -64.591391890  -18.690822503
    2.967059728    1.745329252  -54.385759021  -66.481708099  -19.322887250

   -3.141592654    1.919862177  -69.220047534  -58.830863554  -23.198496215
   -2.967059728    1.919862177  -78.321331288  -44.713887044  -21.657623843
   -2.792526803    1.919862177  -84.670814859  -27.980398100  -19.573471990
   -2.617993878    1.919862177  -88.177416949  -12.773929448  -17.313192209
   -2.443460953    1.919862177  -89.415203819   -2.397318491  -14.932928843
   -2.268928028    1.919862177  -89.393257366    1.572738520  -12.203114164
   -2.094395102    1.919862177  -89.210886432   -0.283722485   -8.924556763
   -1.919862177    1.919862177  -89.681795502   -5.332166899   -5.249498839
   -1.745329252    1.919862177  -91.027192252   -9.619872528   -1.785907306
   -1.570796327    1.919862177  -92.771794822   -9.409704197    0.638948730
   -1.396263402    1.919862177  -93.933557618   -2.886152714    1.423598450
   -1.221730476    1.919862177  -93.459823133    8.882716100    0.576215167
   -1.047197551    1.919862177  -90.702387634   22.632489419   -1.175450798
   -0.872664626    1.919862177  -85.647017762   34.659349238   -2.612130216
   -0.698131701    1.919862177  -78.823337530   42.695645770   -2.471620263
   -0.523598776    1.919862177  -70.991151982   46.252991302    0.044292863
   -0.349065850    1.919862177  -62.888879864   45.892949550    4.930838653
   -0.174532925    1.919862177  -55.158870218   42.016917868   11.347132262
    0.000000000    1.919862177  -48.417543155   34.556229522   17.816427498
    0.174532925    1.919862177  -43.284253948   23.711690564   22.673672034
    0.349065850    1.919862177  -40.237795186   11.039545176   24.520876901
    0.523598776    1.919862177  -39.335645227   -0.233975469   22.679197473
    0.698131701    1.919862177  -39.992483619   -6.272574671   17.405521694
    0.872664626    1.919862177  -41.044124037   -4.542231324    9.853083847
    1.047197551    1.919862177  -41.134903589    4.413373836    1.701766768
    1.221730476    1.919862177  -39.288060810   16.832655991   -5.421869072
    1.396263402    1.919862177  -35.358938468   27.418334428  -10.494087882
    1.570796327    1.919862177  -30.084730854   31.655954962  -13.358571144
    1.745329252    1.919862177  -24.792599189   27.532731252  -14.609542649
    1.919862177    1.919862177  -20.922277677   15.671190321  -15.183303155
    2.094395102    1.919862177  -19.637514672   -1.657499006  -15.929939998
    2.268928028    1.919862177  -21.644851034  -21.514001092  -17.301131988
    2.443460953    1.919862177  -27.118347303  -40.867064089  -19.272340054
    2.617993878    1.919862177  -35.698995971  -56.592955038  -21.405180084
    2.792526803    1.919862177  -46.490863413  -65.797837413  -23.076019712
    2.967059728    1.919862177  -58.167585322  -66.567528100  -23.740546464

   -3.141592654    2.094395102  -73.472154897  -57.650877885  -25.045743874
   -2.967059728    2.094395102  -82.286933029  -42.697602348  -23.348471702
   -2.792526803    2.094395102  -88.245435641  -25.589402555  -21.007686096
   -2.617993878    2.094395102  -91.324427527  -10.287836218  -18.417428584
   -2.443460953    2.094395102  -92.119007536    0.224653228  -15.757522574
   -2.268928028    2.094395102  -91.612301620    4.532784391  -12.967127181
   -2.094395102    2.094395102  -90.877354747    3.065506598   -9.954475908
   -1.919862177    2.094395102  -90.750736070   -1.927197157   -6.832011709
   -1.745329252    2.094395102  -91.543398538   -6.818316970   -4.010143307
   -1.570796327    2.094395102  -92.899879452   -7.851672778   -2.015896781
   -1.396263402    2.094395102  -93.917733684   -2.783537096   -1.143413126
   -1.221730476    2.094395102  -93.524494140    7.979791293   -1.170668839
   -1.047197551    2.094395102  -90.940870674   21.731548751   -1.338922975
   -0.872664626    2.094395102  -85.956392937   34.933552092   -0.649897375
   -0.698131701    2.094395102  -78.918111327   44.974101093    1.691317674
   -0.523598776    2.094395102  -70.498187946   50.657184062    5.867897447
   -0.349065850    2.094395102  -61.485546402   51.744119398   11.306389197
   -0.174532925    2.094395102  -52.699332950   48.009843390   16.846506988
    0.000000000    2.094395102  -45.011891521   39.152763179   21.072846281
    0.174532925    2.094395102  -39.299402280   25.562395163   22.748166507
    0.349065850    2.094395102  -36.230412480    9.387900613   21.124809557
    0.523598776    2.094395102  -35.924061293   -5.319060644   16.183571171
    0.698131701    2.094395102  -37.705781742  -13.853045094    8.678586244
    0.872664626    2.094395102  -40.187314744  -13.053561118   -0.004049833
    1.047197551    2.094395102  -41.719507549   -3.328962912   -8.217968744
    1.221730476    2.094395102  -41.058987911   11.126472499  -14.568708802
    1.396263402    2.094395102  -37.909809216   24.178308852  -18.366692237
    1.570796327    2.094395102  -33.011855279   30.451091007  -19.799346560
    1.745329252    2.094395102  -27.821125377   27.399801230  -19.731431397
    1.919862177    2.094395102  -23.956855973   15.587747920  -19.257351485
    2.094395102    2.094395102  -22.736415149   -2.374263189  -19.263000655
    2.268928028    2.094395102  -24.941253040  -23.040850393  -20.141399708
    2.443460953    2.094395102  -30.733363150  -42.898983787  -21.779142690
    2.617993878    2.094395102  -39.670014568  -58.523425223  -23.669627262
    2.792526803    2.094395102  -50.741977738  -66.975719930  -25.160258594
    2.967059728    2.094395102  -62.525271945  -66.575451696  -25.697030789

   -3.141592654    2.268928028  -77.755322999  -56.438576770  -23.451560503
   -2.967059728    2.268928028  -86.277915495  -40.629149926  -21.854281441
   -2.792526803    2.268928028  -91.828110604  -23.048801919  -19.580611804
   -2.617993878    2.268928028  -94.446752175   -7.595075627  -16.954647949
   -2.443460953    2.268928028  -94.768340188    2.947028993  -14.239650406
   -2.268928028    2.268928028  -93.782194234    7.306153183  -11.568409963
   -2.094395102    2.268928028  -92.558209522    5.877925292   -9.001109536
   -1.919862177    2.268928028  -91.949946716    0.724743373   -6.621097720
   -1.745329252    2.268928028  -92.318761277   -4.680139074   -4.589233932
   -1.570796327    2.268928028  -93.368128774   -6.498672046   -3.044771686
   -1.396263402    2.268928028  -94.215270926   -2.131674304   -1.916875482
   -1.221730476    2.268928028  -93.731966901    8.480939121   -0.801584846
   -1.047197551    2.268928028  -91.013250331   22.913902087    0.955124169
   -0.872664626    2.268928028  -85.707858956   37.517643090    3.937406841
   -0.698131701    2.268928028  -78.077652854   49.152046776    8.307424500
   -0.523598776    2.268928028  -68.821432521   55.918804543   13.581442654
   -0.349065850    2.268928028  -58.872065012   57.002268414   18.712035783
   -0.174532925    2.268928028  -49.264667451   51.935767476   22.425659506
    0.000000000    2.268928028  -41.095377174   40.588181503   23.611311377
    0.174532925    2.268928028  -35.404029479   23.818355101   21.653285486
    0.349065850    2.268928028  -32.924361570    4.431749005   16.557240793
    0.523598776    2.268928028  -33.720757061  -12.832106716    8.960507418
    0.698131701    2.268928028  -36.950183242  -22.680122820    0.020928367
    0.872664626    2.268928028  -40.974502231  -21.638572344   -8.809419153
    1.047197551    2.268928028  -43.875842873  -10.228496180  -16.127600139
    1.221730476    2.268928028  -44.202622383    6.791260904  -20.971105483
    1.396263402    2.268928028  -41.576918208   22.449722116  -23.108188636
    1.570796327    2.268928028  -36.801485170   30.611124216  -23.071078968
    1.745329252    2.268928028  -31.498541579   28.341745344  -21.880619567
    1.919862177    2.268928028  -27.479350456   16.283917506  -20.614567112
    2.094395102    2.268928028  -26.207110194   -2.520521582  -20.033218757
    2.268928028    2.268928028  -28.520106153  -24.099864465  -20.383232856
    2.443460953    2.268928028  -34.552889619  -44.503814553  -21.466961448
    2.617993878    2.268928028  -43.774859760  -60.079826361  -22.799867608
    2.792526803    2.268928028  -55.070156445  -67.890754184  -23.833230290
    2.967059728    2.268928028  -66.926216398  -66.461078106  -24.123035333

   -3.141592654    2.443460953  -81.440271430  -55.377405855  -18.244298377
   -2.967059728    2.443460953  -89.708358626  -38.806139180  -16.966261654
   -2.792526803    2.443460953  -94.888037018  -20.676475385  -15.044588956
   -2.617993878    2.443460953  -97.065358049   -4.962689110  -12.663737657
   -2.443460953    2.443460953  -96.924589656    5.572221441  -10.121667230
   -2.268928028    2.443460953  -95.494203297    9.744318153   -7.727778030
   -2.094395102    2.443460953  -93.867914966    8.036055212   -5.690840287
   -1.919862177    2.443460953  -92.910462690    2.559338836   -4.053052158
   -1.745329252    2.443460953  -92.986844220   -3.158882342   -2.693522091
   -1.570796327    2.443460953  -93.788777657   -5.149871925   -1.341439781
   -1.396263402    2.443460953  -94.391416791   -0.606243931    0.400208444
   -1.221730476    2.443460953  -93.589145405   10.702168743    2.987082788
   -1.047197551    2.443460953  -90.386094696   26.294146094    6.773751617
   -0.872664626    2.443460953  -84.378119864   42.160537614   11.759561476
   -0.698131701    2.443460953  -75.858627004   54.569395519   17.423817437
   -0.523598776    2.443460953  -65.661363640   61.080908321   22.736432400
   -0.349065850    2.443460953  -54.925740207   60.641601420   26.428219915
   -0.174532925    2.443460953  -44.898611699   52.954023137   27.393501656
    0.000000000    2.443460953  -36.827841957   38.395215026   25.030906317
    0.174532925    2.443460953  -31.800279028   18.467192133   19.417003962
    0.349065850    2.443460953  -30.485214786   -3.407639324   11.265570116
    0.523598776    2.443460953  -32.786149036  -22.009590229    1.757647052
    0.698131701    2.443460953  -37.632771502  -31.787361925   -7.683439372
    0.872664626    2.443460953  -43.138940357  -29.303315039  -15.687208139
    1.047197551    2.443460953  -47.175102858  -15.451469106  -21.248644272
    1.221730476    2.443460953  -48.170166010    4.351319872  -23.976351860
    1.396263402    2.443460953  -45.751706269   22.396126892  -24.173031181
    1.570796327    2.443460953  -40.843733323   32.008554282  -22.690914886
    1.745329252    2.443460953  -35.251354874   30.098190930  -20.587728329
    1.919862177    2.443460953  -30.960417003   17.539671049  -18.764582152
    2.094395102    2.443460953  -29.545852247   -2.158656321  -17.725437072
    2.268928028    2.443460953  -31.872014983  -24.567213077  -17.518247216
    2.443460953    2.443460953  -38.033303099  -45.428869213  -17.886744449
    2.617993878    2.443460953  -47.422463746  -60.991563802  -18.448539883
    2.792526803    2.443460953  -58.844241806  -68.372151404  -18.853408301
    2.967059728    2.443460953  -70.724110748  -66.229202078  -18.842250548

   -3.141592654    2.617993878  -83.940562126  -54.588912776  -10.026590326
   -2.967059728    2.617993878  -92.020717341  -37.432695456   -9.162740871
   -2.792526803    2.617993878  -96.907933843  -18.721065599   -7.753514891
   -2.617993878    2.617993878  -98.706781138   -2.635496988   -5.828182097
   -2.443460953    2.617993878  -98.153205439    7.906170478   -3.674927386
   -2.268928028    2.617993878  -96.340461615   11.742153789   -1.713820194
   -2.094395102    2.617993878  -94.406962769    9.554281364   -0.234097458
   -1.919862177    2.617993878  -93.217957365    3.736199594    0.809178860
   -1.745329252    2.617993878  -93.092241853   -1.945563320    1.822364917
   -1.570796327    2.617993878  -93.642674921   -3.398821176    3.422236334
   -1.396263402    2.617993878  -93.856802721    2.161923933    6.186857630
   -1.221730476    2.617993878  -92.459812051   14.776058977   10.419004762
   -1.047197551    2.617993878  -88.434722040   31.584707465   15.979022511
   -0.872664626    2.617993878  -81.435356097   48.089478512   22.199539401
   -0.698131701    2.617993878  -71.899232699   60.085293488   27.976807799
   -0.523598776    2.617993878  -60.868408087   64.905140615   32.004841735
   -0.349065850    2.617993878  -49.698364189   61.642498706   33.132168589
   -0.174532925    2.617993878  -39.793759999   50.499000399   30.693889390
    0.000000000    2.617993878  -32.454004228   32.541632636   24.707903658
    0.174532925    2.617993878  -28.696001196    9.943623886   15.878509849
    0.349065850    2.617993878  -29.014710518  -13.375304636    5.454537601
    0.523598776    2.617993878  -33.073972848  -31.936396014   -5.032389931
    0.698131701    2.617993878  -39.543845213  -40.238976393  -14.054752981
    0.872664626    2.617993878  -46.314857358  -35.213853462  -20.436961380
    1.047197551    2.617993878  -51.123095994  -18.375091350  -23.649488764
    1.221730476    2.617993878  -52.382986053    4.145567851  -23.917547019
    1.396263402    2.617993878  -49.821890429   24.071818789  -22.076399560
    1.570796327    2.617993878  -44.536054467   34.496369404  -19.236591700
    1.745329252    2.617993878  -38.510335532   32.456773631  -16.386384170
    1.919862177    2.617993878  -33.863967105   19.203857071  -14.141662541
    2.094395102    2.617993878  -32.232257805   -1.314492897  -12.686344916
    2.268928028    2.617993878  -34.470341965  -24.352063130  -11.871462344
    2.443460953    2.617993878  -40.625950259  -45.524308228  -11.426955124
    2.617993878    2.617993878  -50.037980828  -61.119252360  -11.123841351
    2.792526803    2.617993878  -61.470116198  -68.345511686  -10.841559404
    2.967059728    2.617993878  -73.319946687  -65.900803816  -10.515587051

   -3.141592654    2.792526803  -84.828283037  -54.077751653   -0.021728472
   -2.967059728    2.792526803  -92.791570996  -36.561839864    0.458485166
   -2.792526803    2.792526803  -97.480227828  -17.312397295    1.321265903
   -2.617993878    2.792526803  -98.992252546   -0.806810762    2.664358608
   -2.443460953    2.792526803  -98.110140385    9.759153082    4.247962830
   -2.268928028    2.792526803  -96.002863107   13.208698830    5.641541767
   -2.094395102    2.792526803  -93.858449892   10.519747066    6.583836295
   -1.919862177    2.792526803  -92.522669410    4.542784024    7.259998258
   -1.745329252    2.792526803  -92.221398781   -0.613963497    8.316460127
   -1.570796327    2.792526803  -92.440023791   -0.828741085   10.568231789
   -1.396263402    2.792526803  -92.064625253    6.373309460   14.564808181
   -1.221730476    2.792526803  -89.795871163   20.488511463   20.257867259
   -1.047197551    2.792526803  -84.692679016   38.061521959   26.912863786
   -0.872664626    2.792526803  -76.579812030   54.148520304   33.262318245
   -0.698131701    2.792526803  -66.121683804   64.366365064   37.856626870
   -0.523598776    2.792526803  -54.587949900   66.224926800   39.446469222
   -0.349065850    2.792526803  -43.501744290   59.303392773   37.301463382
   -0.174532925    2.792526803  -34.332197437   44.473941259   31.360079737
    0.000000000    2.792526803  -28.322393099   23.486882799   22.233228406
    0.174532925    2.792526803  -26.323823800   -0.921386037   11.076508006
    0.349065850    2.792526803  -28.584624676  -24.494336604   -0.572205456
    0.523598776    2.792526803  -34.487324397  -41.683791086  -11.055854060
    0.698131701    2.792526803  -42.438226559  -47.279846961  -18.902230457
    0.872664626    2.792526803  -50.145446883  -38.850590285  -23.203940000
    1.047197551    2.792526803  -55.294371777  -18.729490784  -23.902318440
    1.221730476    2.792526803  -56.388565650    6.222909101  -21.775635821
    1.396263402    2.792526803  -53.340934326   27.372985830  -18.092261214
    1.570796327    2.792526803  -47.456356239   37.913291883  -14.112305550
    1.745329252    2.792526803  -40.879456628   35.291740977  -10.666467626
    1.919862177    2.792526803  -35.808378867   21.240515121   -8.041678556
    2.094395102    2.792526803  -33.883007779    0.061385835   -6.114620935
    2.268928028    2.792526803  -35.919013941  -23.367182155   -4.595126891
    2.443460953    2.792526803  -41.920169613  -44.716626201   -3.260768730
    2.617993878    2.792526803  -51.200902075  -60.424143073   -2.063050307
    2.792526803    2.792526803  -62.522840930  -67.794440518   -1.092833272
    2.967059728    2.792526803  -74.286691009  -65.465630923   -0.440186116

   -3.141592654    2.967059728  -83.921701146  -53.762028196   10.269392912
   -2.967059728    2.967059728  -91.826126631  -36.138123617   10.474305299
   -2.792526803    2.967059728  -96.407683132  -16.484720638   10.844861138
   -2.617993878    2.967059728  -97.739308890    0.394256360   11.564611880
   -2.443460953    2.967059728  -96.638648797   10.984411223   12.474889076
   -2.268928028    2.967059728  -94.343119144   14.098729738   13.235408001
   -2.094395102    2.967059728  -92.076303089   11.074760147   13.711479418
   -1.919862177    2.967059728  -90.637536393    5.294337005   14.247980173
   -1.745329252    2.967059728  -90.126032031    1.191898044   15.629106609
   -1.570796327    2.967059728  -89.881803193    2.749560422   18.673807036
   -1.396263402    2.967059728  -88.712524855   11.849533378   23.704823762
   -1.221730476    2.967059728  -85.366483039   27.192366786   30.220173803
   -1.047197551    2.967059728  -79.079682445   44.671009509   36.948895257
   -0.872664626    2.967059728  -69.935327952   59.102001122   42.242488082
   -0.698131701    2.967059728  -58.858564852   66.312026506   44.613277599
   -0.523598776    2.967059728  -47.310602765   64.370886669   43.151723027
   -0.349065850    2.967059728  -36.892187328   53.554175888   37.709357085
   -0.174532925    2.967059728  -29.029534442   35.398103971   28.824354827
    0.000000000    2.967059728  -24.817574117   12.177576586   17.551064180
    0.174532925    2.967059728  -24.883308756  -12.998465006    5.268366062
    0.349065850    2.967059728  -29.199563347  -35.696406272   -6.443690146
    0.523598776    2.967059728  -36.864233217  -50.436344693  -16.010742726
    0.698131701    2.967059728  -46.042043400  -52.452214280  -22.157184849
    0.872664626    2.967059728  -54.309581577  -40.121856892  -24.288201617
    1.047197551    2.967059728  -59.378723071  -16.711482127  -22.751601202
    1.221730476    2.967059728  -59.926493058   10.233724929  -18.726276618
    1.396263402    2.967059728  -56.111865318   31.943507228  -13.727957343
    1.570796327    2.967059728  -49.461667964   42.008501476   -9.012533807
    1.745329252    2.967059728  -42.246088716   38.507561823   -5.177584818
    1.919862177    2.967059728  -36.684857771   23.692709892   -2.188962354
    2.094395102    2.967059728  -34.374239639    2.085191548    0.314870534
    2.268928028    2.967059728  -36.073330137  -21.501717694    2.675736063
    2.443460953    2.967059728  -41.756361311  -42.949429058    4.998152869
    2.617993878    2.967059728  -50.746459060  -58.898308551    7.131137942
    2.792526803    2.967059728  -61.837222811  -66.711198793    8.804503841
    2.967059728    2.967059728  -73.454684975  -64.874425710    9.827156548
