#! FIELDS phi psi file.free der_phi der_psi
#! SET min_phi -pi
#! SET max_phi pi
#! SET nbins_phi  36
#! SET periodic_phi true
#! SET min_psi -pi
#! SET max_psi pi
#! SET nbins_psi  36
#! SET periodic_psi true
   -3.141592654   -3.141592654  -87.184718861  -53.876098425   17.532659832
   -2.967059728   -3.141592654  -95.128906253  -36.407860614   17.608005943
   -2.792526803   -3.141592654  -99.742865894  -16.550024012   17.649756332
   -2.617993878   -3.141592654 -101.058174724    0.637270032   17.938057726
   -2.443460953   -3.141592654  -99.895414388   11.403661754   18.431157123
   -2.268928028   -3.141592654  -97.520810964   14.573194550   18.908768494
   -2.094395102   -3.141592654  -95.158951200   11.736934344   19.330593898
   -1.919862177   -3.141592654  -93.553831690    6.641765596   20.091579198
   -1.745329252   -3.141592654  -92.699977076    3.864097244   21.962322119
   -1.570796327   -3.141592654  -91.843349378    7.107127134   25.651983675
   -1.396263402   -3.141592654  -89.780371918   17.627477286   31.257561535
   -1.221730476   -3.141592654  -85.366183983   33.463279947   37.962166562
   -1.047197551   -3.141592654  -78.035561234   50.144502252   44.184808318
   -0.872664626   -3.141592654  -68.095791618   62.562586472   48.106583191
   -0.698131701   -3.141592654  -56.656363251   66.889421837   48.298316738
   -0.523598776   -3.141592654  -45.296560711   61.581347091   44.128881685
   -0.349065850   -3.141592654  -35.674646197   47.211756448   35.866589367
   -0.174532925   -3.141592654  -29.222860600   25.635552858   24.499124118
    0.000000000   -3.141592654  -26.970564796   -0.357714574   11.483929403
    0.174532925   -3.141592654  -29.370814422  -26.918311385   -1.496608131
    0.349065850   -3.141592654  -36.089158032  -48.921543356  -12.719549646
    0.523598776   -3.141592654  -45.831000411  -60.658014156  -20.689321177
    0.698131701   -3.141592654  -56.397423437  -57.951916373  -24.474298477
    0.872664626   -3.141592654  -65.172712376  -40.502817543  -24.025188959
    1.047197551   -3.141592654  -69.932228237  -13.064369889  -20.276846864
    1.221730476   -3.141592654  -69.635547782   15.918026829  -14.836133824
    1.396263402   -3.141592654  -64.794222893   37.770320216   -9.337492960
    1.570796327   -3.141592654  -57.196362385   46.970088827   -4.824234793
    1.745329252   -3.141592654  -49.196914038   42.594600511   -1.469824826
    1.919862177   -3.141592654  -42.962583147   27.412775428    1.203011840
    2.094395102   -3.141592654  -40.003007971    5.837206534    3.834809705
    2.268928028   -3.141592654  -41.043397242  -17.749807402    6.795170450
    2.443460953   -3.141592654  -46.097343990  -39.579820213   10.010471791
    2.617993878   -3.141592654  -54.564662292  -56.352334342   13.067331848
    2.792526803   -3.141592654  -65.300697997  -65.226757539   15.479828691
    2.967059728   -3.141592654  -76.746127974  -64.369593281   16.949268579

   -3.141592654   -2.967059728  -83.540157640  -53.523332104   23.714030132
   -2.967059728   -2.967059728  -91.465004784  -36.456326612   23.886736272
   -2.792526803   -2.967059728  -96.091232420  -16.590010113   23.727429130
   -2.617993878   -2.967059728  -97.398813500    0.764668632   23.546470841
   -2.443460953   -2.967059728  -96.204152985   11.610937822   23.438059182
   -2.268928028   -2.967059728  -93.793539924   14.781787997   23.396803478
   -2.094395102   -2.967059728  -91.381201006   12.181432448   23.577500149
   -1.919862177   -2.967059728  -89.633884409    7.958352033   24.454583821
   -1.745329252   -2.967059728  -88.418939768    6.794920107   26.692102743
   -1.570796327   -2.967059728  -86.881881466   11.967024208   30.715404141
   -1.396263402   -2.967059728  -83.835148599   23.876996309   36.247672239
   -1.221730476   -2.967059728  -78.307850041   39.688734093   42.141228028
   -1.047197551   -2.967059728  -70.027312242   54.503934592   46.671244108
   -0.872664626   -2.967059728  -59.610851715   63.454926110   48.149150103
   -0.698131701   -2.967059728  -48.385843765   63.476987582   45.532539515
   -0.523598776   -2.967059728  -37.995919875   53.976810591   38.712126196
   -0.349065850   -2.967059728  -30.006483335   36.318333031   28.457787819
   -0.174532925   -2.967059728  -25.643806016   12.858589840   16.107434115
    0.000000000   -2.967059728  -25.668180416  -13.388512399    3.255691939
    0.174532925   -2.967059728  -30.243674523  -38.542438588   -8.492196720
    0.349065850   -2.967059728  -38.757345948  -57.648357034  -17.687970679
    0.523598776   -2.967059728  -49.688158988  -65.436488539  -23.251325856
    0.698131701   -2.967059728  -60.715759273  -58.479428572  -24.736647295
    0.872664626   -2.967059728  -69.252761075  -37.418333321  -22.519153666
    1.047197551   -2.967059728  -73.259727762   -7.794282388  -17.767715933
    1.221730476   -2.967059728  -71.977781859   21.686312059  -12.066826720
    1.396263402   -2.967059728  -66.185839456   42.754957285   -6.808385465
    1.570796327   -2.967059728  -57.826345166   50.724282757   -2.694137816
    1.745329252   -2.967059728  -49.258333551   45.465563319    0.404062299
    1.919862177   -2.967059728  -42.548591897   30.108246694    3.139010994
    2.094395102   -2.967059728  -39.090954409    8.905264473    6.179652162
    2.268928028   -2.967059728  -39.552885281  -14.220022160    9.809815079
    2.443460953   -2.967059728  -43.973196462  -35.942453624   13.817721205
    2.617993878   -2.967059728  -51.836021064  -53.164649813   17.660408678
    2.792526803   -2.967059728  -62.089931351  -62.956354083   20.763384623
    2.967059728   -2.967059728  -73.232194848  -63.167747341   22.777833776

   -3.141592654   -2.792526803  -79.079297811  -52.837246064   26.823363405
   -2.967059728   -2.792526803  -86.950610564  -36.458504109   27.283959598
   -2.792526803   -2.792526803  -91.608903317  -16.899075993   27.096405238
   -2.617993878   -2.792526803  -92.977561037    0.398023445   26.598880631
   -2.443460953   -2.792526803  -91.842824952   11.301120922   26.045437714
   -2.268928028   -2.792526803  -89.472051995   14.669753830   25.657077133
   -2.094395102   -2.792526803  -87.038134142   12.622357293   25.742993000
   -1.919862177   -2.792526803  -85.125248827    9.518103272   26.758410342
   -1.745329252   -2.792526803  -83.503048337    9.956051319   29.143478037
   -1.570796327   -2.792526803  -81.272770183   16.684532599   32.976896558
   -1.396263402   -2.792526803  -77.324084807   29.290871711   37.666627167
   -1.221730476   -2.792526803  -70.901627807   44.249186453   41.924161330
   -1.047197551   -2.792526803  -62.026783905   56.496471185   44.143790577
   -0.872664626   -2.792526803  -51.582823925   61.645838405   42.994507122
   -0.698131701   -2.792526803  -41.037192751   57.525406713   37.918932221
   -0.523598776   -2.792526803  -32.010536485   44.475587599   29.272721099
   -0.349065850   -2.792526803  -25.902108122   24.514946064   18.160584915
   -0.174532925   -2.792526803  -23.688515660    0.312074159    6.077005261
    0.000000000   -2.792526803  -25.852038000  -25.096117187   -5.407548730
    0.174532925   -2.792526803  -32.292530827  -47.990967061  -14.884890697
    0.349065850   -2.792526803  -42.176042621  -63.752743662  -21.282949678
    0.523598776   -2.792526803  -53.836560925  -67.663539397  -24.032741596
    0.698131701   -2.792526803  -64.923387283  -57.024073305  -23.238810654
    0.872664626   -2.792526803  -72.951029435  -33.238255895  -19.688531324
    1.047197551   -2.792526803  -76.095963256   -2.342661898  -14.667858401
    1.221730476   -2.792526803  -73.859450461   26.979909311   -9.545333899
    1.396263402   -2.792526803  -67.227564711   47.013164286   -5.278128285
    1.570796327   -2.792526803  -58.226932747   53.872032509   -2.118192903
    1.745329252   -2.792526803  -49.168244205   48.069309398    0.354438402
    1.919862177   -2.792526803  -41.995540244   32.921452983    2.877761371
    2.094395102   -2.792526803  -37.990347762   12.401853026    6.056136311
    2.268928028   -2.792526803  -37.780584657  -10.072783198   10.056787830
    2.443460953   -2.792526803  -41.451369457  -31.611699131   14.570948894
    2.617993878   -2.792526803  -48.587761616  -49.284150593   18.999972987
    2.792526803   -2.792526803  -58.242687436  -60.044604838   22.732769171
    2.967059728   -2.792526803  -68.978779089  -61.434868714   25.369324690

   -3.141592654   -2.617993878  -74.339774452  -51.651147071   26.996441552
   -2.967059728   -2.617993878  -82.092727717  -36.238398331   27.895467826
   -2.792526803   -2.617993878  -86.773431601  -17.317426794   27.836010626
   -2.617993878   -2.617993878  -88.245048589   -0.311026069   27.167285382
   -2.443460953   -2.617993878  -87.235368983   10.628993966   26.302911818
   -2.268928028   -2.617993878  -84.954218631   14.373262473   25.675695008
   -2.094395102   -2.617993878  -82.510333254   13.105896134   25.702028896
   -1.919862177   -2.617993878  -80.415402761   11.179642660   26.746380966
   -1.745329252   -2.617993878  -78.386116534   12.952066033   28.970238379
   -1.570796327   -2.617993878  -75.539860556   20.636795345   32.116628342
   -1.396263402   -2.617993878  -70.889757463   33.163099458   35.383639439
   -1.221730476   -2.617993878  -63.904402549   46.580160994   37.522759452
   -1.047197551   -2.617993878  -54.860829217   55.914194691   37.236150392
   -0.872664626   -2.617993878  -44.834341405   57.397899472   33.665220916
   -0.698131701   -2.617993878  -35.347276878   49.739070255   26.729294399
   -0.523598776   -2.617993878  -27.925565609   34.082244521   17.135285202
   -0.349065850   -2.617993878  -23.758116901   12.928350371    6.163035069
   -0.174532925   -2.617993878  -23.557561188  -10.905997321   -4.676379728
    0.000000000   -2.617993878  -27.541546897  -34.517666686  -13.932744588
    0.174532925   -2.617993878  -35.386590902  -54.518447631  -20.463203689
    0.349065850   -2.617993878  -46.109160654  -66.786796002  -23.633263481
    0.523598776   -2.617993878  -57.992850582  -67.252374152  -23.439760907
    0.698131701   -2.617993878  -68.754545910  -53.869335104  -20.549224294
    0.872664626   -2.617993878  -76.078345697  -28.537638522  -16.102977826
    1.047197551   -2.617993878  -78.366377894    2.580106919  -11.378422124
    1.221730476   -2.617993878  -75.328793521   31.127013215   -7.379626758
    1.396263402   -2.617993878  -68.072332690   50.027866468   -4.521977834
    1.570796327   -2.617993878  -58.626023460   56.064522820   -2.585345616
    1.745329252   -2.617993878  -49.205882890   50.149444317   -0.920350003
    1.919862177   -2.617993878  -41.626954571   35.586498512    1.194932423
    2.094395102   -2.617993878  -37.076530855   15.996508238    4.224026840
    2.268928028   -2.617993878  -36.163902702   -5.678137907    8.213423219
    2.443460953   -2.617993878  -39.031526613  -26.914283416   12.826846516
    2.617993878   -2.617993878  -45.366543261  -44.910523559   17.510258501
    2.792526803   -2.617993878  -54.326427071  -56.529496898   21.690354434
    2.967059728   -2.617993878  -64.547408989  -59.074550168   24.928232973

   -3.141592654   -2.443460953  -69.791820450  -49.910264532   24.730529105
   -2.967059728   -2.443460953  -77.346609950  -35.686696341   26.082952808
   -2.792526803   -2.443460953  -82.018837528  -17.715652283   26.241338134
   -2.617993878   -2.443460953  -83.612472823   -1.233193008   25.526524404
   -2.443460953   -2.443460953  -82.772045203    9.699985429   24.467006251
   -2.268928028   -2.443460953  -80.616803616   13.933655244   23.655043125
   -2.094395102   -2.443460953  -78.176944866   13.553787235   23.565243559
   -1.919862177   -2.443460953  -75.911027719   12.701058587   24.439702024
   -1.745329252   -2.443460953  -73.531555344   15.380722925   26.171718697
   -1.570796327   -2.443460953  -70.225547464   23.339054565   28.235536553
   -1.396263402   -2.443460953  -65.155881618   35.073773305   29.736860360
   -1.221730476   -2.443460953  -57.995154273   46.493602161   29.605513902
   -1.047197551   -2.443460953  -49.211955278   52.916417852   26.954584938
   -0.872664626   -2.443460953  -39.988020368   51.229401644   21.420467407
   -0.698131701   -2.443460953  -31.823031557   40.903355492   13.328816259
   -0.523598776   -2.443460953  -26.098134031   23.702042944    3.611972575
   -0.349065850   -2.443460953  -23.773451410    2.445971407   -6.407009819
   -0.174532925   -2.443460953  -25.303925808  -20.023260260  -15.300874857
    0.000000000   -2.443460953  -30.669584491  -41.059037436  -21.808890646
    0.174532925   -2.443460953  -39.374383590  -57.760277554  -25.107197539
    0.349065850   -2.443460953  -50.364930796  -66.659058269  -25.035786645
    0.523598776   -2.443460953  -61.973995971  -64.390206039  -22.156851641
    0.698131701   -2.443460953  -72.079330350  -49.421378166  -17.627129207
    0.872664626   -2.443460953  -78.585837889  -23.816676236  -12.804105626
    1.047197551   -2.443460953  -80.106730143    6.525430468   -8.798403050
    1.221730476   -2.443460953  -76.487300973   33.832947255   -6.137784873
    1.396263402   -2.443460953  -68.857713550   51.675443283   -4.679564661
    1.570796327   -2.443460953  -59.172275282   57.281687015   -3.808891464
    1.745329252   -2.443460953  -49.522544170   51.676444941   -2.776709513
    1.919862177   -2.443460953  -41.607808938   37.963321381   -1.002042779
    2.094395102   -2.443460953  -36.552070524   19.398618635    1.763628811
    2.268928028   -2.443460953  -34.966977914   -1.438146190    5.445483386
    2.443460953   -2.443460953  -37.051064804  -22.268680824    9.746081389
    2.617993878   -2.443460953  -42.576867021  -40.378566719   14.255764763
    2.792526803   -2.443460953  -50.792050362  -52.603284189   18.530419989
    2.967059728   -2.443460953  -60.409543335  -56.135664956   22.142926283

   -3.141592654   -2.268928028  -65.812453752  -47.757853427   20.516801312
   -2.967059728   -2.268928028  -73.102019195  -34.809423910   22.157650777
   -2.792526803   -2.268928028  -77.726270708  -17.997210341   22.542972134
   -2.617993878   -2.268928028  -79.439523174   -2.230978925   21.910572216
   -2.443460953   -2.268928028  -78.790503800    8.615695146   20.809110237
   -2.268928028   -2.268928028  -76.788030769   13.348733186   19.889727447
   -2.094395102   -2.268928028  -74.378718121   13.821939836   19.622367437
   -1.919862177   -2.268928028  -71.990006796   13.807106003   20.121412278
   -1.745329252   -2.268928028  -69.372540714   16.898423665   21.069199779
   -1.570796327   -2.268928028  -65.821412214   24.484163395   21.773330209
   -1.396263402   -2.268928028  -60.655380278   34.875464665   21.362108737
   -1.221730476   -2.268928028  -53.711057472   44.099877091   19.040837839
   -1.047197551   -2.268928028  -45.572581359   47.904569650   14.376515510
   -0.872664626   -2.268928028  -37.443657942   43.785189524    7.474228484
   -0.698131701   -2.268928028  -30.737996886   31.799178050   -1.021429652
   -0.523598776   -2.268928028  -26.662835231   14.125337650  -10.068488798
   -0.349065850   -2.268928028  -25.952116920   -6.241878262  -18.417968370
   -0.174532925   -2.268928028  -28.826258035  -26.535362211  -24.829634667
    0.000000000   -2.268928028  -35.067939851  -44.469507079  -28.322137149
    0.174532925   -2.268928028  -44.069785343  -57.766777758  -28.457542985
    0.349065850   -2.268928028  -54.792944715  -63.723609650  -25.563062172
    0.523598776   -2.268928028  -65.712894483  -59.656837348  -20.693199852
    0.698131701   -2.268928028  -74.940367646  -44.327069099  -15.323906900
    0.872664626   -2.268928028  -80.620496564  -19.595498016  -10.806434283
    1.047197551   -2.268928028  -81.532166168    9.248331725   -7.894271578
    1.221730476   -2.268928028  -77.565191070   35.165614881   -6.558562232
    1.396263402   -2.268928028  -69.779910617   52.256994156   -6.156411321
    1.570796327   -2.268928028  -59.999760153   57.907146625   -5.833873139
    1.745329252   -2.268928028  -50.189698425   52.961009365   -4.922397486
    1.919862177   -2.268928028  -41.970150263   40.180295758   -3.124078903
    2.094395102   -2.268928028  -36.446102000   22.512511117   -0.483201706
    2.268928028   -2.268928028  -34.253802662    2.353087393    2.788527888
    2.443460953   -2.268928028  -35.637553072  -18.093512042    6.466137768
    2.617993878   -2.268928028  -40.423580953  -36.138393227   10.352022476
    2.792526803   -2.268928028  -47.919312551  -48.662566713   14.219980780
    2.967059728   -2.268928028  -56.904822291  -52.902152044   17.747231832

   -3.141592654   -2.094395102  -62.709225714  -45.528103320   14.735472818
   -2.967059728   -2.094395102  -69.705935822  -33.720539076   16.399977252
   -2.792526803   -2.094395102  -74.244218902  -18.075036011   16.997206711
   -2.617993878   -2.094395102  -76.048355370   -3.109630779   16.624140126
   -2.443460953   -2.094395102  -75.578802091    7.549998867   15.719937746
   -2.268928028   -2.094395102  -73.735502597   12.666987543   14.855017443
   -2.094395102   -2.094395102  -71.389144950   13.794693284   14.414110737
   -1.919862177   -2.094395102  -68.957834882   14.259389943   14.390797161
   -1.745329252   -2.094395102  -66.259949742   17.243786555   14.341773608
   -1.570796327   -2.094395102  -62.717155403   23.907138611   13.530072137
   -1.396263402   -2.094395102  -57.790518217   32.602640172   11.213599534
   -1.221730476   -2.094395102  -51.426592957   39.686791328    6.934897091
   -1.047197551   -2.094395102  -44.245017231   41.411162303    0.718283171
   -0.872664626   -2.094395102  -37.393546204   35.778232788   -6.908341304
   -0.698131701   -2.094395102  -32.151251167   23.221707822  -15.057238316
   -0.523598776   -2.094395102  -29.540915328    6.116715495  -22.669268198
   -0.349065850   -2.094395102  -30.093093148  -12.517864524  -28.680079947
   -0.174532925   -2.094395102  -33.837276003  -30.090188444  -32.165380847
    0.000000000   -2.094395102  -40.418487523  -44.762069991  -32.553909260
    0.174532925   -2.094395102  -49.192669706  -54.960350351  -29.878732069
    0.349065850   -2.094395102  -59.219369387  -58.757620099  -24.934775484
    0.523598776   -2.094395102  -69.190511182  -54.011869370  -19.118206949
    0.698131701   -2.094395102  -77.484081238  -39.479641779  -13.969636280
    0.872664626   -2.094395102  -82.460799481  -16.461871943  -10.562961866
    1.047197551   -2.094395102  -82.986189460   10.601141635   -9.109965374
    1.221730476   -2.094395102  -78.893656490   35.398491958   -8.991632172
    1.396263402   -2.094395102  -71.095662544   52.321625611   -9.177117468
    1.570796327   -2.094395102  -61.259608352   58.570073393   -8.762984236
    1.745329252   -2.094395102  -51.254388887   54.543728959   -7.344237954
    1.919862177   -2.094395102  -42.682540268   42.584725609   -5.031107553
    2.094395102   -2.094395102  -36.687158995   25.446855157   -2.224739118
    2.268928028   -2.094395102  -33.955269094    5.562938224    0.699476649
    2.443460953   -2.094395102  -34.764244439  -14.733450970    3.583284974
    2.617993878   -2.094395102  -38.954480811  -32.685708380    6.461311329
    2.792526803   -2.094395102  -45.849018682  -45.260351174    9.389063480
    2.967059728   -2.094395102  -54.267193627  -49.870210298   12.258603530

   -3.141592654   -1.919862177  -60.726490336  -43.599132671    7.750659817
   -2.967059728   -1.919862177  -67.447847150  -32.550195152    9.203414982
   -2.792526803   -1.919862177  -71.862521042  -17.831696266   10.021641366
   -2.617993878   -1.919862177  -73.693528596   -3.605344781   10.117344032
   -2.443460953   -1.919862177  -73.343587212    6.762005660    9.695223933
   -2.268928028   -1.919862177  -71.630544611   12.019813376    9.105266932
   -2.094395102   -1.919862177  -69.371328213   13.436769607    8.566937449
   -1.919862177   -1.919862177  -66.994667959   13.913716916    7.967151259
   -1.745329252   -1.919862177  -64.400299976   16.281224517    6.831002046
   -1.570796327   -1.919862177  -61.133297377   21.599864021    4.499121118
   -1.396263402   -1.919862177  -56.766161187   28.449965736    0.448563690
   -1.221730476   -1.919862177  -51.293617959   33.664844664   -5.413779928
   -1.047197551   -1.919862177  -45.293078391   34.025003810  -12.635042098
   -0.872664626   -1.919862177  -39.787539528   27.913439390  -20.323214160
   -0.698131701   -1.919862177  -35.884677949   15.918808752  -27.410492147
   -0.523598776   -1.919862177  -34.426364877    0.376193047  -32.892196762
   -0.349065850   -1.919862177  -35.781061530  -15.852093017  -35.990113186
   -0.174532925   -1.919862177  -39.854666748  -30.474098019  -36.234467314
    0.000000000   -1.919862177  -46.238499305  -42.160484120  -33.603557170
    0.174532925   -1.919862177  -54.340484812  -50.029067086  -28.669709685
    0.349065850   -1.919862177  -63.394943196  -52.799025777  -22.626825078
    0.523598776   -1.919862177  -72.352240528  -48.601564889  -17.003760342
    0.698131701   -1.919862177  -79.844430373  -35.848404681  -13.126118051
    0.872664626   -1.919862177  -84.377529027  -14.988407934  -11.550050768
    1.047197551   -1.919862177  -84.798155541   10.484581135  -11.836054687
    1.221730476   -1.919862177  -80.782799473   34.828940002  -12.817990217
    1.396263402   -1.919862177  -73.040705230   52.392994507  -13.224126487
    1.570796327   -1.919862177  -63.089772581   59.841162482  -12.269813423
    1.745329252   -1.919862177  -52.760550245   56.916330264   -9.935048430
    1.919862177   -1.919862177  -43.714986528   45.526564592   -6.793557771
    2.094395102   -1.919862177  -37.198789461   28.381681448   -3.617951771
    2.268928028   -1.919862177  -33.979976951    8.179852437   -0.961042665
    2.443460953   -1.919862177  -34.359826069  -12.408009985    1.056591632
    2.617993878   -1.919862177  -38.154049322  -30.433618308    2.677395520
    2.792526803   -1.919862177  -44.649801788  -42.931433536    4.257537495
    2.967059728   -1.919862177  -52.660149432  -47.568051750    5.987841303

   -3.141592654   -1.745329252  -60.016865176  -42.230425809    0.304292421
   -2.967059728   -1.745329252  -66.510513888  -31.374749305    1.460699312
   -2.792526803   -1.745329252  -70.759752403  -17.148053227    2.548414427
   -2.617993878   -1.745329252  -72.520754755   -3.478749767    3.272686023
   -2.443460953   -1.745329252  -72.187026816    6.490212078    3.526489172
   -2.268928028   -1.745329252  -70.541344746   11.546703759    3.354525117
   -2.094395102   -1.745329252  -68.379995107   12.766766619    2.773317790
   -1.919862177   -1.745329252  -66.158323350   12.732112521    1.599702372
   -1.745329252   -1.745329252  -63.854929820   14.028224236   -0.580855868
   -1.570796327   -1.745329252  -61.115794608   17.733519462   -4.252714862
   -1.396263402   -1.745329252  -57.581641645   22.780810985   -9.670878185
   -1.221730476   -1.745329252  -53.232951180   26.562263827  -16.586435052
   -1.047197551   -1.745329252  -48.535596798   26.374194806  -24.188287723
   -0.872664626   -1.745329252  -44.330923130   20.853222797  -31.301642855
   -0.698131701   -1.745329252  -41.529085734   10.529469278  -36.741876236
   -0.523598776   -1.745329252  -40.805437970   -2.551635788  -39.614390172
   -0.349065850   -1.745329252  -42.423093548  -15.902797837  -39.500324454
   -0.174532925   -1.745329252  -46.253140978  -27.678520371  -36.482339833
    0.000000000   -1.745329252  -51.937485273  -37.079515633  -31.168268798
    0.174532925   -1.745329252  -59.031340148  -43.786057050  -24.665710565
    0.349065850   -1.745329252  -67.003085021  -46.891266045  -18.436836812
    0.523598776   -1.745329252  -75.064905939  -44.439843314  -13.916603123
    0.698131701   -1.745329252  -82.044343792  -34.175105701  -11.989427816
    0.872664626   -1.745329252  -86.489388879  -15.522750286  -12.571332102
    1.047197551   -1.745329252  -87.114391661    8.913629690  -14.602659638
    1.221730476   -1.745329252  -83.354624484   33.693162646  -16.516658590
    1.396263402   -1.745329252  -75.688665516   52.765277776  -16.970395310
    1.570796327   -1.745329252  -65.516140002   61.962219229  -15.405702395
    1.745329252   -1.745329252  -54.699250679   60.237048193  -12.198913942
    1.919862177   -1.745329252  -45.037007509   49.100730627   -8.329106085
    2.094395102   -1.745329252  -37.937817229   31.370165149   -4.870023148
    2.268928028   -1.745329252  -34.279825204   10.202602366   -2.521491656
    2.443460953   -1.745329252  -34.384088854  -11.213983458   -1.391523040
    2.617993878   -1.745329252  -38.009800773  -29.605606869   -1.083777685
    2.792526803   -1.745329252  -44.358166760  -42.005669575   -0.978333703
    2.967059728   -1.745329252  -52.181348443  -46.347846310   -0.571023076

   -3.141592654   -1.570796327  -60.560835052  -41.441615042   -6.361225689
   -2.967059728   -1.570796327  -66.875322430  -30.179354722   -5.448240831
   -2.792526803   -1.570796327  -70.910491442  -15.961604075   -4.090109066
   -2.617993878   -1.570796327  -72.491226245   -2.645719673   -2.774826860
   -2.443460953   -1.570796327  -72.056991938    6.795768515   -1.914579445
   -2.268928028   -1.570796327  -70.409161431   11.260823789   -1.757331368
   -2.094395102   -1.570796327  -68.356858038   11.774828255   -2.454910304
   -1.919862177   -1.570796327  -66.389134557   10.754663062   -4.197519420
   -1.745329252   -1.570796327  -64.546358756   10.661851787   -7.267952873
   -1.570796327   -1.570796327  -62.540080138   12.674773720  -11.929078473
   -1.396263402   -1.570796327  -60.032450628   16.136245747  -18.176344906
   -1.221730476   -1.570796327  -56.935693432   19.019154232  -25.490855838
   -1.047197551   -1.570796327  -53.550555032   19.098356357  -32.811188519
   -0.872664626   -1.570796327  -50.496367742   15.152642680  -38.788219383
   -0.698131701   -1.570796327  -48.472029049    7.464867392  -42.202228649
   -0.523598776   -1.570796327  -48.010179857   -2.450566008  -42.323704672
   -0.349065850   -1.570796327  -49.334831702  -12.708586404  -39.127726836
   -0.174532925   -1.570796327  -52.381138214  -22.045140074  -33.261192517
    0.000000000   -1.570796327  -56.949852258  -30.152904061  -25.919255835
    0.174532925   -1.570796327  -62.828270697  -37.043832984  -18.624007930
    0.349065850   -1.570796327  -69.749831140  -41.823379609  -12.914578779
    0.523598776   -1.570796327  -77.154299508  -42.080696951   -9.934630258
    0.698131701   -1.570796327  -83.976255325  -34.661684036  -10.018120683
    0.872664626   -1.570796327  -88.695296998  -17.955729470  -12.485131032
    1.047197551   -1.570796327  -89.799505567    6.138533040  -15.844100135
    1.221730476   -1.570796327  -86.432851113   32.179660399  -18.369221650
    1.396263402   -1.570796327  -78.846218854   53.433652975  -18.823425562
    1.570796327   -1.570796327  -68.364728918   64.725874844  -16.912632697
    1.745329252   -1.570796327  -56.944131496   64.188950756  -13.308727029
    1.919862177   -1.570796327  -46.577819932   53.008586730   -9.224405873
    2.094395102   -1.570796327  -38.876739879   34.226120639   -5.874041482
    2.268928028   -1.570796327  -34.847965769   11.578338769   -4.015884205
    2.443460953   -1.570796327  -34.830641713  -11.115198304   -3.746818092
    2.617993878   -1.570796327  -38.506289235  -30.146752401   -4.584670473
    2.792526803   -1.570796327  -44.951367814  -42.460063426   -5.739219512
    2.967059728   -1.570796327  -52.807645621  -46.223785964   -6.469144047

   -3.141592654   -1.396263402  -62.092263244  -41.063923723  -10.790692502
   -2.967059728   -1.396263402  -68.260476776  -28.951519472  -10.029313365
   -2.792526803   -1.396263402  -72.043027265  -14.393952416   -8.540403384
   -2.617993878   -1.396263402  -73.363038089   -1.317360277   -6.946874163
   -2.443460953   -1.396263402  -72.752089077    7.435921744   -5.869425896
   -2.268928028   -1.396263402  -71.072839119   10.954655418   -5.738938227
   -2.094395102   -1.396263402  -69.168515460   10.362443507   -6.776485535
   -1.919862177   -1.396263402  -67.556334940    8.059280060   -9.105227970
   -1.745329252   -1.396263402  -66.311469131    6.478126197  -12.840698236
   -1.570796327   -1.396263402  -65.172355844    6.932635192  -18.034739226
   -1.396263402   -1.396263402  -63.781708905    9.173696493  -24.480576522
   -1.221730476   -1.396263402  -61.945155670   11.730877777  -31.491401270
   -1.047197551   -1.396263402  -59.765930641   12.803179337  -37.885011745
   -0.872664626   -1.396263402  -57.622421157   11.214380736  -42.271499145
   -0.698131701   -1.396263402  -56.005610266    6.843754503  -43.509134890
   -0.523598776   -1.396263402  -55.340033410    0.474250297  -41.102819238
   -0.349065850   -1.396263402  -55.879638906   -6.790897211  -35.419997879
   -0.174532925   -1.396263402  -57.715753935  -14.336832169  -27.583941200
    0.000000000   -1.396263402  -60.896486491  -22.234409840  -19.196139210
    0.174532925   -1.396263402  -65.494013529  -30.537191988  -11.952690683
    0.349065850   -1.396263402  -71.500213321  -38.003175337   -7.236278865
    0.523598776   -1.396263402  -78.518398018  -41.486145069   -5.759219264
    0.698131701   -1.396263402  -85.494226505  -36.863570312   -7.326023084
    0.872664626   -1.396263402  -90.750113774  -21.638069012  -10.854045106
    1.047197551   -1.396263402  -92.497895056    2.728786022  -14.721467255
    1.221730476   -1.396263402  -89.587925199   30.536737800  -17.336228524
    1.396263402   -1.396263402  -82.076867028   54.228784976  -17.733949231
    1.570796327   -1.396263402  -71.260730712   67.620781048  -15.870018733
    1.745329252   -1.396263402  -59.225926682   68.111734825  -12.540403460
    1.919862177   -1.396263402  -48.180351594   56.658933491   -8.950990542
    2.094395102   -1.396263402  -39.943204644   36.589653674   -6.238237920
    2.268928028   -1.396263402  -35.649343348   12.241071905   -5.086468787
    2.443460953   -1.396263402  -35.652173303  -11.918426441   -5.558278107
    2.617993878   -1.396263402  -39.546834551  -31.706401250   -7.158521601
    2.792526803   -1.396263402  -46.266859248  -43.911338920   -9.064251215
    2.967059728   -1.396263402  -54.314941913  -46.887447260  -10.451885956

   -3.141592654   -1.221730476  -64.112080034  -40.904969321  -11.819947376
   -2.967059728   -1.221730476  -70.160551048  -27.808387646  -11.239501750
   -2.792526803   -1.221730476  -73.696282881  -12.820578426   -9.985520817
   -2.617993878   -1.221730476  -74.754841853   -0.008168099   -8.697552008
   -2.443460953   -1.221730476  -73.982202995    7.904117706   -8.032739784
   -2.268928028   -1.221730476  -72.320074988   10.261273783   -8.438304636
   -2.094395102   -1.221730476  -70.647604425    8.391642676  -10.090206838
   -1.919862177   -1.221730476  -69.493742258    4.771819645  -12.999020664
   -1.745329252   -1.221730476  -68.939790447    1.852345021  -17.127549979
   -1.570796327   -1.221730476  -68.718572925    1.078615564  -22.370584934
   -1.396263402   -1.221730476  -68.424776319    2.572756555  -28.395296824
   -1.221730476   -1.221730476  -67.737061577    5.367615060  -34.446162028
   -1.047197551   -1.221730476  -66.551320834    8.011879179  -39.347887268
   -0.872664626   -1.221730476  -65.010480025    9.275756856  -41.816392927
   -0.698131701   -1.221730476  -63.422988403    8.509535447  -40.926610870
   -0.523598776   -1.221730476  -62.153215728    5.636995182  -36.499288194
   -0.349065850   -1.221730476  -61.551186866    0.905264384  -29.261834221
   -0.174532925   -1.221730476  -61.934009293   -5.669818393  -20.647760381
    0.000000000   -1.221730476  -63.644869906  -14.342552981  -12.388341763
    0.174532925   -1.221730476  -67.044914975  -24.912896480   -6.048051462
    0.349065850   -1.221730476  -72.336589854  -35.521703737   -2.622209260
    0.523598776   -1.221730476  -79.204198263  -42.171949489   -2.319401097
    0.698131701   -1.221730476  -86.521254014  -39.884875269   -4.530361560
    0.872664626   -1.221730476  -92.405672790  -25.559333494   -8.036825689
    1.047197551   -1.221730476  -94.799185516   -0.516858543  -11.413619629
    1.221730476   -1.221730476  -92.306705570   29.118022059  -13.479294872
    1.396263402   -1.221730476  -84.850493846   54.997898113  -13.676385799
    1.570796327   -1.221730476  -73.737519996   70.105448958  -12.169302082
    1.745329252   -1.221730476  -61.190178554   71.304561706   -9.694732717
    1.919862177   -1.221730476  -49.608044522   59.439836123   -7.209031320
    2.094395102   -1.221730476  -40.985349653   38.125073750   -5.549376147
    2.268928028   -1.221730476  -36.559616223   12.214593946   -5.187091192
    2.443460953   -1.221730476  -36.690015510  -13.268119790   -6.121203018
    2.617993878   -1.221730476  -40.889938067  -33.718342299   -7.923298672
    2.792526803   -1.221730476  -47.958502107  -45.757627395   -9.904102763
    2.967059728   -1.221730476  -56.262127059  -47.878846435  -11.359805856

   -3.141592654   -1.047197551  -65.985149036  -40.920521923   -9.129096439
   -2.967059728   -1.047197551  -71.966630215  -27.085430726   -9.009619407
   -2.792526803   -1.047197551  -75.346129386  -11.851604068   -8.584070398
   -2.617993878   -1.047197551  -76.259859012    0.580824514   -8.334888966
   -2.443460953   -1.047197551  -75.456593702    7.600611112   -8.748735528
   -2.268928028   -1.047197551  -73.945449514    8.818386553  -10.127322630
   -2.094395102   -1.047197551  -72.626746149    5.790335517  -12.531266375
   -1.919862177   -1.047197551  -72.022352181    1.089909338  -15.877787532
   -1.745329252   -1.047197551  -72.198494887   -2.808033959  -20.046488439
   -1.570796327   -1.047197551  -72.861628412   -4.340271751  -24.854105018
   -1.396263402   -1.047197551  -73.542607700   -3.058204649  -29.912059848
   -1.221730476   -1.047197551  -73.787993681    0.497850997  -34.472406670
   -1.047197551   -1.047197551  -73.297200207    5.119705563  -37.474956133
   -0.872664626   -1.047197551  -72.008279920    9.408536010  -37.876895753
   -0.698131701   -1.047197551  -70.096647093   12.093103936  -35.097773566
   -0.523598776   -1.047197551  -67.927485971   12.208980613  -29.332855300
   -0.349065850   -1.047197551  -66.004305314    9.211595309  -21.599202252
   -0.174532925   -1.047197551  -64.906653824    2.699586187  -13.436587265
    0.000000000   -1.047197551  -65.269970437   -7.509840302   -6.419087289
    0.174532925   -1.047197551  -67.696392201  -20.713057934   -1.705918930
    0.349065850   -1.047197551  -72.515726481  -34.303776516    0.257430883
    0.523598776   -1.047197551  -79.404286829  -43.501394028   -0.234060840
    0.698131701   -1.047197551  -87.104413144  -42.740535264   -2.311363538
    0.872664626   -1.047197551  -93.528002069  -28.680583776   -4.865363598
    1.047197551   -1.047197551  -96.404423873   -2.787025562   -6.918166883
    1.221730476   -1.047197551  -94.182546862   28.329133933   -7.882638688
    1.396263402   -1.047197551  -86.728338409   55.712149648   -7.675873022
    1.570796327   -1.047197551  -75.391911324   71.831233182   -6.619383474
    1.745329252   -1.047197551  -62.508216881   73.298954827   -5.249096494
    1.919862177   -1.047197551  -50.608650447   60.976773042   -4.100250051
    2.094395102   -1.047197551  -41.795662675   38.713787537   -3.560151919
    2.268928028   -1.047197551  -37.363493951   11.708755575   -3.799514436
    2.443460953   -1.047197551  -37.665146608  -14.658853910   -4.750813153
    2.617993878   -1.047197551  -42.151497934  -35.513316343   -6.139605877
    2.792526803   -1.047197551  -49.525131925  -47.361460634   -7.572117543
    2.967059728   -1.047197551  -58.054312039  -48.791823194   -8.653887847

   -3.141592654   -0.872664626  -67.117507219  -41.331696547   -3.545656409
   -2.967059728   -0.872664626  -73.152996991  -27.325825852   -4.379542521
   -2.792526803   -0.872664626  -76.579240745  -12.199750013   -5.445802226
   -2.617993878   -0.872664626  -77.588890065   -0.225532161   -6.880069451
   -2.443460953   -0.872664626  -76.987072945    6.066378175   -8.818443880
   -2.268928028   -0.872664626  -75.815008915    6.468908790  -11.319259168
   -2.094395102   -0.872664626  -74.973648154    2.686657019  -14.337864699
   -1.919862177   -0.872664626  -74.968319954   -2.653914435  -17.785639044
   -1.745329252   -0.872664626  -75.844592158   -7.056986359  -21.563478212
   -1.570796327   -0.872664626  -77.276053487   -8.834101296  -25.488793805
   -1.396263402   -0.872664626  -78.724658598   -7.242721720  -29.166282460
   -1.221730476   -0.872664626  -79.610781502   -2.492107311  -31.904245418
   -1.047197551   -0.872664626  -79.464770205    4.312969028  -32.836981054
   -0.872664626   -0.872664626  -78.071139050   11.477106074  -31.261107704
   -0.698131701   -0.872664626  -75.539869263   17.059796612  -27.014313795
   -0.523598776   -0.872664626  -72.303072320   19.285816691  -20.661924743
   -0.349065850   -0.872664626  -69.058915715   17.008798096  -13.395897751
   -0.174532925   -0.872664626  -66.650172953    9.682600417   -6.663106133
    0.000000000   -0.872664626  -65.956769214   -2.540167557   -1.665436324
    0.174532925   -0.872664626  -67.735418791  -18.284471564    0.997181672
    0.349065850   -0.872664626  -72.341787879  -34.205258409    1.469533953
    0.523598776   -0.872664626  -79.361715475  -44.945132745    0.477771601
    0.698131701   -0.872664626  -87.374315876  -44.707601820   -0.995103077
    0.872664626   -0.872664626  -94.119782738  -30.290173673   -2.102744060
    1.047197551   -0.872664626  -97.205193408   -3.539619540   -2.423794913
    1.221730476   -0.872664626  -95.033146617   28.471589121   -2.009509712
    1.396263402   -0.872664626  -87.495645771   56.452406626   -1.232293578
    1.570796327   -0.872664626  -76.008228708   72.747901530   -0.513920482
    1.745329252   -0.872664626  -62.975943885   74.032719728   -0.120102245
    1.919862177   -0.872664626  -50.981523702   61.308460204   -0.106990768
    2.094395102   -0.872664626  -42.152130257   38.569099154   -0.376309852
    2.268928028   -0.872664626  -37.784658519   11.128781994   -0.795247308
    2.443460953   -0.872664626  -38.216958425  -15.545041047   -1.266646020
    2.617993878   -0.872664626  -42.871650642  -36.523963754   -1.752279479
    2.792526803   -0.872664626  -50.417562138  -48.294005653   -2.271286225
    2.967059728   -0.872664626  -59.090707828  -49.485673601   -2.858401913

   -3.141592654   -0.698131701  -67.149829662  -42.566252459    3.112226191
   -2.967059728   -0.698131701  -73.449322015  -29.099781368    0.849104277
   -2.792526803   -0.698131701  -77.226013824  -14.420896766   -2.144274082
   -2.617993878   -0.698131701  -78.655972791   -2.806273106   -5.530154015
   -2.443460953   -0.698131701  -78.530436091    3.199355124   -9.011059345
   -2.268928028   -0.698131701  -77.878590368    3.386523021  -12.399998271
   -2.094395102   -0.698131701  -77.589631931   -0.555423996  -15.624364521
   -1.919862177   -0.698131701  -78.161233746   -6.019190312  -18.703282178
   -1.745329252   -0.698131701  -79.630929891  -10.466871394  -21.656445661
   -1.570796327   -0.698131701  -81.644997793  -12.037195291  -24.359358168
   -1.396263402   -0.698131701  -83.598086957   -9.709595917  -26.438546583
   -1.221730476   -0.698131701  -84.796961873   -3.475729451  -27.287262982
   -1.047197551   -0.698131701  -84.641284148    5.502668031  -26.278664086
   -0.872664626   -0.698131701  -82.825470422   15.117058184  -23.085481199
   -0.698131701   -0.698131701  -79.467253370   22.770669532  -17.951077395
   -0.523598776   -0.698131701  -75.123773352   26.048262898  -11.723644202
   -0.349065850   -0.698131701  -70.705595048   23.465852638   -5.619836376
   -0.174532925   -0.698131701  -67.287816042   14.617531217   -0.833811270
    0.000000000   -0.698131701  -65.919546884    0.198520380    1.903845282
    0.174532925   -0.698131701  -67.412402449  -17.678171309    2.552303738
    0.349065850   -0.698131701  -72.051443934  -35.035298873    1.751365823
    0.523598776   -0.698131701  -79.268170906  -46.202249123    0.517499408
    0.698131701   -0.698131701  -87.469794106  -45.499467424   -0.179152397
    0.872664626   -0.698131701  -94.276670620  -30.184987505    0.188388612
    1.047197551   -0.698131701  -97.269578830   -2.655871799    1.516907763
    1.221730476   -0.698131701  -94.909667188   29.632807255    3.212399296
    1.396263402   -0.698131701  -87.186019917   57.343337864    4.558171774
    1.570796327   -0.698131701  -75.591238183   73.067333395    5.103552490
    1.745329252   -0.698131701  -62.552196758   73.819811264    4.858377570
    1.919862177   -0.698131701  -50.622671097   60.836141667    4.192582638
    2.094395102   -0.698131701  -41.875539724   38.144105483    3.607064845
    2.268928028   -0.698131701  -37.563610193   10.932198188    3.454069473
    2.443460953   -0.698131701  -38.010049901  -15.526136480    3.791702813
    2.617993878   -0.698131701  -42.655443664  -36.480985258    4.371458872
    2.792526803   -0.698131701  -50.210908619  -48.492689048    4.732208670
    2.967059728   -0.698131701  -58.957226042  -50.151184085    4.407059911

   -3.141592654   -0.523598776  -66.086418861  -45.015005366    8.667380986
   -2.967059728   -0.523598776  -72.920198488  -32.692986375    4.816994639
   -2.792526803   -0.523598776  -77.385553536  -18.614420863   -0.015524138
   -2.617993878   -0.523598776  -79.557843795   -7.032703173   -5.029518297
   -2.443460953   -0.523598776  -80.141976003   -0.662355357   -9.557200431
   -2.268928028   -0.523598776  -80.119640208    0.040000328  -13.265874843
   -2.094395102   -0.523598776  -80.372803215   -3.444140504  -16.164095362
   -1.919862177   -0.523598776  -81.418475312   -8.584482201  -18.463400416
   -1.745329252   -0.523598776  -83.311640359  -12.739712515  -20.344076801
   -1.570796327   -0.523598776  -85.682922917  -13.794626069  -21.746524730
   -1.396263402   -0.523598776  -87.863646925  -10.458963647  -22.313761066
   -1.221730476   -0.523598776  -89.062408273   -2.630718973  -21.524808016
   -1.047197551   -0.523598776  -88.590640432    8.314435792  -18.992149944
   -0.872664626   -0.523598776  -86.116830823   19.775728266  -14.737923019
   -0.698131701   -0.523598776  -81.830861186   28.577673720   -9.329690717
   -0.523598776   -0.523598776  -76.452911947   31.894240090   -3.766242867
   -0.349065850   -0.523598776  -71.097480482   28.178173702    0.850735817
   -0.174532925   -0.523598776  -67.018822183   17.388682639    3.670163308
    0.000000000   -0.523598776  -65.352648970    0.867617939    4.420658581
    0.174532925   -0.523598776  -66.876955809  -18.567756110    3.503358730
    0.349065850   -0.523598776  -71.734871734  -36.466406024    1.873070609
    0.523598776   -0.523598776  -79.167770497  -47.092672705    0.665272320
    0.698131701   -0.523598776  -87.422190374  -45.153542648    0.739419076
    0.872664626   -0.523598776  -94.053733567  -28.584242833    2.318891733
    1.047197551   -0.523598776  -96.698343343   -0.414220402    4.900634341
    1.221730476   -0.523598776  -93.955350908   31.629766413    7.528241213
    1.396263402   -0.523598776  -85.957394201   58.412222498    9.299726244
    1.570796327   -0.523598776  -74.273069823   73.053479075    9.803000823
    1.745329252   -0.523598776  -61.306543186   73.096481308    9.275322386
    1.919862177   -0.523598776  -49.518895829   60.049917346    8.382050357
    2.094395102   -0.523598776  -40.871596800   37.858937075    7.869005235
    2.268928028   -0.523598776  -36.545923963   11.376480245    8.181920246
    2.443460953   -0.523598776  -36.862953313  -14.553086005    9.279560265
    2.617993878   -0.523598776  -41.331164143  -35.539990392   10.641879147
    2.792526803   -0.523598776  -48.775498869  -48.273169500   11.449623453
    2.967059728   -0.523598776  -57.587879403  -51.188030378   10.926911010

   -3.141592654   -0.349065850  -64.284745558  -48.752284706   11.355943681
   -2.967059728   -0.349065850  -71.906730330  -37.847120690    6.272501506
   -2.792526803   -0.349065850  -77.328397848  -24.246393322    0.308049305
   -2.617993878   -0.349065850  -80.456265372  -12.215399816   -5.443227769
   -2.443460953   -0.349065850  -81.860004120   -4.816156756  -10.141677090
   -2.268928028   -0.349065850  -82.462067813   -2.979526161  -13.471515478
   -2.094395102   -0.349065850  -83.159791056   -5.578158125  -15.611906060
   -1.919862177   -0.349065850  -84.525307708  -10.161691299  -16.977476737
   -1.745329252   -0.349065850  -86.656711957  -13.883916478  -17.867194904
   -1.570796327   -0.349065850  -89.176309957  -14.282703753  -18.230079967
   -1.396263402   -0.349065850  -91.351644541   -9.815075511  -17.681411279
   -1.221730476   -0.349065850  -92.305900946   -0.415318706  -15.756731288
   -1.047197551   -0.349065850  -91.301138870   12.187051455  -12.270498500
   -0.872664626   -0.349065850  -88.035433526   24.862152832   -7.529068524
   -0.698131701   -0.349065850  -82.818437702   33.977013054   -2.323153115
   -0.523598776   -0.349065850  -76.548870491   36.536862781    2.314168145
   -0.349065850   -0.349065850  -70.516790858   31.169028525    5.479607698
   -0.174532925   -0.349065850  -66.093360087   18.332640746    6.680929156
    0.000000000   -0.349065850  -64.426921343    0.015861457    6.029210985
    0.174532925   -0.349065850  -66.198176092  -20.368450452    4.214499336
    0.349065850   -0.349065850  -71.369962539  -38.067067738    2.322925452
    0.523598776   -0.349065850  -78.986900698  -47.472317151    1.455115000
    0.698131701   -0.349065850  -87.160789714  -43.841928693    2.290617181
    0.872664626   -0.349065850  -93.432101029  -25.885423944    4.789805517
    1.047197551   -0.349065850  -95.549210844    2.738602588    8.190309867
    1.221730476   -0.349065850  -92.296258119   34.154273179   11.357025660
    1.396263402   -0.349065850  -83.968226780   59.605811222   13.348992098
    1.570796327   -0.349065850  -72.198491242   72.903855905   13.836430439
    1.745329252   -0.349065850  -59.335106927   72.197168499   13.208004109
    1.919862177   -0.349065850  -47.708123936   59.252922850   12.274008768
    2.094395102   -0.349065850  -39.139439117   37.834294237   11.863536753
    2.268928028   -0.349065850  -34.732378609   12.316268636   12.411482814
    2.443460953   -0.349065850  -34.825071188  -13.027905249   13.768184552
    2.617993878   -0.349065850  -39.034047575  -34.258318095   15.238267921
    2.792526803   -0.349065850  -46.345854084  -48.186108081   15.825912625
    2.967059728   -0.349065850  -55.300095164  -52.968959644   14.653966547

   -3.141592654   -0.174532925  -62.321644023  -53.406900700   10.530012343
   -2.967059728   -0.174532925  -70.880609001  -43.752661179    5.039636067
   -2.792526803   -0.174532925  -77.360340906  -30.265519890   -0.914421547
   -2.617993878   -0.174532925  -81.470715912  -17.311657555   -6.223964022
   -2.443460953   -0.174532925  -83.639070031   -8.443020040  -10.142583891
   -2.268928028   -0.174532925  -84.746405070   -5.194531366  -12.535407508
   -2.094395102   -0.174532925  -85.739009609   -6.831098513  -13.783596118
   -1.919862177   -0.174532925  -87.274237854  -10.909069695  -14.429701965
   -1.745329252   -0.174532925  -89.504433379  -14.251158507  -14.770108932
   -1.570796327   -0.174532925  -92.036032641  -13.971864164  -14.651014936
   -1.396263402   -0.174532925  -94.061681151   -8.319590145  -13.584049178
   -1.221730476   -0.174532925  -94.624907839    2.596831656  -11.112826809
   -1.047197551   -0.174532925  -92.969203223   16.569277438   -7.204126924
   -0.872664626   -0.174532925  -88.866026107   29.929119067   -2.386784218
   -0.698131701   -0.174532925  -82.776920573   38.719571309    2.394354271
   -0.523598776   -0.174532925  -75.779233657   39.996445236    6.127423233
   -0.349065850   -0.174532925  -69.302082815   32.748598664    8.118017730
   -0.174532925   -0.174532925  -64.773907966   17.996949075    8.192653013
    0.000000000   -0.174532925  -63.296918716   -1.690736208    6.756318478
    0.174532925   -0.174532925  -65.415319195  -22.451686697    4.670002713
    0.349065850   -0.174532925  -70.900531163  -39.394571537    3.029318223
    0.523598776   -0.174532925  -78.615741994  -47.177555170    2.804369962
    0.698131701   -0.174532925  -86.572819844  -41.687094457    4.459081025
    0.872664626   -0.174532925  -92.339503373  -22.408653536    7.726313761
    1.047197551   -0.174532925  -93.812157489    6.437063858   11.684785136
    1.221730476   -0.174532925  -89.979011114   36.943174559   15.144499252
    1.396263402   -0.174532925  -81.295918605   60.837929807   17.209840799
    1.570796327   -0.174532925  -69.446024095   72.675600341   17.636115118
    1.745329252   -0.174532925  -56.702368285   71.200901432   16.879631765
    1.919862177   -0.174532925  -45.250254528   58.393760992   15.770918764
    2.094395102   -0.174532925  -36.768093344   37.775248521   15.112058444
    2.268928028   -0.174532925  -32.287541791   13.185686697   15.289072212
    2.443460953   -0.174532925  -32.178274004  -11.706373113   16.105678652
    2.617993878   -0.174532925  -36.182004596  -33.402259330   16.853013271
    2.792526803   -0.174532925  -43.457971990  -48.779807202   16.586312379
    2.967059728   -0.174532925  -52.691556893  -55.625731707   14.545892656

   -3.141592654    0.000000000  -60.771548098  -58.235161887    6.844057068
   -2.967059728    0.000000000  -70.250373190  -49.290685383    1.950947371
   -2.792526803    0.000000000  -77.681523726  -35.453521684   -2.830486532
   -2.617993878    0.000000000  -82.601789291  -21.297231318   -6.666957508
   -2.443460953    0.000000000  -85.334072847  -10.920593088   -9.138784985
   -2.268928028    0.000000000  -86.759711487   -6.448082608  -10.393956125
   -2.094395102    0.000000000  -87.906482526   -7.442763756  -10.972541659
   -1.919862177    0.000000000  -89.527704868  -11.322594020  -11.406235177
   -1.745329252    0.000000000  -91.815587312  -14.451449469  -11.829351295
   -1.570796327    0.000000000  -94.331583731  -13.485864380  -11.861964007
   -1.396263402    0.000000000  -96.168799224   -6.553370625  -10.843737130
   -1.221730476    0.000000000  -96.289181847    5.906526762   -8.294681108
   -1.047197551    0.000000000  -93.941477490   21.085144893   -4.307959339
   -0.872664626    0.000000000  -89.006371488   34.772771259    0.394649977
   -0.698131701    0.000000000  -82.121664574   42.813153375    4.739022102
   -0.523598776    0.000000000  -74.538919315   42.497574407    7.739032661
   -0.349065850    0.000000000  -67.792378190   33.324382527    8.878848589
   -0.174532925    0.000000000  -63.317122555   16.904931419    8.247772076
    0.000000000    0.000000000  -62.124029650   -3.697940707    6.480014562
    0.174532925    0.000000000  -64.596858282  -24.321048508    4.548397026
    0.349065850    0.000000000  -70.319069558  -40.086906330    3.508484224
    0.523598776    0.000000000  -77.998992313  -46.025840936    4.163115656
    0.698131701    0.000000000  -85.587295257  -38.686877568    6.749760827
    0.872664626    0.000000000  -90.716806882  -18.280069719   10.791328188
    1.047197551    0.000000000  -91.454964144   10.514248372   15.251977684
    1.221730476    0.000000000  -86.998263872   39.864158700   18.938628711
    1.396263402    0.000000000  -77.953043625   62.032857756   21.022043004
    1.570796327    0.000000000  -66.039497645   72.300517080   21.317162690
    1.745329252    0.000000000  -53.450275606   69.950288923   20.279715444
    1.919862177    0.000000000  -42.229801502   57.127918204   18.684871781
    2.094395102    0.000000000  -33.922414751   37.104682838   17.263768774
    2.268928028    0.000000000  -29.495123458   13.214825436   16.378059204
    2.443460953    0.000000000  -29.348263872  -11.416227025   15.890692515
    2.617993878    0.000000000  -33.335509283  -33.650097633   15.253840961
    2.792526803    0.000000000  -40.761370361  -50.362326030   13.774971743
    2.967059728    0.000000000  -50.421413720  -58.944900269   10.969440133

   -3.141592654    0.174532925  -59.999647247  -62.405218240    1.901614110
   -2.967059728    0.174532925  -70.217188524  -53.452149935   -1.569710355
   -2.792526803    0.174532925  -78.319903436  -38.877599384   -4.407904948
   -2.617993878    0.174532925  -83.738514512  -23.543951817   -6.250804995
   -2.443460953    0.174532925  -86.760926152  -12.048038984   -7.123847164
   -2.268928028    0.174532925  -88.319810480   -6.949009385   -7.458183867
   -2.094395102    0.174532925  -89.543554736   -7.905813642   -7.845323640
   -1.919862177    0.174532925  -91.265796017  -12.015284562   -8.650195874
   -1.745329252    0.174532925  -93.677667216  -15.085262923   -9.709922727
   -1.570796327    0.174532925  -96.248536631  -13.342258391  -10.345130633
   -1.396263402    0.174532925  -97.939823821   -4.930704590   -9.713296545
   -1.221730476    0.174532925  -97.628522574    9.206450507   -7.330064578
   -1.047197551    0.174532925  -94.591322969   25.544705505   -3.428224715
   -0.872664626    0.174532925  -88.851217589   39.339656660    1.083472898
   -0.698131701    0.174532925  -81.243820161   46.353199526    5.016225852
   -0.523598776    0.174532925  -73.190431475   44.269958129    7.414873856
   -0.349065850    0.174532925  -66.301260695   33.219467365    7.925998100
   -0.174532925    0.174532925  -61.975700933   15.422267952    6.867394075
    0.000000000    0.174532925  -61.096785904   -5.642530816    5.067014791
    0.174532925    0.174532925  -63.870854265  -25.651978685    3.582363056
    0.349065850    0.174532925  -69.702342319  -39.886254039    3.405717528
    0.523598776    0.174532925  -77.175722058  -43.844362263    5.148369922
    0.698131701    0.174532925  -84.221189832  -34.759238204    8.802068566
    0.872664626    0.174532925  -88.573521212  -13.492866315   13.672291666
    1.047197551    0.174532925  -88.490129890   14.935082338   18.618009598
    1.221730476    0.174532925  -83.374270062   42.864858438   22.467150182
    1.396263402    0.174532925  -73.970363509   63.118836611   24.470978191
    1.570796327    0.174532925  -62.026289240   71.650605673   24.500173934
    1.745329252    0.174532925  -49.657328838   68.207205336   22.985465054
    1.919862177    0.174532925  -38.779631408   55.066165002   20.620115234
    2.094395102    0.174532925  -30.816455571   35.287401024   18.060977428
    2.268928028    0.174532925  -26.670663683   11.793370194   15.686803213
    2.443460953    0.174532925  -26.754266473  -12.709477404   13.512025121
    2.617993878    0.174532925  -30.992974547  -35.329551832   11.272365906
    2.792526803    0.174532925  -38.781162424  -52.892869690    8.640239668
    2.967059728    0.174532925  -48.970337866  -62.457341470    5.459108368

   -3.141592654    0.349065850  -60.068103220  -65.288147624   -2.504722825
   -2.967059728    0.349065850  -70.737298817  -55.677962928   -4.195133007
   -2.792526803    0.349065850  -79.150977392  -40.192241217   -4.950097348
   -2.617993878    0.349065850  -84.721580852  -24.005974275   -4.914884320
   -2.443460953    0.349065850  -87.778776657  -12.074099698   -4.525547392
   -2.268928028    0.349065850  -89.348541090   -7.145441330   -4.397645915
   -2.094395102    0.349065850  -90.657507840   -8.727647811   -5.044630666
   -1.919862177    0.349065850  -92.580213757  -13.431979895   -6.559359710
   -1.745329252    0.349065850  -95.249860325  -16.477939471   -8.445010383
   -1.570796327    0.349065850  -97.992962144  -13.760285008   -9.761039308
   -1.396263402    0.349065850  -99.613228939   -3.612907299   -9.564225730
   -1.221730476    0.349065850  -98.907512743   12.354619159   -7.435348359
   -1.047197551    0.349065850  -95.206893546   29.822862233   -3.766806545
   -0.872664626    0.349065850  -88.707096375   43.550047657    0.381327278
   -0.698131701    0.349065850  -80.457083743   49.342427339    3.769302976
   -0.523598776    0.349065850  -72.038441488   45.417121926    5.530048592
   -0.349065850    0.349065850  -65.107152561   32.628056240    5.500796868
   -0.174532925    0.349065850  -60.988047434   13.807169820    4.218551755
    0.000000000    0.349065850  -60.405172234   -7.233496448    2.671590223
    0.174532925    0.349065850  -63.376080461  -26.154553312    1.955921725
    0.349065850    0.349065850  -69.141232244  -38.540963296    2.945655305
    0.523598776    0.349065850  -76.199045506  -40.457510765    6.002187453
    0.698131701    0.349065850  -82.505947982  -29.833608030   10.822196348
    0.872664626    0.349065850  -85.938487994   -8.087229897   16.471353824
    1.047197551    0.349065850  -84.961585345   19.572862582   21.716956235
    1.221730476    0.349065850  -79.177855118   45.769033342   25.458610779
    1.396263402    0.349065850  -69.451213732   63.903506456   27.091051479
    1.570796327    0.349065850  -57.543543210   70.530788136   26.597349923
    1.745329252    0.349065850  -45.495089022   65.769992588   24.415806343
    1.919862177    0.349065850  -35.107596621   51.994023743   21.167411349
    2.094395102    0.349065850  -27.695895489   32.108653282   17.437045189
    2.268928028    0.349065850  -24.094175083    8.753183123   13.629987867
    2.443460953    0.349065850  -24.696299718  -15.634449449    9.936429924
    2.617993878    0.349065850  -29.446968814  -38.297543542    6.397392382
    2.792526803    0.349065850  -37.765528486  -56.005567433    3.044083083
    2.967059728    0.349065850  -48.505430399  -65.611983336   -0.004231228

   -3.141592654    0.523598776  -60.767118202  -66.659148632   -5.198534466
   -2.967059728    0.523598776  -71.583985201  -56.003174218   -5.266492004
   -2.792526803    0.523598776  -79.976509651  -39.681307011   -4.381710222
   -2.617993878    0.523598776  -85.418720510  -23.138149109   -3.073168063
   -2.443460953    0.523598776  -88.340700997  -11.499450411   -2.019549264
   -2.268928028    0.523598776  -89.880337621   -7.448128454   -1.858401822
   -2.094395102    0.523598776  -91.339045222  -10.132083987   -2.920220149
   -1.919862177    0.523598776  -93.582490420  -15.593102987   -5.018864348
   -1.745329252    0.523598776  -96.634256756  -18.519121466   -7.422655037
   -1.570796327    0.523598776  -99.645304826  -14.624755386   -9.097406288
   -1.396263402    0.523598776 -101.257556179   -2.593062473   -9.164122843
   -1.221730476    0.523598776 -100.206907242   15.203864941   -7.357165906
   -1.047197551    0.523598776  -95.905848612   33.657576559   -4.208575278
   -0.872664626    0.523598776  -88.740762272   47.122001455   -0.817691141
   -0.698131701    0.523598776  -79.971302749   51.584275969    1.671079986
   -0.523598776    0.523598776  -71.314149789   45.900277040    2.600527294
   -0.349065850    0.523598776  -64.432571652   31.687464291    2.061170020
   -0.174532925    0.523598776  -60.539034389   12.344847348    0.800818945
    0.000000000    0.523598776  -60.175528235   -8.098156298   -0.096679199
    0.174532925    0.523598776  -63.171897815  -25.448316757    0.402350217
    0.349065850    0.523598776  -68.634312742  -35.748636736    2.939572969
    0.523598776    0.523598776  -75.027259947  -35.716539010    7.523599731
    0.698131701    0.523598776  -80.390890501  -23.958393092   13.488971896
    0.872664626    0.523598776  -82.786697762   -2.304091891   19.654378551
    1.047197551    0.523598776  -80.899346167   24.050726818   24.749205593
    1.221730476    0.523598776  -74.510220624   48.152822717   27.846150852
    1.396263402    0.523598776  -64.567932091   64.009954099   28.600937985
    1.570796327    0.523598776  -52.819841086   68.682340258   27.213461338
    1.745329252    0.523598776  -41.223921764   62.535647272   24.198086624
    1.919862177    0.523598776  -31.477791183   47.971122656   20.130191028
    2.094395102    0.523598776  -24.800879107   27.780283991   15.515336844
    2.268928028    0.523598776  -21.956524471    4.444692835   10.751738975
    2.443460953    0.523598776  -23.293411909  -19.723485160    6.153564780
    2.617993878    0.523598776  -28.727581968  -42.012616982    1.989255298
    2.792526803    0.523598776  -37.649049549  -59.162715512   -1.459927508
    2.967059728    0.523598776  -48.875251505  -67.978513319   -3.924159168

   -3.141592654    0.698131701  -61.762767653  -66.704368522   -5.976890514
   -2.967059728    0.698131701  -72.486597507  -54.950707166   -4.954128667
   -2.792526803    0.698131701  -80.636492321  -38.058984521   -3.197029410
   -2.617993878    0.698131701  -85.796506146  -21.641736850   -1.397167340
   -2.443460953    0.698131701  -88.519579896  -10.812182914   -0.245509262
   -2.268928028    0.698131701  -90.044353072   -8.000742601   -0.235504215
   -2.094395102    0.698131701  -91.710173468  -11.901833856   -1.471517168
   -1.919862177    0.698131701  -94.332360481  -18.030267291   -3.587506590
   -1.745329252    0.698131701  -97.801162621  -20.689856278   -5.828663872
   -1.570796327    0.698131701 -101.096780097  -15.580268020   -7.315876862
   -1.396263402    0.698131701 -102.727314203   -1.818571724   -7.423927028
   -1.221730476    0.698131701 -101.400255011   17.493457895   -6.097408541
   -1.047197551    0.698131701  -96.627087618   36.588952997   -3.918286076
   -0.872664626    0.698131701  -88.976019335   49.574726571   -1.835218578
   -0.698131701    0.698131701  -79.883290753   52.746589447   -0.691533599
   -0.523598776    0.698131701  -71.151150477   45.640617003   -0.786972201
   -0.349065850    0.698131701  -64.400896205   30.589082809   -1.725465714
   -0.174532925    0.698131701  -60.698983818   11.435710886   -2.593201019
    0.000000000    0.698131701  -60.398105910   -7.742611454   -2.328878072
    0.174532925    0.698131701  -63.164243999  -23.084568019   -0.118119350
    0.349065850    0.698131701  -68.022858929  -31.234629768    4.295843632
    0.523598776    0.698131701  -73.475650671  -29.607216424   10.463379856
    0.698131701    0.698131701  -77.713394171  -17.396734518   17.325626984
    0.872664626    0.698131701  -79.022217805    3.369980784   23.507249085
    1.047197551    0.698131701  -76.304362699   27.764641458   27.810979490
    1.221730476    0.698131701  -69.478654321   49.421893699   29.612602728
    1.396263402    0.698131701  -59.522086340   62.969391120   28.947753845
    1.570796327    0.698131701  -48.121152736   65.846859393   26.322802492
    1.745329252    0.698131701  -37.132794982   58.502976271   22.384639147
    1.919862177    0.698131701  -28.156151828   43.260985935   17.686370555
    2.094395102    0.698131701  -22.330055777   22.801709562   12.641707167
    2.268928028    0.698131701  -20.352816133   -0.457540946    7.586825550
    2.443460953    0.698131701  -22.514377887  -24.221559513    2.862581384
    2.617993878    0.698131701  -28.673875679  -45.766965154   -1.171308852
    2.792526803    0.698131701  -38.162040087  -61.849540350   -4.142675782
    2.967059728    0.698131701  -49.746747897  -69.362791129   -5.773702474

   -3.141592654    0.872664626  -62.776085913  -65.882435530   -5.581429213
   -2.967059728    0.872664626  -73.272378524  -53.251966080   -4.105781854
   -2.792526803    0.872664626  -81.095104986  -36.123562665   -2.227867754
   -2.617993878    0.872664626  -85.946747249  -20.142962303   -0.580062353
   -2.443460953    0.872664626  -88.486550477  -10.270493749    0.338170634
   -2.268928028    0.872664626  -90.017665800   -8.611869737    0.293320963
   -2.094395102    0.872664626  -91.879013181  -13.461578651   -0.614867611
   -1.919862177    0.872664626  -94.817610113  -19.980552221   -1.998537912
   -1.745329252    0.872664626  -98.607648648  -22.298752143   -3.320310993
   -1.570796327    0.872664626 -102.107108544  -16.231989049   -4.091600596
   -1.396263402    0.872664626 -103.748055369   -1.296781940   -4.082390729
   -1.221730476    0.872664626 -102.246963876   18.863838043   -3.445718445
   -1.047197551    0.872664626  -97.211446076   38.080641178   -2.677811123
   -0.872664626    0.872664626  -89.346714173   50.415920599   -2.368587665
   -0.698131701    0.872664626  -80.195257287   52.561536907   -2.864889118
   -0.523598776    0.872664626  -71.571712014   44.679902897   -3.995475102
   -0.349065850    0.872664626  -65.001025930   29.660343863   -5.056788442
   -0.174532925    0.872664626  -61.382493522   11.578925168   -5.067046087
    0.000000000    0.872664626  -60.897277649   -5.662486067   -3.151376099
    0.174532925    0.872664626  -63.101501315  -18.722879408    1.105134684
    0.349065850    0.872664626  -67.019714354  -24.944486790    7.437356983
    0.523598776    0.872664626  -71.275931051  -22.397764009   14.894022017
    0.698131701    0.872664626  -74.276306002  -10.677770798   22.086644904
    0.872664626    0.872664626  -74.554056545    8.272568618   27.592209918
    1.047197551    0.872664626  -71.202498152   30.058475772   30.449104379
    1.221730476    0.872664626  -64.214438215   49.038756513   30.449513083
    1.396263402    0.872664626  -54.523225701   60.430638637   28.057741141
    1.570796327    0.872664626  -43.699259664   61.895681077   24.088086914
    1.745329252    0.872664626  -33.475021424   53.785098722   19.310300417
    1.919862177    0.872664626  -25.354935259   38.219483686   14.251711045
    2.094395102    0.872664626  -20.414266845   17.741423877    9.224256810
    2.268928028    0.872664626  -19.301209248   -5.246934537    4.460066184
    2.443460953    0.872664626  -22.250597266  -28.404835171    0.237059544
    2.617993878    0.872664626  -29.060426517  -48.971771720   -3.121448559
    2.792526803    0.872664626  -38.999158410  -63.760544617   -5.291958829
    2.967059728    0.872664626  -50.793594297  -69.840199800   -6.092421969

   -3.141592654    1.047197551  -63.709293514  -64.699929283   -5.276229659
   -2.967059728    1.047197551  -73.945255566  -51.540720177   -3.829158693
   -2.792526803    1.047197551  -81.465388589  -34.459547201   -2.283668623
   -2.617993878    1.047197551  -86.066758237  -18.995874218   -1.080276396
   -2.443460953    1.047197551  -88.470705909   -9.871269286   -0.425892628
   -2.268928028    1.047197551  -89.995453734   -8.904088149   -0.262424946
   -2.094395102    1.047197551  -91.949120274  -14.166293603   -0.348484274
   -1.919862177    1.047197551  -95.019829287  -20.728118054   -0.414517526
   -1.745329252    1.047197551  -98.920008150  -22.773261208   -0.306399224
   -1.570796327    1.047197551 -102.466857908  -16.300631055   -0.053912654
   -1.396263402    1.047197551 -104.090640948   -1.075540324    0.135976972
   -1.221730476    1.047197551 -102.549070089   19.029465874   -0.045038726
   -1.047197551    1.047197551  -97.519521626   37.779315583   -0.884734731
   -0.872664626    1.047197551  -89.767686334   49.405846582   -2.472121550
   -0.698131701    1.047197551  -80.844509798   51.024729305   -4.549067952
   -0.523598776    1.047197551  -72.490712002   43.272688623   -6.441863196
   -0.349065850    1.047197551  -66.085704013   29.337164469   -7.200513800
   -0.174532925    1.047197551  -62.361209375   13.238392954   -5.910333900
    0.000000000    1.047197551  -61.374514748   -1.547041935   -2.054271170
    0.174532925    1.047197551  -62.655449911  -12.352280996    4.232452563
    0.349065850    1.047197551  -65.325893861  -17.222113585   12.094425124
    0.523598776    1.047197551  -68.216305149  -14.722981527   20.134818264
    0.698131701    1.047197551  -69.992418070   -4.561629033   26.803950675
    0.872664626    1.047197551  -69.424469940   11.711194302   30.851412918
    1.047197551    1.047197551  -65.740275894   30.443855107   31.728825047
    1.221730476    1.047197551  -58.927683892   46.762091652   29.708636159
    1.396263402    1.047197551  -49.804292045   56.363730767   25.638958957
    1.570796327    1.047197551  -39.778131873   56.952906293   20.540992550
    1.745329252    1.047197551  -30.442319978   48.624617280   15.219286809
    1.919862177    1.047197551  -23.214119568   33.196433449   10.131813142
    2.094395102    1.047197551  -19.123993325   13.041831828    5.474175537
    2.268928028    1.047197551  -18.790176979   -9.437901668    1.354148892
    2.443460953    1.047197551  -22.408487476  -31.834572052   -2.064056239
    2.617993878    1.047197551  -29.729336962  -51.346714709   -4.563217397
    2.792526803    1.047197551  -39.974498895  -64.867043638   -5.933459456
    2.967059728    1.047197551  -51.849938649  -69.670794959   -6.113036288

   -3.141592654    1.221730476  -64.687164446  -63.513368928   -6.274961693
   -2.967059728    1.221730476  -74.689565866  -50.129882259   -5.058138338
   -2.792526803    1.221730476  -81.976683606  -33.257447771   -3.915391596
   -2.617993878    1.221730476  -86.404075966  -18.211867173   -3.085279875
   -2.443460953    1.221730476  -88.704276383   -9.429089172   -2.503555518
   -2.268928028    1.221730476  -90.162799245   -8.534257516   -1.868547531
   -2.094395102    1.221730476  -92.038185401  -13.605283303   -0.864989829
   -1.919862177    1.221730476  -94.987181662  -19.904335369    0.593091655
   -1.745329252    1.221730476  -98.732175042  -21.870313948    2.243004968
   -1.570796327    1.221730476 -102.140638814  -15.691108686    3.552306012
   -1.396263402    1.221730476 -103.713404061   -1.166409413    3.936630730
   -1.221730476    1.221730476 -102.270197184   17.957505740    3.007794082
   -1.047197551    1.221730476  -97.515577598   35.724932004    0.748293327
   -0.872664626    1.221730476  -90.184451114   46.728511834   -2.403472309
   -0.698131701    1.221730476  -81.730347992   48.479624097   -5.600809614
   -0.523598776    1.221730476  -73.736807462   41.868532007   -7.734830690
   -0.349065850    1.221730476  -67.403918282   30.058085534   -7.724111068
   -0.174532925    1.221730476  -63.319781969   16.686181825   -4.861362789
    0.000000000    1.221730476  -61.492400013    4.564836519    0.883234477
    0.174532925    1.221730476  -61.528701936   -4.396337360    8.757159038
    0.349065850    1.221730476  -62.749351320   -8.832231004   17.351974724
    0.523598776    1.221730476  -64.256749633   -7.525170598   24.979833041
    0.698131701    1.221730476  -64.984629319    0.067254269   30.159755551
    0.872664626    1.221730476  -63.889726956   13.071178754   32.041466805
    1.047197551    1.221730476  -60.249244182   28.677688557   30.627533437
    1.221730476    1.221730476  -53.961369395   42.688968775   26.670871534
    1.396263402    1.221730476  -45.670294236   51.082120505   21.289955527
    1.570796327    1.221730476  -36.599349566   51.411874053   15.550662119
    1.745329252    1.221730476  -28.207828211   43.402874168   10.154796380
    1.919862177    1.221730476  -21.844439635   28.523206634    5.411214401
    2.094395102    1.221730476  -18.517457635    8.972539966    1.369077315
    2.268928028    1.221730476  -18.837528072  -12.841456115   -1.994806741
    2.443460953    1.221730476  -22.982330447  -34.434458732   -4.634710926
    2.617993878    1.221730476  -30.673770314  -52.958560790   -6.433826489
    2.792526803    1.221730476  -41.105735894  -65.380941786   -7.269807612
    2.967059728    1.221730476  -52.980474793  -69.173755696   -7.144778176

   -3.141592654    1.396263402  -66.001722731  -62.460910549   -9.172088105
   -2.967059728    1.396263402  -75.807287737  -48.995854704   -8.106251528
   -2.792526803    1.396263402  -82.914090140  -32.355071285   -7.128123681
   -2.617993878    1.396263402  -87.207721438  -17.552048493   -6.363788276
   -2.443460953    1.396263402  -89.393498289   -8.705582260   -5.589424733
   -2.268928028    1.396263402  -90.689671065   -7.335591080   -4.354326518
   -2.094395102    1.396263402  -92.296667239  -11.725607109   -2.313226363
   -1.919862177    1.396263402  -94.870818605  -17.564530184    0.463367893
   -1.745329252    1.396263402  -98.210454598  -19.694763835    3.391851573
   -1.570796327    1.396263402 -101.310577186  -14.463017291    5.572294018
   -1.396263402    1.396263402 -102.798037282   -1.491786454    6.168650260
   -1.221730476    1.396263402 -101.562225474   15.916375259    4.780774985
   -1.047197551    1.396263402  -97.287757610   32.373339845    1.648007804
   -0.872664626    1.396263402  -90.592872019   42.973187697   -2.352039882
   -0.698131701    1.396263402  -82.741065925   45.551215921   -5.917175394
   -0.523598776    1.396263402  -75.095026147   41.002130006   -7.656182161
   -0.349065850    1.396263402  -68.665198393   32.130671821   -6.504170139
   -0.174532925    1.396263402  -63.942870715   21.883490162   -2.076183603
    0.000000000    1.396263402  -60.977549704   12.229048414    5.120333495
    0.174532925    1.396263402  -59.558755446    4.333851994   13.762051675
    0.349065850    1.396263402  -59.291172970   -0.805902595   22.034851498
    0.523598776    1.396263402  -59.581551484   -1.833201859   28.177977755
    0.698131701    1.396263402  -59.599493799    2.412559776   31.003730674
    0.872664626    1.396263402  -58.402767465   11.947263040   30.224779747
    1.047197551    1.396263402  -55.215435587   24.781016059   26.450493829
    1.221730476    1.396263402  -49.766202560   37.181151257   20.858615085
    1.396263402    1.396263402  -42.490289697   45.130236149   14.704617295
    1.570796327    1.396263402  -34.433133223   45.836626275    8.936605370
    1.745329252    1.396263402  -26.950896605   38.582661518    4.011476266
    1.919862177    1.396263402  -21.358343781   24.498031517   -0.008941955
    2.094395102    1.396263402  -18.671110609    5.648615345   -3.268753061
    2.268928028    1.396263402  -19.515275602  -15.519256628   -5.922855317
    2.443460953    1.396263402  -24.068607992  -36.416297921   -8.010718623
    2.617993878    1.396263402  -32.036842679  -54.119751942   -9.448909391
    2.792526803    1.396263402  -42.593821292  -65.639294139  -10.110465838
    2.967059728    1.396263402  -54.440576820  -68.622437134   -9.959653890

   -3.141592654    1.570796327  -67.977961823  -61.477256746  -13.725630284
   -2.967059728    1.570796327  -77.595044229  -47.888525739  -12.592530755
   -2.792526803    1.570796327  -84.520333610  -31.404396840  -11.434488342
   -2.617993878    1.570796327  -88.660319954  -16.698189317  -10.384365157
   -2.443460953    1.570796327  -90.677330128   -7.536536520   -9.196231934
   -2.268928028    1.570796327  -91.705619353   -5.370467110   -7.376330419
   -2.094395102    1.570796327  -92.884592846   -8.804444743   -4.574707433
   -1.919862177    1.570796327  -94.891093067  -14.099730021   -0.941873839
   -1.745329252    1.570796327  -97.641918610  -16.591360588    2.776823481
   -1.570796327    1.570796327 -100.307662997  -12.750669237    5.502985593
   -1.396263402    1.570796327 -101.672150585   -1.867830135    6.301456235
   -1.221730476    1.570796327 -100.691235964   13.420876681    4.823093293
   -1.047197551    1.570796327  -96.988944895   28.484739938    1.515641868
   -0.872664626    1.570796327  -91.002627191   38.991097520   -2.451676316
   -0.698131701    1.570796327  -83.743348547   42.995555811   -5.526997680
   -0.523598776    1.570796327  -76.321540448   41.156730255   -6.252495772
   -0.349065850    1.570796327  -69.575430723   35.631339281   -3.752240071
   -0.174532925    1.570796327  -63.963318590   28.443869268    1.953525243
    0.000000000    1.570796327  -59.667828487   20.646646237    9.858903987
    0.174532925    1.570796327  -56.748177208   12.783156992   18.231986517
    0.349065850    1.570796327  -55.144184448    5.770916804   25.093310737
    0.523598776    1.570796327  -54.558926278    1.462263057   28.849517913
    0.698131701    1.570796327  -54.331332971    1.937737943   28.771267437
    0.872664626    1.570796327  -53.515876900    8.211956132   25.184297558
    1.047197551    1.570796327  -51.180329554   18.991559583   19.254765320
    1.221730476    1.570796327  -46.818135953   30.730281125   12.479806770
    1.396263402    1.570796327  -40.642334241   39.113786107    6.130256858
    1.570796327    1.570796327  -33.552007687   40.810561247    0.918155530
    1.745329252    1.570796327  -26.852683449   34.612755929   -3.047624149
    1.919862177    1.570796327  -21.875930506   21.364377305   -6.033335297
    2.094395102    1.570796327  -19.682544174    3.086229548   -8.418316987
    2.268928028    1.570796327  -20.936526767  -17.657612505  -10.479422538
    2.443460953    1.570796327  -25.826007406  -38.102636649  -12.285145821
    2.617993878    1.570796327  -34.038555016  -55.193729722  -13.695208077
    2.792526803    1.570796327  -44.717859126  -65.939567957  -14.474836197
    2.967059728    1.570796327  -56.548558627  -68.156298363  -14.459161706

   -3.141592654    1.745329252  -70.820410165  -60.416122576  -18.880094884
   -2.967059728    1.745329252  -80.219641946  -46.531008225  -17.509094736
   -2.792526803    1.745329252  -86.908044501  -30.079960850  -15.938007996
   -2.617993878    1.745329252  -90.822125253  -15.397333736  -14.383683639
   -2.443460953    1.745329252  -92.587412443   -5.865152942  -12.683267621
   -2.268928028    1.745329252  -93.255170880   -2.848008122  -10.394784508
   -2.094395102    1.745329252  -93.905103204   -5.290896305   -7.191474554
   -1.919862177    1.745329252  -95.241801593  -10.071738374   -3.233345630
   -1.745329252    1.745329252  -97.314644589  -13.045337376    0.727662633
   -1.570796327    1.745329252  -99.484145030  -10.777132242    3.622725015
   -1.396263402    1.745329252 -100.694756698   -2.137366695    4.571835941
   -1.221730476    1.745329252  -99.954134483   11.017487896    3.343055261
   -1.047197551    1.745329252  -96.793738114   24.886870349    0.543151300
   -0.872664626    1.745329252  -91.433326427   35.691280790   -2.529713451
   -0.698131701    1.745329252  -84.608612087   41.560631193   -4.312340562
   -0.523598776    1.745329252  -77.187758503   42.700036250   -3.528811320
   -0.349065850    1.745329252  -69.885588611   40.415760343    0.329866911
   -0.174532925    1.745329252  -63.202727948   35.715905531    6.794586716
    0.000000000    1.745329252  -57.532623918   28.811745575   14.480113895
    0.174532925    1.745329252  -53.254628303   19.847055648   21.495697578
    0.349065850    1.745329252  -50.647232501    9.966458014   25.990238478
    0.523598776    1.745329252  -49.660260883    1.795685445   26.764960127
    0.698131701    1.745329252  -49.713004130   -1.498195796   23.638069757
    0.872664626    1.745329252  -49.753399882    2.085238701   17.488664499
    1.047197551    1.745329252  -48.607366800   11.764921918    9.892344875
    1.221730476    1.745329252  -45.490126659   23.898431493    2.511464761
    1.396263402    1.745329252  -40.399767471   33.596923184   -3.480887955
    1.570796327    1.745329252  -34.136863005   36.818162952   -7.677006173
    1.745329252    1.745329252  -28.021559047   31.830971888  -10.355762121
    1.919862177    1.745329252  -23.462741312   19.271227309  -12.136202906
    2.094395102    1.745329252  -21.608358486    1.243216952  -13.633774504
    2.268928028    1.745329252  -23.179106182  -19.447411254  -15.213814069
    2.443460953    1.745329252  -28.373132539  -39.757047617  -16.913600573
    2.617993878    1.745329252  -36.843372514  -56.429226283  -18.469733440
    2.792526803    1.745329252  -47.678612361  -66.438776470  -19.484949903
    2.967059728    1.745329252  -59.520621259  -67.788669694  -19.633355421

   -3.141592654    1.919862177  -74.505419554  -59.203005885  -23.080950673
   -2.967059728    1.919862177  -83.641168986  -44.810798961  -21.452431063
   -2.792526803    1.919862177  -90.015331069  -28.249244163  -19.446439094
   -2.617993878    1.919862177  -93.610383589  -13.556265189  -17.366650099
   -2.443460953    1.919862177  -95.034767082   -3.729219360  -15.183879619
   -2.268928028    1.919862177  -95.273026242   -0.009005148  -12.587814274
   -2.094395102    1.919862177  -95.353277274   -1.627539644   -9.324572974
   -1.919862177    1.919862177  -96.006435027   -6.027984359   -5.534627532
   -1.745329252    1.919862177  -97.405026038   -9.543315233   -1.860772375
   -1.570796327    1.919862177  -99.083167548   -8.794073087    0.803114586
   -1.396263402    1.919862177 -100.123085865   -2.197245650    1.784180141
   -1.221730476    1.919862177  -99.557118232    9.181791617    1.045062330
   -1.047197551    1.919862177  -96.799612793   22.322915979   -0.685471700
   -0.872664626    1.919862177  -91.844083599   33.873360844   -2.140759018
   -0.698131701    1.919862177  -85.170306929   41.842384527   -1.992823503
   -0.523598776    1.919862177  -77.457966502   45.800333089    0.601793543
   -0.349065850    1.919862177  -69.376697757   46.121236214    5.629218581
   -0.174532925    1.919862177  -61.548059706   42.875026513   12.177652359
    0.000000000    1.919862177  -54.627404376   35.665449635   18.663692070
    0.174532925    1.919862177  -49.316633850   24.538868657   23.329995474
    0.349065850    1.919862177  -46.184271107   11.135476166   24.750870710
    0.523598776    1.919862177  -45.341105979   -0.999531510   22.308690086
    0.698131701    1.919862177  -46.188696984   -7.617158007   16.390517008
    0.872664626    1.919862177  -47.483162005   -5.869339365    8.292301180
    1.047197551    1.919862177  -47.755317574    3.756539478   -0.217052579
    1.221730476    1.919862177  -45.930132743   17.281266696   -7.510082259
    1.396263402    1.919862177  -41.818074490   29.036955026  -12.633564579
    1.570796327    1.919862177  -36.177424009   34.157129564  -15.516943424
    1.745329252    1.919862177  -30.408882245   30.382776751  -16.796537231
    1.919862177    1.919862177  -26.056392493   18.235966342  -17.385525443
    2.094395102    1.919862177  -24.391470588    0.049801584  -18.067807832
    2.268928028    1.919862177  -26.201792508  -20.991743906  -19.232737193
    2.443460953    1.919862177  -31.685739230  -41.466055368  -20.839975539
    2.617993878    1.919862177  -40.438384449  -57.868087801  -22.493827963
    2.792526803    1.919862177  -51.466302337  -67.133011311  -23.660527100
    2.967059728    1.919862177  -63.343048903  -67.479195250  -23.896940588

   -3.141592654    2.094395102  -78.731052821  -57.877696246  -24.878159256
   -2.967059728    2.094395102  -87.569888842  -42.816349091  -23.148978486
   -2.792526803    2.094395102  -93.568035427  -25.996114159  -20.896791489
   -2.617993878    2.094395102  -96.764115793  -11.246042511  -18.446287999
   -2.443460953    2.094395102  -97.773346997   -1.241953046  -15.901027877
   -2.268928028    2.094395102  -97.542271754    2.915134947  -13.144834351
   -2.094395102    2.094395102  -97.065943021    1.802363277  -10.064703477
   -1.919862177    2.094395102  -97.098784842   -2.450819506   -6.794000361
   -1.745329252    2.094395102  -97.910505706   -6.534844861   -3.794514999
   -1.570796327    2.094395102  -99.166183606   -7.059858484   -1.654128921
   -1.396263402    2.094395102 -100.037895212   -1.997230293   -0.711387379
   -1.221730476    2.094395102  -99.543181632    8.290467324   -0.753431525
   -1.047197551    2.094395102  -96.962421276   21.387472468   -0.986510647
   -0.872664626    2.094395102  -92.082922781   34.135566656   -0.343419212
   -0.698131701    2.094395102  -85.189871905   44.193935371    2.043041139
   -0.523598776    2.094395102  -76.867969877   50.378316315    6.393412759
   -0.349065850    2.094395102  -67.840652980   52.192729413   12.103111082
   -0.174532925    2.094395102  -58.921239092   49.022565028   17.909353115
    0.000000000    2.094395102  -51.042303169   40.228874098   22.259056340
    0.174532925    2.094395102  -45.180186595   26.099213879   23.806955311
    0.349065850    2.094395102  -42.097340320    8.961905729   21.787547478
    0.523598776    2.094395102  -41.953186321   -6.720053588   16.271094340
    0.698131701    2.094395102  -44.034963257  -15.788908153    8.168285412
    0.872664626    2.094395102  -46.849178630  -14.804873310   -0.987335392
    1.047197551    2.094395102  -48.618949378   -4.207798168   -9.478627152
    1.221730476    2.094395102  -48.004551783   11.502695550  -15.936030028
    1.396263402    2.094395102  -44.678736145   25.781326905  -19.754953724
    1.570796327    2.094395102  -39.417469704   32.924738440  -21.207071354
    1.745329252    2.094395102  -33.757128357   30.203971081  -21.191042772
    1.919862177    2.094395102  -29.416808082   18.140330018  -20.773220492
    2.094395102    2.094395102  -27.810109109   -0.573166350  -20.773926325
    2.268928028    2.094395102  -29.788660440  -22.273402378  -21.524695646
    2.443460953    2.094395102  -35.535599618  -43.111692441  -22.893166646
    2.617993878    2.094395102  -44.569168704  -59.340056979  -24.409406638
    2.792526803    2.094395102  -55.797882647  -67.878538679  -25.504102177
    2.967059728    2.094395102  -67.714830393  -67.172379642  -25.716083070

   -3.141592654    2.268928028  -82.987669948  -56.594579359  -23.344393615
   -2.967059728    2.268928028  -91.532862688  -40.795198474  -21.760810871
   -2.792526803    2.268928028  -97.137096913  -23.560640847  -19.560207091
   -2.617993878    2.268928028  -99.890904883   -8.643030255  -16.997256560
   -2.443460953    2.268928028 -100.436930679    1.463545285  -14.275175467
   -2.268928028    2.268928028  -99.721007032    5.767436172  -11.503742796
   -2.094395102    2.268928028  -98.734806239    4.767100670   -8.762443960
   -1.919862177    2.268928028  -98.256754889    0.372429497   -6.194547254
   -1.745329252    2.268928028  -98.617669853   -4.270140493   -4.032425323
   -1.570796327    2.268928028  -99.551587587   -5.670395772   -2.468965590
   -1.396263402    2.268928028 -100.255039665   -1.407305047   -1.442772205
   -1.221730476    2.268928028  -99.687226796    8.669554529   -0.509444782
   -1.047197551    2.268928028  -96.992713774   22.462364510    1.067697260
   -0.872664626    2.268928028  -91.803473462   36.712167316    3.970983213
   -0.698131701    2.268928028  -84.306468051   48.522345753    8.438313841
   -0.523598776    2.268928028  -75.108136248   55.940865798   14.001910638
   -0.349065850    2.268928028  -65.084412367   57.812908450   19.544660373
   -0.174532925    2.268928028  -55.285950775   53.223101942   23.649849538
    0.000000000    2.268928028  -46.895602809   41.708798228   25.042714741
    0.174532925    2.268928028  -41.072500528   24.105032790   23.000220738
    0.349065850    2.268928028  -38.645301694    3.515125038   17.537687921
    0.523598776    2.268928028  -39.700005638  -14.814136139    9.417876472
    0.698131701    2.268928028  -43.326191979  -25.118136081   -0.025296979
    0.872664626    2.268928028  -47.755577171  -23.708121488   -9.205298895
    1.047197551    2.268928028  -50.933176818  -11.240423011  -16.685821149
    1.221730476    2.268928028  -51.318518878    7.141525480  -21.566751530
    1.396263402    2.268928028  -48.518444295   24.038509434  -23.715124293
    1.570796327    2.268928028  -43.385515713   33.027992517  -23.733939739
    1.745329252    2.268928028  -37.626344917   31.055650359  -22.652936217
    1.919862177    2.268928028  -33.145856180   18.769735296  -21.504127478
    2.094395102    2.268928028  -31.491970510   -0.694608435  -20.980536060
    2.268928028    2.268928028  -33.563108928  -23.175447892  -21.276500338
    2.443460953    2.268928028  -39.512209995  -44.437702806  -22.184273448
    2.617993878    2.268928028  -48.775994554  -60.558217115  -23.257615213
    2.792526803    2.268928028  -60.170049045  -68.482609118  -24.022056495
    2.967059728    2.268928028  -72.113605486  -66.850450333  -24.108476560

   -3.141592654    2.443460953  -86.670038055  -55.529187544  -18.359539300
   -2.967059728    2.443460953  -94.966093678  -39.028456461  -17.127418419
   -2.792526803    2.443460953 -100.210179754  -21.238303889  -15.250530758
   -2.617993878    2.443460953 -102.526061546   -5.990278253  -12.845702376
   -2.443460953    2.443460953 -102.597218283    4.211390208  -10.168568407
   -2.268928028    2.443460953 -101.407457168    8.415379184   -7.537564709
   -2.094395102    2.443460953  -99.979175279    7.156917838   -5.220507427
   -1.919862177    2.443460953  -99.115752058    2.375106431   -3.356364012
   -1.745329252    2.443460953  -99.165754961   -2.714729265   -1.913293942
   -1.570796327    2.443460953  -99.859969668   -4.442575494   -0.663518278
   -1.396263402    2.443460953 -100.351160478   -0.118702657    0.819029667
   -1.221730476    2.443460953  -99.509402248   10.630639150    3.083441562
   -1.047197551    2.443460953  -96.369645566   25.674348926    6.614480377
   -0.872664626    2.443460953  -90.491633395   41.377411827   11.532433805
   -0.698131701    2.443460953  -82.081305589   54.192562687   17.381566703
   -0.523598776    2.443460953  -71.880451346   61.538033367   23.108161261
   -0.349065850    2.443460953  -60.988029103   61.933990163   27.322841042
   -0.174532925    2.443460953  -50.694813650   54.589953558   28.740112015
    0.000000000    2.443460953  -42.364795668   39.587707401   26.590475190
    0.174532925    2.443460953  -37.220725756   18.513426668   20.873309091
    0.349065850    2.443460953  -36.021210074   -4.780607536   12.360322053
    0.523598776    2.443460953  -38.666174631  -24.485630907    2.395192225
    0.698131701    2.443460953  -43.986641660  -34.594295458   -7.420048173
    0.872664626    2.443460953  -49.945703500  -31.551473654  -15.617412843
    1.047197551    2.443460953  -54.275543488  -16.500155918  -21.215020274
    1.221730476    2.443460953  -55.330961355    4.699116994  -23.929375392
    1.396263402    2.443460953  -52.742510392   23.926770931  -24.172456545
    1.570796327    2.443460953  -47.494236990   34.288403329  -22.841165777
    1.745329252    2.443460953  -41.473658783   32.639049668  -20.959029901
    1.919862177    2.443460953  -36.749492742   19.890016470  -19.346481897
    2.094395102    2.443460953  -34.968895585   -0.367337492  -18.429709972
    2.268928028    2.443460953  -37.048362113  -23.552063043  -18.217465484
    2.443460953    2.443460953  -43.100691830  -45.171265630  -18.465639480
    2.617993878    2.443460953  -52.493836398  -61.241515044  -18.846379510
    2.792526803    2.443460953  -63.976664307  -68.772250631  -19.082151097
    2.967059728    2.443460953  -75.917882229  -66.516613400  -18.970512751

   -3.141592654    2.617993878  -89.220560762  -54.784590425  -10.507599383
   -2.967059728    2.617993878  -97.338363932  -37.709991933   -9.706761502
   -2.792526803    2.617993878 -102.295339241  -19.276796358   -8.315719540
   -2.617993878    2.617993878 -104.222095394   -3.540755883   -6.297540389
   -2.443460953    2.617993878 -103.847688716    6.792912313   -3.911928219
   -2.268928028    2.617993878 -102.224557106   10.737268645   -1.612249312
   -2.094395102    2.617993878 -100.432911145    8.974491487    0.223319032
   -1.919862177    2.617993878  -99.295930889    3.717008469    1.518285472
   -1.745329252    2.617993878  -99.132336845   -1.541562326    2.583150016
   -1.570796327    2.617993878  -99.600197959   -2.931067918    4.008666483
   -1.396263402    2.617993878  -99.756335991    2.296556594    6.438578850
   -1.221730476    2.617993878  -98.381351459   14.378529284   10.311594193
   -1.047197551    2.617993878  -94.463474086   30.809033216   15.646404361
   -0.872664626    2.617993878  -87.598990615   47.414221013   21.894593495
   -0.698131701    2.617993878  -78.129283775   60.081759354   27.982106386
   -0.523598776    2.617993878  -67.013252117   65.898471530   32.523611501
   -0.349065850    2.617993878  -55.591313983   63.455671369   34.198606868
   -0.174532925    2.617993878  -45.345093166   52.452641196   32.148742012
    0.000000000    2.617993878  -37.717195521   33.738896321   26.257081298
    0.174532925    2.617993878  -33.868648487    9.704077566   17.217018104
    0.349065850    2.617993878  -34.368100831  -15.177486124    6.400832456
    0.523598776    2.617993878  -38.844696707  -34.792835391   -4.467733284
    0.698131701    2.617993878  -45.840157373  -43.246982514  -13.704142102
    0.872664626    2.617993878  -53.082285029  -37.480650523  -20.097004857
    1.047197551    2.617993878  -58.178937325  -19.369043619  -23.210291755
    1.221730476    2.617993878  -59.493417348    4.484397124  -23.424505610
    1.396263402    2.617993878  -56.775765222   25.452528411  -21.690873918
    1.570796327    2.617993878  -51.187288216   36.505271426  -19.132845859
    1.745329252    2.617993878  -44.784850442   34.697321868  -16.653818201
    1.919862177    2.617993878  -39.752574435   21.328304962  -14.743782919
    2.094395102    2.617993878  -37.782731137    0.389701831  -13.488195362
    2.268928028    2.617993878  -39.776594895  -23.281918596  -12.707057630
    2.443460953    2.617993878  -45.804674516  -45.120593727  -12.167566180
    2.617993878    2.617993878  -55.192708159  -61.208895139  -11.719812732
    2.792526803    2.617993878  -66.661750163  -68.638301784  -11.323423620
    2.967059728    2.617993878  -78.561450297  -66.165282517  -10.959872466

   -3.141592654    2.792526803  -90.230301765  -54.340595421   -0.946639989
   -2.967059728    2.792526803  -98.242519331  -36.887509487   -0.530376129
   -2.792526803    2.792526803 -103.002267325  -17.822766198    0.333995870
   -2.617993878    2.792526803 -104.622217130   -1.524162640    1.807736061
   -2.443460953    2.792526803 -103.873830746    8.970087342    3.670643234
   -2.268928028    2.792526803 -101.892376171   12.593475954    5.445783688
   -2.094395102    2.792526803  -99.824684008   10.273654421    6.768881176
   -1.919862177    2.792526803  -98.496395101    4.683713038    7.698878000
   -1.745329252    2.792526803  -98.149388183   -0.282787120    8.797253524
   -1.570796327    2.792526803  -98.316670878   -0.631704469   10.879081318
   -1.396263402    2.792526803  -97.939389230    6.161426884   14.589572915
   -1.221730476    2.792526803  -95.747810863   19.832930946   20.035518937
   -1.047197551    2.792526803  -90.778505868   37.255948505   26.632816777
   -0.872664626    2.792526803  -82.780831547   53.728660108   33.192919881
   -0.698131701    2.792526803  -72.322965442   64.846242877   38.233542581
   -0.523598776    2.792526803  -60.610647497   67.771710041   40.364508724
   -0.349065850    2.792526803  -49.184402829   61.540998917   38.657316645
   -0.174532925    2.792526803  -39.622505853   46.567118802   32.882450650
    0.000000000    2.792526803  -33.328655284   24.503785103   23.592999700
    0.174532925    2.792526803  -31.292229862   -1.555436068   12.030882777
    0.349065850    2.792526803  -33.807216281  -26.707809520   -0.070669355
    0.523598776    2.792526803  -40.186473296  -44.783374251  -10.849195381
    0.698131701    2.792526803  -48.684337509  -50.290882676  -18.722558349
    0.872664626    2.792526803  -56.846739039  -40.955520683  -22.827362171
    1.047197551    2.792526803  -62.253651539  -19.568712796  -23.272368054
    1.221730476    2.792526803  -63.388378120    6.546930520  -21.032435937
    1.396263402    2.792526803  -60.207046319   28.507255606  -17.494752690
    1.570796327    2.792526803  -54.079329886   39.506168557  -13.905120419
    1.745329252    2.792526803  -47.203190669   37.087199192  -10.968330056
    1.919862177    2.792526803  -41.816033516   23.030073822   -8.806173778
    2.094395102    2.792526803  -39.595380421    1.615261424   -7.172703108
    2.268928028    2.792526803  -41.397546935  -22.273265467   -5.743725414
    2.443460953    2.792526803  -47.256995494  -44.190453506   -4.347007260
    2.617993878    2.792526803  -56.490542607  -60.386296986   -3.030498209
    2.792526803    2.792526803  -67.832001232  -68.023099112   -1.973752561
    2.967059728    2.792526803  -79.641875683  -65.748385722   -1.310617086

   -3.141592654    2.967059728  -89.523908342  -54.088657338    8.905570585
   -2.967059728    2.967059728  -97.486864947  -36.496510466    9.068869340
   -2.792526803    2.967059728 -102.137332629  -16.926031513    9.464793429
   -2.617993878    2.967059728 -103.552488683   -0.109831936   10.331299344
   -2.443460953    2.967059728 -102.536157535   10.538383862   11.521738380
   -2.268928028    2.967059728 -100.300548413   13.877218463   12.646137091
   -2.094395102    2.967059728  -98.045965944   11.151883587   13.470347866
   -1.919862177    2.967059728  -96.572367702    5.584393303   14.231673530
   -1.745329252    2.967059728  -96.007321372    1.466472411   15.661320151
   -1.570796327    2.967059728  -95.735478070    2.749974758   18.613920867
   -1.396263402    2.967059728  -94.600968309   11.440832709   23.527946815
   -1.221730476    2.967059728  -91.355127215   26.492296562   30.045346036
   -1.047197551    2.967059728  -85.189125117   44.067149500   36.995570195
   -0.872664626    2.967059728  -76.103317875   59.116897350   42.730876791
   -0.698131701    2.967059728  -64.939191977   67.331768079   45.650419214
   -0.523598776    2.967059728  -53.123389019   66.364883673   44.652263800
   -0.349065850    2.967059728  -42.308760733   55.963914516   39.394627489
   -0.174532925    2.967059728  -34.054617663   37.308430767   30.315792663
    0.000000000    2.967059728  -29.617291724   12.729655644   18.522765815
    0.174532925    2.967059728  -29.737029381  -14.179517228    5.590408618
    0.349065850    2.967059728  -34.392703687  -38.303622496   -6.643629192
    0.523598776    2.967059728  -42.577051998  -53.622360113  -16.407586782
    0.698131701    2.967059728  -52.289171614  -55.247744771  -22.381513613
    0.872664626    2.967059728  -60.958534322  -41.866712734  -24.098668957
    1.047197551    2.967059728  -66.226634419  -17.272014527  -22.137934514
    1.221730476    2.967059728  -66.787136066   10.576609123  -17.901146062
    1.396263402    2.967059728  -62.862883966   32.787819925  -13.020590918
    1.570796327    2.967059728  -56.041518551   43.091578705   -8.723035035
    1.745329252    2.967059728  -48.622769265   39.743921252   -5.464237798
    1.919862177    2.967059728  -42.835020671   25.038847431   -3.029717096
    2.094395102    2.967059728  -40.289193234    3.401074801   -0.919910866
    2.268928028    2.967059728  -41.777980261  -20.447847602    1.254979468
    2.443460953    2.967059728  -47.314506979  -42.346314803    3.559943180
    2.617993878    2.967059728  -56.241008701  -58.765768956    5.753776970
    2.792526803    2.967059728  -67.338717902  -66.897718431    7.481027334
    2.967059728    2.967059728  -79.001193072  -65.185173046    8.506108708
