#! FIELDS phi psi file.free der_phi der_psi
#! SET min_phi -pi
#! SET max_phi pi
#! SET nbins_phi  36
#! SET periodic_phi true
#! SET min_psi -pi
#! SET max_psi pi
#! SET nbins_psi  36
#! SET periodic_psi true
   -3.141592654   -3.141592654  -77.558595674  -53.863481324   19.480523413
   -2.967059728   -3.141592654  -85.520689224  -36.561517153   19.562355676
   -2.792526803   -3.141592654  -90.151870243  -16.543150764   19.419676356
   -2.617993878   -3.141592654  -91.439283155    0.956590958   19.332780530
   -2.443460953   -3.141592654  -90.200671602   11.930723563   19.337663884
   -2.268928028   -3.141592654  -87.734150350   15.069331256   19.361298306
   -2.094395102   -3.141592654  -85.300070605   12.068959856   19.529230971
   -1.919862177   -3.141592654  -83.647384710    6.890638046   20.335404291
   -1.745329252   -3.141592654  -82.742774671    4.235052774   22.503372062
   -1.570796327   -3.141592654  -81.801905832    7.706673559   26.537295442
   -1.396263402   -3.141592654  -79.627063607   18.257231446   32.245339635
   -1.221730476   -3.141592654  -75.137355974   33.602748877   38.577223178
   -1.047197551   -3.141592654  -67.873516836   49.142380215   43.906286325
   -0.872664626   -3.141592654  -58.244838964   59.960719166   46.612693046
   -0.698131701   -3.141592654  -47.401292109   62.726727282   45.650996159
   -0.523598776   -3.141592654  -36.860723516   56.528226992   40.811283915
   -0.349065850   -3.141592654  -28.115098428   42.455499953   32.642529356
   -0.174532925   -3.141592654  -22.369745337   22.513031510   22.141128687
    0.000000000   -3.141592654  -20.444873800   -0.869458404   10.487057389
    0.174532925   -3.141592654  -22.686240415  -24.623180203   -1.093252952
    0.349065850   -3.141592654  -28.804557030  -44.518689585  -11.321680933
    0.523598776   -3.141592654  -37.690340609  -55.496556446  -18.951487499
    0.698131701   -3.141592654  -47.397965928  -53.482807895  -23.018618936
    0.872664626   -3.141592654  -55.532556808  -37.725186515  -23.207302379
    1.047197551   -3.141592654  -59.978510816  -12.213114816  -20.098557001
    1.221730476   -3.141592654  -59.672445851   15.296811543  -15.021748120
    1.396263402   -3.141592654  -55.013444391   36.439830593   -9.504966470
    1.570796327   -3.141592654  -47.660898170   45.583306494   -4.664344911
    1.745329252   -3.141592654  -39.881425920   41.495922336   -0.851835834
    1.919862177   -3.141592654  -33.804578505   26.715432358    2.228105740
    2.094395102   -3.141592654  -30.928084339    5.590946723    5.112924811
    2.268928028   -3.141592654  -31.968162535  -17.493314633    8.178903446
    2.443460953   -3.141592654  -36.935226099  -38.856742929   11.435490659
    2.617993878   -3.141592654  -45.251127801  -55.386681567   14.562191109
    2.792526803   -3.141592654  -55.824598820  -64.380298403   17.113488029
    2.967059728   -3.141592654  -67.156503792  -63.931033735   18.760656423

   -3.141592654   -2.967059728  -73.559810390  -53.432191770   25.832913804
   -2.967059728   -2.967059728  -81.502826112  -36.700342391   25.980363933
   -2.792526803   -2.967059728  -86.178680960  -16.861948999   25.621819929
   -2.617993878   -2.967059728  -87.520538986    0.665844463   25.096665990
   -2.443460953   -2.967059728  -86.326943303   11.700604065   24.593640854
   -2.268928028   -2.967059728  -83.891023812   14.979133826   24.244906279
   -2.094395102   -2.967059728  -81.437351872   12.470838358   24.326867370
   -1.919862177   -2.967059728  -79.626747276    8.414795573   25.336507990
   -1.745329252   -2.967059728  -78.313854429    7.458857178   27.811676131
   -1.570796327   -2.967059728  -76.653566168   12.671437673   31.932793671
   -1.396263402   -2.967059728  -73.512289288   24.171418651   37.167995015
   -1.221730476   -2.967059728  -68.014552218   38.964550040   42.248544108
   -1.047197551   -2.967059728  -59.988168634   52.265862445   45.558066129
   -0.872664626   -2.967059728  -50.105394238   59.611204430   45.740866659
   -0.698131701   -2.967059728  -39.661079926   58.509126011   42.194906148
   -0.523598776   -2.967059728  -30.166821616   48.892238851   35.186385746
   -0.349065850   -2.967059728  -22.983669988   32.382647670   25.634080726
   -0.174532925   -2.967059728  -19.124511876   11.178266498   14.714521011
    0.000000000   -2.967059728  -19.202883318  -12.297685902    3.594959901
    0.174532925   -2.967059728  -23.363325762  -34.992069195   -6.655703308
    0.349065850   -2.967059728  -31.115432428  -52.684121911  -15.019747876
    0.523598776   -2.967059728  -41.158787182  -60.457548238  -20.570179067
    0.698131701   -2.967059728  -51.408902034  -54.701083648  -22.696636184
    0.872664626   -2.967059728  -59.442551107  -35.456559243  -21.398613270
    1.047197551   -2.967059728  -63.263097419   -7.538834907  -17.447780040
    1.221730476   -2.967059728  -62.042093324   20.866644259  -12.177216118
    1.396263402   -2.967059728  -56.432683603   41.600679437   -6.934107041
    1.570796327   -2.967059728  -48.265780629   49.730381845   -2.542237476
    1.745329252   -2.967059728  -39.844141618   44.786572292    0.941438513
    1.919862177   -2.967059728  -33.226590069   29.724346433    4.020164316
    2.094395102   -2.967059728  -29.809641417    8.835428291    7.299692870
    2.268928028   -2.967059728  -30.249012186  -13.869279075   11.086758111
    2.443460953   -2.967059728  -34.567140343  -35.122414426   15.233864612
    2.617993878   -2.967059728  -42.257280319  -52.047165924   19.249713624
    2.792526803   -2.967059728  -52.317525919  -61.912679389   22.562507727
    2.967059728   -2.967059728  -63.312092773  -62.549936331   24.777330974

   -3.141592654   -2.792526803  -68.717518562  -52.745220384   29.067411816
   -2.967059728   -2.792526803  -76.620764625  -36.862922606   29.382928260
   -2.792526803   -2.792526803  -81.369952415  -17.475135365   28.910893112
   -2.617993878   -2.792526803  -82.833494038   -0.072521147   28.054858026
   -2.443460953   -2.792526803  -81.761872272   11.074141721   27.179165839
   -2.268928028   -2.792526803  -79.406991170   14.729467776   26.621369835
   -2.094395102   -2.792526803  -76.936013929   12.998161352   26.751801562
   -1.919862177   -2.792526803  -74.930681586   10.193650768   27.963628609
   -1.745329252   -2.792526803  -73.176133077   10.750695023   30.503910033
   -1.570796327   -2.792526803  -70.826842660   17.170185182   34.199801933
   -1.396263402   -2.792526803  -66.865115774   28.859741168   38.276313441
   -1.221730476   -2.792526803  -60.640721884   42.350499518   41.454719034
   -1.047197551   -2.792526803  -52.244423302   52.927574632   42.370189398
   -0.872664626   -2.792526803  -42.548929617   56.747854449   40.096733162
   -0.698131701   -2.792526803  -32.913124361   52.188912395   34.494483435
   -0.523598776   -2.792526803  -24.768901366   39.924948630   26.184828082
   -0.349065850   -2.792526803  -19.298437517   21.933992922   16.268937114
   -0.174532925   -2.792526803  -17.305792781    0.432984750    5.942952433
    0.000000000   -2.792526803  -19.208903687  -22.298632745   -3.725685404
    0.174532925   -2.792526803  -24.982468029  -43.329683899  -11.858928065
    0.349065850   -2.792526803  -33.984117980  -58.536205749  -17.734704916
    0.523598776   -2.792526803  -44.785172366  -63.217055447  -20.819224339
    0.698131701   -2.792526803  -55.232103312  -54.216992529  -20.943179581
    0.872664626   -2.792526803  -62.932117878  -32.249705806  -18.460287730
    1.047197551   -2.792526803  -66.035148538   -2.733156634  -14.268618579
    1.221730476   -2.792526803  -63.933613274   25.957247155   -9.543975045
    1.396263402   -2.792526803  -57.485908663   46.015395743   -5.267814121
    1.570796327   -2.792526803  -48.631834847   53.214944930   -1.851315156
    1.745329252   -2.792526803  -39.657289781   47.743516140    0.952675479
    1.919862177   -2.792526803  -32.520600210   32.821009277    3.778838148
    2.094395102   -2.792526803  -28.513372454   12.544770743    7.210440778
    2.268928028   -2.792526803  -28.247175677   -9.535222714   11.443543493
    2.443460953   -2.792526803  -31.782434250  -30.589079816   16.198913952
    2.617993878   -2.792526803  -38.708861399  -47.943996027   20.876432266
    2.792526803   -2.792526803  -48.131805766  -58.794073926   24.829229888
    2.967059728   -2.792526803  -58.689576081  -60.685271377   27.604458572

   -3.141592654   -2.617993878  -63.589446369  -51.707005259   29.155321260
   -2.967059728   -2.617993878  -71.413268762  -36.935046148   29.754790414
   -2.792526803   -2.617993878  -76.244591401  -18.270740440   29.296811724
   -2.617993878   -2.617993878  -77.877201176   -1.140641694   28.228569044
   -2.443460953   -2.617993878  -76.982888787   10.180270946   27.083884761
   -2.268928028   -2.617993878  -74.737961514   14.428652820   26.385604926
   -2.094395102   -2.617993878  -72.240073667   13.663677268   26.552046155
   -1.919862177   -2.617993878  -70.015622880   12.060105784   27.818206216
   -1.745329252   -2.617993878  -67.833982919   13.729108408   30.119588925
   -1.570796327   -2.617993878  -64.907466686   20.670901747   32.979324924
   -1.396263402   -2.617993878  -60.365856226   31.802300039   35.504531309
   -1.221730476   -2.617993878  -53.770871083   43.456687276   36.568322438
   -1.047197551   -2.617993878  -45.419525031   51.193035768   35.185423661
   -0.872664626   -2.617993878  -36.305588864   51.837560165   30.891073952
   -0.698131701   -2.617993878  -27.777483275   44.536010825   23.925425359
   -0.523598776   -2.617993878  -21.138449277   30.528697089   15.115683794
   -0.349065850   -2.617993878  -17.373400426   11.990642600    5.600797251
   -0.174532925   -2.617993878  -17.082143705   -8.944571695   -3.482472722
    0.000000000   -2.617993878  -20.506065591  -30.213121772  -11.175915131
    0.174532925   -2.617993878  -27.482193044  -49.098579070  -16.775429522
    0.349065850   -2.617993878  -37.268369421  -61.697467803  -19.859570795
    0.523598776   -2.617993878  -48.380467834  -63.628898373  -20.331892256
    0.698131701   -2.617993878  -58.677665195  -52.171843741  -18.510477320
    0.872664626   -2.617993878  -65.860331461  -28.515197063  -15.104505547
    1.047197551   -2.617993878  -68.241317415    1.633448686  -11.069459058
    1.221730476   -2.617993878  -65.395884619   29.991846374   -7.308788094
    1.396263402   -2.617993878  -58.313890267   49.220933802   -4.338024665
    1.570796327   -2.617993878  -48.967866716   55.716754222   -2.123625343
    1.745329252   -2.617993878  -39.577168183   50.127885729   -0.163736906
    1.919862177   -2.617993878  -31.984564539   35.752376877    2.213829273
    2.094395102   -2.617993878  -27.387360531   16.393729037    5.494765133
    2.268928028   -2.617993878  -26.373096493   -4.871534956    9.759245298
    2.443460953   -2.617993878  -29.057409136  -25.615537222   14.667458447
    2.617993878   -2.617993878  -35.136652351  -43.330135046   19.616919229
    2.792526803   -2.617993878  -43.829735672  -55.130423127   23.968818693
    2.967059728   -2.617993878  -53.857832706  -58.314254074   27.231623189

   -3.141592654   -2.443460953  -58.699845989  -50.256356621   26.418891091
   -2.967059728   -2.443460953  -66.387857651  -36.795815827   27.373020993
   -2.792526803   -2.443460953  -71.287206430  -19.113744005   27.067893742
   -2.617993878   -2.443460953  -73.113743747   -2.419998858   25.937471974
   -2.443460953   -2.443460953  -72.435003025    9.090489090   24.628259741
   -2.268928028   -2.443460953  -70.323324867   14.063311014   23.796310977
   -2.094395102   -2.443460953  -67.801379379   14.333448935   23.877761674
   -1.919862177   -2.443460953  -65.368132869   13.753127489   24.957473040
   -1.745329252   -2.443460953  -62.827629397   16.052540828   26.717866408
   -1.570796327   -2.443460953  -59.494948254   22.855490950   28.477986772
   -1.396263402   -2.443460953  -54.657632933   32.838441675   29.340162929
   -1.221730476   -2.443460953  -48.053963872   42.389422062   28.416891795
   -1.047197551   -2.443460953  -40.117562955   47.467275049   25.124712586
   -0.872664626   -2.443460953  -31.886755387   45.518299965   19.403874364
   -0.698131701   -2.443460953  -24.643328231   36.288151876   11.758558450
   -0.523598776   -2.443460953  -19.537508514   21.401865968    3.098404471
   -0.349065850   -2.443460953  -17.358832705    3.126664719   -5.486382454
   -0.174532925   -2.443460953  -18.516156444  -16.522224319  -12.947489500
    0.000000000   -2.443460953  -23.092460822  -35.731112117  -18.429318453
    0.174532925   -2.443460953  -30.816140976  -52.099844759  -21.394517167
    0.349065850   -2.443460953  -40.898051583  -62.100343193  -21.729897504
    0.523598776   -2.443460953  -51.876288591  -61.783528577  -19.785248649
    0.698131701   -2.443460953  -61.706618134  -48.807179727  -16.336380767
    0.872664626   -2.443460953  -68.239050447  -24.580516339  -12.365599410
    1.047197551   -2.443460953  -69.950561913    5.250755474   -8.773280862
    1.221730476   -2.443460953  -66.543769821   32.764650856   -6.100753652
    1.396263402   -2.443460953  -59.056060533   51.138875060   -4.380393063
    1.570796327   -2.443460953  -49.419418305   57.229665142   -3.200420507
    1.745329252   -2.443460953  -39.751658099   51.900325623   -1.925940800
    1.919862177   -2.443460953  -31.783704537   38.346204797    0.028666984
    2.094395102   -2.443460953  -26.641943604   20.037863103    2.977139296
    2.268928028   -2.443460953  -24.909506114   -0.349170257    6.890366213
    2.443460953   -2.443460953  -26.760402007  -20.690723048   11.452101672
    2.617993878   -2.443460953  -31.987376905  -38.597079207   16.179645979
    2.792526803   -2.443460953  -39.912382154  -51.147288220   20.549922695
    2.967059728   -2.443460953  -49.342193473  -55.495469404   24.086263569

   -3.141592654   -2.268928028  -54.498171439  -48.445420292   21.322052746
   -2.967059728   -2.268928028  -61.990361606  -36.359122527   22.589141431
   -2.792526803   -2.268928028  -66.920588475  -19.838321457   22.555216342
   -2.617993878   -2.268928028  -68.935790795   -3.745765858   21.561407095
   -2.443460953   -2.268928028  -68.488410862    7.884540966   20.256774525
   -2.268928028   -2.268928028  -66.531229138   13.572639495   19.333982141
   -2.094395102   -2.268928028  -64.011537098   14.804704431   19.212089216
   -1.919862177   -2.268928028  -61.423549659   14.989156008   19.868068665
   -1.745329252   -2.268928028  -58.641493033   17.461292384   20.834537923
   -1.570796327   -2.268928028  -55.108493891   23.601043161   21.346992875
   -1.396263402   -2.268928028  -50.262620373   32.065932623   20.593416632
   -1.221730476   -2.268928028  -43.973587960   39.490843167   17.959668129
   -1.047197551   -2.268928028  -36.743940870   42.291399784   13.233385622
   -0.872664626   -2.268928028  -29.592785806   38.432958572    6.682443639
   -0.698131701   -2.268928028  -23.698021691   28.079786237   -1.019993078
   -0.523598776   -2.268928028  -20.050000951   13.083964615   -8.962249438
   -0.349065850   -2.268928028  -19.256308821   -4.257662791  -16.158810521
   -0.174532925   -2.268928028  -21.552981062  -22.055517791  -21.688165963
    0.000000000   -2.268928028  -26.884939904  -38.776505633  -24.837569272
    0.174532925   -2.268928028  -34.903995622  -52.445291970  -25.280195218
    0.349065850   -2.268928028  -44.829557134  -60.052818781  -23.232281392
    0.523598776   -2.268928028  -55.297301039  -58.142622544  -19.451250936
    0.698131701   -2.268928028  -64.430077276  -44.629624143  -15.046874614
    0.872664626   -2.268928028  -70.260743289  -20.847658724  -11.093519056
    1.047197551   -2.268928028  -71.406706425    7.946864588   -8.266940805
    1.221730476   -2.268928028  -67.627453463   34.372306529   -6.663798692
    1.396263402   -2.268928028  -59.926523227   52.067727368   -5.874284302
    1.570796327   -2.268928028  -50.140811847   58.113977125   -5.248396251
    1.745329252   -2.268928028  -40.278255698   53.327917004   -4.194596744
    1.919862177   -2.268928028  -31.985827454   40.662302006   -2.362875457
    2.094395102   -2.268928028  -26.356102804   23.289781980    0.305709009
    2.268928028   -2.268928028  -23.987146556    3.639222542    3.665940727
    2.443460953   -2.268928028  -25.101578479  -16.311789146    7.483184624
    2.617993878   -2.268928028  -29.558600525  -34.229268480   11.491363334
    2.792526803   -2.268928028  -36.753536037  -47.221787930   15.389936537
    2.967059728   -2.268928028  -45.568713687  -52.447604489   18.808852710

   -3.141592654   -2.094395102  -51.349247199  -46.482199145   14.455302648
   -2.967059728   -2.094395102  -58.602680091  -35.613398397   15.888260622
   -2.792526803   -2.094395102  -63.508169261  -20.258229963   16.217204321
   -2.617993878   -2.094395102  -65.666988824   -4.870969706   15.612514649
   -2.443460953   -2.094395102  -65.428309849    6.734802272   14.582932988
   -2.268928028   -2.094395102  -63.630453479   12.964965665   13.721300264
   -2.094395102   -2.094395102  -61.152989086   14.920567204   13.371430012
   -1.919862177   -2.094395102  -58.500341645   15.531601670   13.443703142
   -1.745329252   -2.094395102  -55.633137580   17.765492455   13.432526443
   -1.570796327   -2.094395102  -52.126314535   22.874249308   12.611484398
   -1.396263402   -2.094395102  -47.546647406   29.663191212   10.329969180
   -1.221730476   -2.094395102  -41.846272366   35.140945839    6.259865535
   -1.047197551   -2.094395102  -35.535256675   36.189122002    0.522563550
   -0.872664626   -2.094395102  -29.561739353   31.173421801   -6.342908091
   -0.698131701   -2.094395102  -24.975414526   20.502641673  -13.544826246
   -0.523598776   -2.094395102  -22.610630105    6.110570827  -20.211152062
   -0.349065850   -2.094395102  -22.915960567   -9.738257761  -25.514415186
   -0.174532925   -2.094395102  -25.983516282  -25.303084230  -28.745156608
    0.000000000   -2.094395102  -31.654071206  -39.371431021  -29.447418190
    0.174532925   -2.094395102  -39.547714717  -50.477397441  -27.605400653
    0.349065850   -2.094395102  -48.952067694  -56.201503427  -23.788714118
    0.523598776   -2.094395102  -58.663907269  -53.534478507  -19.066723305
    0.698131701   -2.094395102  -67.014106024  -40.442064427  -14.674764742
    0.872664626   -2.094395102  -72.212968619  -17.874054807  -11.528014329
    1.047197551   -2.094395102  -72.961950872    9.551488587   -9.881908618
    1.221730476   -2.094395102  -68.993680251   35.037109713   -9.322866161
    1.396263402   -2.094395102  -61.207137352   52.501349420   -9.076078009
    1.570796327   -2.094395102  -51.317409711   58.949803705   -8.422550733
    1.745329252   -2.094395102  -41.246640070   54.901694237   -6.998590763
    1.919862177   -2.094395102  -32.611770929   42.985230164   -4.830909789
    2.094395102   -2.094395102  -26.523063886   26.179343937   -2.193202147
    2.268928028   -2.094395102  -23.615719712    6.881675396    0.627965701
    2.443460953   -2.094395102  -24.144937115  -12.875912699    3.491186451
    2.617993878   -2.094395102  -27.993928641  -30.724976914    6.389234702
    2.792526803   -2.094395102  -34.585266144  -43.852499583    9.320040215
    2.967059728   -2.094395102  -42.848783444  -49.565918124   12.128426164

   -3.141592654   -1.919862177  -49.502883220  -44.662009800    6.525102229
   -2.967059728   -1.919862177  -56.504971819  -34.604214198    7.934120808
   -2.792526803   -1.919862177  -61.316496279  -20.183110982    8.682898678
   -2.617993878   -1.919862177  -63.527886895   -5.483862824    8.720002573
   -2.443460953   -1.919862177  -63.421706450    5.917306100    8.281333793
   -2.268928028   -1.919862177  -61.752000876   12.365156282    7.718258701
   -2.094395102   -1.919862177  -59.350300233   14.635746926    7.224364602
   -1.919862177   -1.919862177  -56.740720634   15.241646150    6.664098607
   -1.745329252   -1.919862177  -53.968462620   16.853036927    5.585119555
   -1.570796327   -1.919862177  -50.723916877   20.688924113    3.405254404
   -1.396263402   -1.919862177  -46.668375266   25.810780917   -0.298324983
   -1.221730476   -1.919862177  -41.785529612   29.670930021   -5.556850793
   -1.047197551   -1.919862177  -36.537135159   29.599127171  -11.940287216
   -0.872664626   -1.919862177  -31.756106467   24.247587993  -18.669859893
   -0.698131701   -1.919862177  -28.345264238   14.106421278  -24.855160131
   -0.523598776   -1.919862177  -26.992155865    1.034484905  -29.689218379
   -0.349065850   -1.919862177  -28.019364823  -12.840339143  -32.567128878
   -0.174532925   -1.919862177  -31.422445462  -25.996951772  -33.114075083
    0.000000000   -1.919862177  -36.995924186  -37.590645288  -31.282453497
    0.174532925   -1.919862177  -44.392358226  -46.685651853  -27.477835190
    0.349065850   -1.919862177  -53.029409977  -51.397631108  -22.617371862
    0.523598776   -1.919862177  -61.907227424  -48.985772645  -17.935220067
    0.698131701   -1.919862177  -69.565620390  -37.188353229  -14.550129491
    0.872664626   -1.919862177  -74.342801759  -16.291214842  -12.976164391
    1.047197551   -1.919862177  -74.936939715    9.860256181  -12.901975535
    1.221730476   -1.919862177  -70.962751168   34.951977217  -13.393549555
    1.396263402   -1.919862177  -63.159383069   52.893263103  -13.412549241
    1.570796327   -1.919862177  -53.121384508   60.279834138  -12.318305513
    1.745329252   -1.919862177  -42.737137789   57.112516782  -10.103173450
    1.919862177   -1.919862177  -33.667365895   45.668760792   -7.249115975
    2.094395102   -1.919862177  -27.102165026   28.882200013   -4.399222882
    2.268928028   -1.919862177  -23.740898044    9.357997494   -2.004899876
    2.443460953   -1.919862177  -23.857124784  -10.601043453   -0.141416823
    2.617993878   -1.919862177  -27.313732293  -28.473482017    1.424949926
    2.792526803   -1.919862177  -33.505696335  -41.524866091    3.012527397
    2.967059728   -1.919862177  -41.364837937  -47.308405027    4.765155372

   -3.141592654   -1.745329252  -49.059027592  -43.247709541   -1.419344561
   -2.967059728   -1.745329252  -55.827366292  -33.403768782   -0.163058969
   -2.792526803   -1.745329252  -60.469797629  -19.478399089    1.026441310
   -2.617993878   -1.745329252  -62.606338088   -5.321018633    1.860825570
   -2.443460953   -1.745329252  -62.508375666    5.697800822    2.224666376
   -2.268928028   -1.745329252  -60.896991083   11.938450727    2.135603989
   -2.094395102   -1.745329252  -58.587136517   13.987670575    1.586080773
   -1.919862177   -1.745329252  -56.129531215   14.081683467    0.410343350
   -1.745329252   -1.745329252  -53.638729873   14.704289630   -1.725555757
   -1.570796327   -1.745329252  -50.888433100   17.121721702   -5.185523188
   -1.396263402   -1.745329252  -47.590598692   20.711587142  -10.123388543
   -1.221730476   -1.745329252  -43.708662857   23.395153685  -16.277958128
   -1.047197551   -1.745329252  -39.604535913   22.916029611  -22.940424675
   -0.872664626   -1.745329252  -35.956511479   18.109662864  -29.123265336
   -0.698131701   -1.745329252  -33.504647005    9.390289536  -33.856051043
   -0.523598776   -1.745329252  -32.803146458   -1.639482966  -36.423771870
   -0.349065850   -1.745329252  -34.093013940  -13.148705339  -36.507328596
   -0.174532925   -1.745329252  -37.341733048  -23.951735785  -34.175456173
    0.000000000   -1.745329252  -42.379847777  -33.605236250  -29.901348063
    0.174532925   -1.745329252  -48.971662067  -41.631258951  -24.560611059
    0.349065850   -1.745329252  -56.720729604  -46.488982870  -19.349137147
    0.523598776   -1.745329252  -64.844227056  -45.417751041  -15.489775298
    0.698131701   -1.745329252  -72.051523062  -35.630234340  -13.778152131
    0.872664626   -1.745329252  -76.724286009  -16.549354169  -14.185086859
    1.047197551   -1.745329252  -77.454545881    8.757440535  -15.814029368
    1.221730476   -1.745329252  -73.654380618   34.248790118  -17.299466405
    1.396263402   -1.745329252  -65.867847327   53.493090350  -17.466766601
    1.570796327   -1.745329252  -55.591682521   62.364514932  -15.846479301
    1.745329252   -1.745329252  -44.746403022   60.180955055  -12.810020377
    1.919862177   -1.745329252  -35.114974810   48.886983746   -9.262240182
    2.094395102   -1.745329252  -28.029337136   31.527240102   -6.171487304
    2.268928028   -1.745329252  -24.281539487   11.129526687   -4.142698444
    2.443460953   -1.745329252  -24.155402391   -9.537509332   -3.223357163
    2.617993878   -1.745329252  -27.456452259  -27.669696692   -3.001371758
    2.792526803   -1.745329252  -33.498840015  -40.557720053   -2.878935479
    2.967059728   -1.745329252  -41.161305072  -46.028444993   -2.393444277

   -3.141592654   -1.570796327  -49.906547087  -42.333736940   -8.016511232
   -2.967059728   -1.570796327  -56.472073798  -32.061820999   -6.947817813
   -2.792526803   -1.570796327  -60.872690887  -18.120892552   -5.386099274
   -2.617993878   -1.570796327  -62.797728482   -4.306135927   -3.830856425
   -2.443460953   -1.570796327  -62.569160770    6.158149091   -2.738012382
   -2.268928028   -1.570796327  -60.934367536   11.735116520   -2.417527926
   -2.094395102   -1.570796327  -58.726598308   12.996773308   -3.062714788
   -1.919862177   -1.570796327  -56.526087066   12.083368722   -4.838313356
   -1.745329252   -1.570796327  -54.492630997   11.418406387   -7.923974056
   -1.570796327   -1.570796327  -52.442392227   12.377208641  -12.441492664
   -1.396263402   -1.570796327  -50.090763582   14.674329597  -18.280055643
   -1.221730476   -1.570796327  -47.332549192   16.692622387  -24.922476543
   -1.047197551   -1.570796327  -44.385301716   16.544629985  -31.434051618
   -0.872664626   -1.570796327  -41.740471710   13.155432995  -36.673274076
   -0.698131701   -1.570796327  -39.964809973    6.711798367  -39.636613756
   -0.523598776   -1.570796327  -39.498786651   -1.635458492  -39.747042518
   -0.349065850   -1.570796327  -40.556189368  -10.541873896  -37.019830562
   -0.174532925   -1.570796327  -43.158853186  -19.279133113  -32.010657172
    0.000000000   -1.570796327  -47.266313143  -27.795284339  -25.714312772
    0.174532925   -1.570796327  -52.832379951  -35.904226827  -19.403685510
    0.349065850   -1.570796327  -59.683372701  -42.121904841  -14.404193542
    0.523598776   -1.570796327  -67.236113344  -43.346025888  -11.752721506
    0.698131701   -1.570796327  -74.301586726  -36.025479403  -11.807283751
    0.872664626   -1.570796327  -79.208811072  -18.648635745  -14.008182936
    1.047197551   -1.570796327  -80.351671045    6.384051861  -17.016953720
    1.221730476   -1.570796327  -76.880183053   33.052021330  -19.236962840
    1.396263402   -1.570796327  -69.132519334   54.299167656  -19.510749475
    1.570796327   -1.570796327  -58.541321756   65.063119842  -17.575390144
    1.745329252   -1.570796327  -47.119309977   63.899778148  -14.094437459
    1.919862177   -1.570796327  -36.833964146   52.468803358  -10.244332398
    2.094395102   -1.570796327  -29.205045062   34.051712936   -7.178923520
    2.268928028   -1.570796327  -25.138930378   12.244601595   -5.586825852
    2.443460953   -1.570796327  -24.926942082   -9.585092585   -5.507003042
    2.617993878   -1.570796327  -28.293070508  -28.241756541   -6.430799718
    2.792526803   -1.570796327  -34.429587997  -40.957764346   -7.578988201
    2.967059728   -1.570796327  -42.111050347  -45.803318471   -8.238051750

   -3.141592654   -1.396263402  -51.684893235  -41.835294097  -11.894688121
   -2.967059728   -1.396263402  -58.077302320  -30.644749414  -10.987399303
   -2.792526803   -1.396263402  -62.185828913  -16.293122291   -9.257597902
   -2.617993878   -1.396263402  -63.800903609   -2.684046196   -7.348677307
   -2.443460953   -1.396263402  -63.346652470    7.052007773   -5.950649963
   -2.268928028   -1.396263402  -61.645415612   11.566498385   -5.587295275
   -2.094395102   -1.396263402  -59.574010941   11.583301165   -6.546424273
   -1.919862177   -1.396263402  -57.737441401    9.310513491   -8.939797536
   -1.745329252   -1.396263402  -56.312495254    7.214781293  -12.785288265
   -1.570796327   -1.396263402  -55.117212710    6.815198853  -17.991757199
   -1.396263402   -1.396263402  -53.828277598    8.155478601  -24.237804420
   -1.221730476   -1.396263402  -52.233154398   10.052003514  -30.823032489
   -1.047197551   -1.396263402  -50.372719858   10.931548979  -36.671912397
   -0.872664626   -1.396263402  -48.532333495    9.716735675  -40.581339064
   -0.698131701   -1.396263402  -47.106975041    6.222835282  -41.605004572
   -0.523598776   -1.396263402  -46.453362135    0.968332348  -39.375255862
   -0.349065850   -1.396263402  -46.818840755   -5.350777323  -34.265059668
   -0.174532925   -1.396263402  -48.361699498  -12.530020091  -27.269311433
    0.000000000   -1.396263402  -51.251431608  -20.826119260  -19.767977062
    0.174532925   -1.396263402  -55.684498524  -30.112041719  -13.226906581
    0.349065850   -1.396263402  -61.714320225  -38.657118436   -8.883782239
    0.523598776   -1.396263402  -68.911354937  -42.759718819   -7.440305048
    0.698131701   -1.396263402  -76.109647415  -38.002794291   -8.807829559
    0.872664626   -1.396263402  -81.504983111  -22.020331980  -12.052044205
    1.047197551   -1.396263402  -83.238515592    3.256399077  -15.664502692
    1.221730476   -1.396263402  -80.181737613   31.603485919  -18.097583358
    1.396263402   -1.396263402  -72.484860211   55.183799287  -18.382220657
    1.570796327   -1.396263402  -61.552731795   67.942825602  -16.461286311
    1.745329252   -1.396263402  -49.528035835   67.708476250  -13.133324424
    1.919862177   -1.396263402  -38.590527723   55.928962523   -9.615346449
    2.094395102   -1.396263402  -30.462195688   36.193954558   -7.034836583
    2.268928028   -1.396263402  -26.167901360   12.712947527   -6.038819040
    2.443460953   -1.396263402  -26.004121991  -10.511206121   -6.643445384
    2.617993878   -1.396263402  -29.603521798  -29.843502387   -8.323347857
    2.792526803   -1.396263402  -36.016464273  -42.386971638  -10.255688337
    2.967059728   -1.396263402  -43.881611789  -46.397681457  -11.625023809

   -3.141592654   -1.221730476  -53.829218583  -41.590394556  -12.113015525
   -2.967059728   -1.221730476  -60.078133596  -29.311871962  -11.403149789
   -2.792526803   -1.221730476  -63.897044322  -14.423753373   -9.902636202
   -2.617993878   -1.221730476  -65.193068714   -1.024168436   -8.279543558
   -2.443460953   -1.221730476  -64.518031367    7.829601072   -7.271351377
   -2.268928028   -1.221730476  -62.790934497   11.042814371   -7.429849641
   -2.094395102   -1.221730476  -60.937573131    9.601863264   -9.010156912
   -1.919862177   -1.221730476  -59.574148121    5.879387177  -12.026562876
   -1.745329252   -1.221730476  -58.868040634    2.436007345  -16.362251639
   -1.570796327   -1.221730476  -58.607675865    0.940427960  -21.782125235
   -1.396263402   -1.221730476  -58.401393514    1.743351957  -27.837212143
   -1.221730476   -1.221730476  -57.905245824    4.055489666  -33.735362819
   -1.047197551   -1.221730476  -56.967996219    6.549639438  -38.368289502
   -0.872664626   -1.221730476  -55.668579941    8.044512062  -40.596223797
   -0.698131701   -1.221730476  -54.250703891    7.852161287  -39.655719595
   -0.523598776   -1.221730476  -53.031244692    5.728423684  -35.473507667
   -0.349065850   -1.221730476  -52.353307370    1.645378090  -28.770862793
   -0.174532925   -1.221730476  -52.578096632   -4.674506507  -20.852575856
    0.000000000   -1.221730476  -54.132577028  -13.627824163  -13.245449661
    0.174532925   -1.221730476  -57.465390567  -24.888956445   -7.324791661
    0.349065850   -1.221730476  -62.820894820  -36.239420914   -4.003471820
    0.523598776   -1.221730476  -69.854756515  -43.261051095   -3.542451848
    0.698131701   -1.221730476  -77.351443413  -40.744447651   -5.476434606
    0.872664626   -1.221730476  -83.327911484  -25.693267980   -8.727870397
    1.047197551   -1.221730476  -85.670610856    0.181640706  -11.934540834
    1.221730476   -1.221730476  -83.006933762   30.300904949  -13.890320780
    1.396263402   -1.221730476  -75.346555079   56.052054810  -13.978414923
    1.570796327   -1.221730476  -64.101194664   70.515112724  -12.333905475
    1.745329252   -1.221730476  -51.551875866   70.946279728   -9.719812776
    1.919862177   -1.221730476  -40.076003763   58.682994037   -7.148722340
    2.094395102   -1.221730476  -31.572952726   37.635673799   -5.491288797
    2.268928028   -1.221730476  -27.165997182   12.565717469   -5.204784371
    2.443460953   -1.221730476  -27.149843547  -11.964119896   -6.245773568
    2.617993878   -1.221730476  -31.069412172  -31.921973701   -8.145122448
    2.792526803   -1.221730476  -37.839286042  -44.262512128  -10.196193137
    2.967059728   -1.221730476  -45.961507953  -47.374678612  -11.683620702

   -3.141592654   -1.047197551  -55.683471591  -41.518040930   -8.636479370
   -2.967059728   -1.047197551  -61.840584621  -28.391383249   -8.351151501
   -2.792526803   -1.047197551  -65.459504870  -13.157469182   -7.669067889
   -2.617993878   -1.047197551  -66.553988991   -0.095870344   -7.113455659
   -2.443460953   -1.047197551  -65.792315041    7.812514101   -7.243687582
   -2.268928028   -1.047197551  -64.177931768    9.739031344   -8.446371937
   -2.094395102   -1.047197551  -62.670611362    6.949678548  -10.843918595
   -1.919862177   -1.047197551  -61.880283027    1.990190005  -14.355297592
   -1.745329252   -1.047197551  -61.946916288   -2.485550935  -18.797315342
   -1.570796327   -1.047197551  -62.611922747   -4.667430563  -23.881781649
   -1.396263402   -1.047197551  -63.400580843   -3.921547930  -29.119454482
   -1.221730476   -1.047197551  -63.829297960   -0.694822519  -33.716535563
   -1.047197551   -1.047197551  -63.558794556    3.839697031  -36.645473774
   -0.872664626   -1.047197551  -62.484257835    8.279964260  -36.962426655
   -0.698131701   -1.047197551  -60.741159986   11.328675019  -34.209208350
   -0.523598776   -1.047197551  -58.663876835   11.932508379  -28.665687284
   -0.349065850   -1.047197551  -56.747975531    9.387103658  -21.343877877
   -0.174532925   -1.047197551  -55.596517985    3.097895404  -13.678386128
    0.000000000   -1.047197551  -55.896500083   -7.234493637   -7.080933110
    0.174532925   -1.047197551  -58.308890328  -20.849267342   -2.571918390
    0.349065850   -1.047197551  -63.195185318  -34.908649818   -0.559022606
    0.523598776   -1.047197551  -70.214666868  -44.324115635   -0.821850079
    0.698131701   -1.047197551  -78.045535909  -43.329033253   -2.626469029
    0.872664626   -1.047197551  -84.520539181  -28.626694552   -4.969837028
    1.047197551   -1.047197551  -87.320646577   -1.974872501   -6.891819147
    1.221730476   -1.047197551  -84.909258507   29.621208830   -7.744829548
    1.396263402   -1.047197551  -77.227774358   56.926893813   -7.374950559
    1.570796327   -1.047197551  -65.726814688   72.442155122   -6.089110153
    1.745329252   -1.047197551  -52.807316709   73.113974221   -4.482012148
    1.919862177   -1.047197551  -40.991389661   60.297415796   -3.177640605
    2.094395102   -1.047197551  -32.294552698   38.188489271   -2.616289641
    2.268928028   -1.047197551  -27.894673079   11.948059326   -2.953836385
    2.443460953   -1.047197551  -28.071648755  -13.484207611   -4.062043024
    2.617993878   -1.047197551  -32.298638604  -33.823011429   -5.598232145
    2.792526803   -1.047197551  -39.388519583  -45.928426269   -7.125763867
    2.967059728   -1.047197551  -47.742069724  -48.287961741   -8.228486091

   -3.141592654   -0.872664626  -56.680012318  -41.753505626   -2.538620649
   -2.967059728   -0.872664626  -62.853592361  -28.383319584   -3.095387754
   -2.792526803   -0.872664626  -66.472188568  -13.223670262   -3.874311802
   -2.617993878   -0.872664626  -67.614441231   -0.642148393   -5.067285324
   -2.443460953   -0.872664626  -67.015586327    6.451353078   -6.856429450
   -2.268928028   -0.872664626  -65.721886269    7.420220530   -9.333379498
   -2.094395102   -0.872664626  -64.700637208    3.717351876  -12.466110166
   -1.919862177   -0.872664626  -64.543764857   -2.008660038  -16.144121399
   -1.745329252   -0.872664626  -65.360578898   -7.037811785  -20.214938242
   -1.570796327   -0.872664626  -66.844089362   -9.417888217  -24.423404701
   -1.396263402   -0.872664626  -68.435803579   -8.248097874  -28.306893735
   -1.221730476   -0.872664626  -69.518732446   -3.701337688  -31.140601061
   -1.047197551   -0.872664626  -69.588518175    3.087001433  -32.075558987
   -0.872664626   -0.872664626  -68.400777129   10.373776767  -30.471999827
   -0.698131701   -0.872664626  -66.043537982   16.194277871  -26.252412248
   -0.523598776   -0.872664626  -62.930953771   18.740864467  -20.044562327
   -0.349065850   -0.872664626  -59.752777461   16.795985280  -13.039630247
   -0.174532925   -0.872664626  -57.359744409    9.696923246   -6.611337402
    0.000000000   -0.872664626  -56.659430402   -2.506248769   -1.849862600
    0.174532925   -0.872664626  -58.447467253  -18.443570069    0.735328104
    0.349065850   -0.872664626  -63.107013297  -34.641607609    1.302145440
    0.523598776   -0.872664626  -70.219293947  -45.515044424    0.512876966
    0.698131701   -0.872664626  -78.319587303  -45.070676135   -0.743810012
    0.872664626   -0.872664626  -85.083346974  -30.082177020   -1.680074273
    1.047197551   -0.872664626  -88.069409431   -2.605518520   -1.861505572
    1.221730476   -0.872664626  -85.683856615   29.927775868   -1.278359129
    1.396263402   -0.872664626  -77.883653180   57.909000627   -0.259080814
    1.570796327   -0.872664626  -66.185468460   73.633942033    0.750283248
    1.745329252   -0.872664626  -53.073598033   74.056998404    1.391642495
    1.919862177   -0.872664626  -41.138503624   60.688903961    1.506006460
    2.094395102   -0.872664626  -32.429331077   37.941707133    1.146986754
    2.268928028   -0.872664626  -28.121874999   11.165507122    0.491010729
    2.443460953   -0.872664626  -28.466846975  -14.579834257   -0.261110723
    2.617993878   -0.872664626  -32.893607191  -34.974234785   -0.959297172
    2.792526803   -0.872664626  -40.171306089  -46.895194611   -1.551569295
    2.967059728   -0.872664626  -48.664983225  -48.904418918   -2.057465676

   -3.141592654   -0.698131701  -56.521415023  -42.636515137    4.226754960
   -2.967059728   -0.698131701  -62.896603412  -29.810437745    2.408228231
   -2.792526803   -0.698131701  -66.811522820  -15.182691622   -0.249624759
   -2.617993878   -0.698131701  -68.339251011   -3.089265615   -3.478128070
   -2.443460953   -0.698131701  -68.205710094    3.577941234   -6.984535536
   -2.268928028   -0.698131701  -67.444832316    4.203123703  -10.543352813
   -2.094395102   -0.698131701  -67.008557296    0.244095122  -14.026622543
   -1.919862177   -0.698131701  -67.474218975   -5.655980464  -17.394881488
   -1.745329252   -0.698131701  -68.934103188  -10.725265141  -20.617495587
   -1.570796327   -0.698131701  -71.044203946  -12.839714709  -23.531168509
   -1.396263402   -0.698131701  -73.170636194  -10.839683727  -25.737848833
   -1.221730476   -0.698131701  -74.579391814   -4.712968458  -26.626711697
   -1.047197551   -0.698131701  -74.638366704    4.309127216  -25.590428866
   -0.872664626   -0.698131701  -73.022228714   14.040702750  -22.345259382
   -0.698131701   -0.698131701  -69.838889751   21.859524154  -17.190054818
   -0.523598776   -0.698131701  -65.636618126   25.354588412  -11.014740728
   -0.349065850   -0.698131701  -61.317673995   23.031262162   -5.037105274
   -0.174532925   -0.698131701  -57.954923851   14.418588581   -0.406219264
    0.000000000   -0.698131701  -56.609692153    0.115778369    2.214229401
    0.174532925   -0.698131701  -58.120250528  -17.814865347    2.835163723
    0.349065850   -0.698131701  -62.797823271  -35.335263108    2.100154587
    0.523598776   -0.698131701  -70.078143242  -46.590819418    0.989233623
    0.698131701   -0.698131701  -78.336516496  -45.695629126    0.430141933
    0.872664626   -0.698131701  -85.134651917  -29.830065679    0.937167572
    1.047197551   -0.698131701  -88.001332524   -1.551000457    2.434539672
    1.221730476   -0.698131701  -85.392405919   31.329034226    4.365215345
    1.396263402   -0.698131701  -77.358327125   59.099124656    6.008060351
    1.570796327   -0.698131701  -65.501169069   74.227122840    6.841392547
    1.745329252   -0.698131701  -52.345561847   73.975953862    6.757461470
    1.919862177   -0.698131701  -40.470735645   60.131803405    6.028949741
    2.094395102   -0.698131701  -31.876854789   37.234388303    5.143624970
    2.268928028   -0.698131701  -27.683968646   10.597428777    4.545762256
    2.443460953   -0.698131701  -28.105171342  -14.876778248    4.453513902
    2.617993878   -0.698131701  -32.564056397  -35.075348216    4.777940536
    2.792526803   -0.698131701  -39.857634793  -47.021801090    5.150247422
    2.967059728   -0.698131701  -48.394975269  -49.314690886    5.094033351

   -3.141592654   -0.523598776  -55.284889093  -44.511683917    9.485784022
   -2.967059728   -0.523598776  -62.101147648  -32.936511334    6.256263498
   -2.792526803   -0.523598776  -66.641762691  -19.134213358    1.808361687
   -2.617993878   -0.523598776  -68.891662526   -7.322212097   -3.130191920
   -2.443460953   -0.523598776  -69.487202190   -0.485404616   -7.849715090
   -2.268928028   -0.523598776  -69.401660472    0.548200623  -11.906694584
   -2.094395102   -0.523598776  -69.564207417   -2.972600222  -15.188949765
   -1.919862177   -0.523598776  -70.558155860   -8.505821242  -17.815009124
   -1.745329252   -0.523598776  -72.484569548  -13.203437406  -19.916330947
   -1.570796327   -0.523598776  -74.979625065  -14.709724606  -21.423434297
   -1.396263402   -0.523598776  -77.345338060  -11.612824231  -21.993844966
   -1.221730476   -0.523598776  -78.751588049   -3.820935603  -21.133750189
   -1.047197551   -0.523598776  -78.482439077    7.205886018  -18.487211031
   -0.872664626   -0.523598776  -76.193459862   18.777359020  -14.112616357
   -0.698131701   -0.523598776  -72.072660964   27.694238303   -8.614589364
   -0.523598776   -0.523598776  -66.837212775   31.158264375   -3.017988534
   -0.349065850   -0.523598776  -61.593524101   27.648904025    1.574765273
   -0.174532925   -0.523598776  -57.587600611   17.089972806    4.338152542
    0.000000000   -0.523598776  -55.958700440    0.728604869    5.035495838
    0.174532925   -0.523598776  -57.504905885  -18.696154135    4.093299462
    0.349065850   -0.523598776  -62.394944929  -36.705492326    2.469714190
    0.523598776   -0.523598776  -69.878141784  -47.392599884    1.293074294
    0.698131701   -0.523598776  -78.172352051  -45.242853339    1.425939384
    0.872664626   -0.523598776  -84.773604836  -28.083705389    3.112213210
    1.047197551   -0.523598776  -87.260874094    0.905928234    5.876371219
    1.221730476   -0.523598776  -84.224662618   33.612162130    8.765111502
    1.396263402   -0.523598776  -75.864140157   60.464170152   10.823427910
    1.570796327   -0.523598776  -63.873193953   74.402445903   11.532198489
    1.745329252   -0.523598776  -50.775233104   73.218066708   11.003666993
    1.919862177   -0.523598776  -39.071988442   59.040573775    9.828958656
    2.094395102   -0.523598776  -30.650827759   36.439306127    8.783736909
    2.268928028   -0.523598776  -26.539692586   10.490078261    8.456308305
    2.443460953   -0.523598776  -26.917062677  -14.301164369    9.015254139
    2.617993878   -0.523598776  -31.243221479  -34.229096640   10.135072098
    2.792526803   -0.523598776  -38.412111576  -46.557159040   11.094665945
    2.967059728   -0.523598776  -46.948712243  -49.854859237   11.071609467

   -3.141592654   -0.349065850  -53.389238477  -47.473509763   11.589356146
   -2.967059728   -0.349065850  -60.873323815  -37.521831192    7.250520332
   -2.792526803   -0.349065850  -66.300355198  -24.545651084    1.695856900
   -2.617993878   -0.349065850  -69.498541801  -12.629757523   -4.043896536
   -2.443460953   -0.349065850  -70.957947020   -4.996354439   -9.045883494
   -2.268928028   -0.349065850  -71.568243416   -2.908231929  -12.830364155
   -2.094395102   -0.349065850  -72.248752205   -5.493354732  -15.413472094
   -1.919862177   -0.349065850  -73.619830696  -10.345100283  -17.099595680
   -1.745329252   -0.349065850  -75.817572346  -14.465801506  -18.145469890
   -1.570796327   -0.349065850  -78.470110131  -15.190829531  -18.512254054
   -1.396263402   -0.349065850  -80.820746879  -10.872816989  -17.856489819
   -1.221730476   -0.349065850  -81.960735516   -1.458423793  -15.761761291
   -1.047197551   -0.349065850  -81.131205233   11.240449846  -12.083046764
   -0.872664626   -0.349065850  -78.023380146   24.006446546   -7.159377833
   -0.698131701   -0.349065850  -72.950467978   33.189375754   -1.806803868
   -0.523598776   -0.349065850  -66.811770553   35.838579063    2.926024820
   -0.349065850   -0.349065850  -60.889359064   30.629294885    6.135208951
   -0.174532925   -0.349065850  -56.542934082   17.999088865    7.340125786
    0.000000000   -0.349065850  -54.920316860   -0.160419754    6.664720997
    0.174532925   -0.349065850  -56.719382364  -20.526981795    4.807895198
    0.349065850   -0.349065850  -61.927665790  -38.325976975    2.862629394
    0.523598776   -0.349065850  -69.596785930  -47.770005978    1.946034505
    0.698131701   -0.349065850  -77.806390747  -43.880982900    2.771526271
    0.872664626   -0.349065850  -84.032136506  -25.255303776    5.336385032
    1.047197551   -0.349065850  -85.961455412    4.276534741    8.895173071
    1.221730476   -0.349065850  -82.372036433   36.401843151   12.283789444
    1.396263402   -0.349065850  -73.637848927   61.872780239   14.475304391
    1.570796327   -0.349065850  -61.537693633   74.289409116   15.021007831
    1.745329252   -0.349065850  -48.559646858   72.079270010   14.200524293
    1.919862177   -0.349065850  -37.084390864   57.719903836   12.785536392
    2.094395102   -0.349065850  -28.850873015   35.716802020   11.675066741
    2.268928028   -0.349065850  -24.780944178   10.762557790   11.479512002
    2.443460953   -0.349065850  -25.031035013  -13.185445592   12.281483043
    2.617993878   -0.349065850  -29.134372676  -32.938567373   13.587863389
    2.792526803   -0.349065850  -36.130200597  -46.026048494   14.488289504
    2.967059728   -0.349065850  -44.702671898  -50.900864137   14.021244376

   -3.141592654   -0.174532925  -51.447341880  -51.243452827   10.063935240
   -2.967059728   -0.174532925  -59.735028984  -42.820485004    5.333510970
   -2.792526803   -0.174532925  -66.149808122  -30.374220723   -0.236825559
   -2.617993878   -0.174532925  -70.332427755  -17.920720352   -5.577985432
   -2.443460953   -0.174532925  -72.613430906   -9.050135135   -9.832511125
   -2.268928028   -0.174532925  -73.810031854   -5.596030080  -12.680138292
   -2.094395102   -0.174532925  -74.860835774   -7.119931126  -14.331536524
   -1.919862177   -0.174532925  -76.452470526  -11.296377957  -15.227181023
   -1.745329252   -0.174532925  -78.769174350  -14.864809466  -15.638074126
   -1.570796327   -0.174532925  -81.426877166  -14.779630080  -15.440167851
   -1.396263402   -0.174532925  -83.602526664   -9.198052272  -14.199816204
   -1.221730476   -0.174532925  -84.316810232    1.765156077  -11.513901556
   -1.047197551   -0.174532925  -82.799347061   15.831477307   -7.386755791
   -0.872664626   -0.174532925  -78.819798825   29.254986799   -2.370342953
   -0.698131701   -0.174532925  -72.846723470   38.070148852    2.577160793
   -0.523598776   -0.174532925  -65.960099020   39.386790472    6.435904913
   -0.349065850   -0.174532925  -59.581346614   32.250359906    8.508066821
   -0.174532925   -0.174532925  -55.126567239   17.663509701    8.618019430
    0.000000000   -0.174532925  -53.696679627   -1.904438080    7.166764874
    0.174532925   -0.174532925  -55.852409725  -22.680697133    5.014448729
    0.349065850   -0.174532925  -61.388150722  -39.740083918    3.269766727
    0.523598776   -0.174532925  -69.169566939  -47.541303860    2.937255854
    0.698131701   -0.174532925  -77.168878520  -41.727436395    4.530711406
    0.872664626   -0.174532925  -82.882371296  -21.687529587    7.819818141
    1.047197551   -0.174532925  -84.144131376    8.141918577   11.880554178
    1.221730476   -0.174532925  -79.943457484   39.362920906   15.466927300
    1.396263402   -0.174532925  -70.831613134   63.172723515   17.584653731
    1.570796327   -0.174532925  -58.656914532   73.912834268   17.886403371
    1.745329252   -0.174532925  -45.848221428   70.658948874   16.760470812
    1.919862177   -0.174532925  -34.644340080   56.193397081   15.044318912
    2.094395102   -0.174532925  -26.625775379   34.884503978   13.638875150
    2.268928028   -0.174532925  -22.611322638   10.967533885   13.108271724
    2.443460953   -0.174532925  -22.749379213  -12.196322816   13.469582498
    2.617993878   -0.174532925  -26.665006739  -31.938298858   14.187069769
    2.792526803   -0.174532925  -33.557705138  -46.010190160   14.370037698
    2.967059728   -0.174532925  -42.274785804  -52.665860673   13.146609927

   -3.141592654    0.000000000  -50.039387491  -55.223563843    5.704608847
   -2.967059728    0.000000000  -59.122492272  -47.811785393    1.455091431
   -2.792526803    0.000000000  -66.428543265  -35.422364435   -3.031794929
   -2.617993878    0.000000000  -71.428963703  -22.116044821   -6.924885205
   -2.443460953    0.000000000  -74.329325049  -11.921609054   -9.683173846
   -2.268928028    0.000000000  -75.915485286   -7.245336033  -11.282458896
   -2.094395102    0.000000000  -77.179745641   -8.001570752  -12.120445096
   -1.919862177    0.000000000  -78.889418724  -11.806341888  -12.659739056
   -1.745329252    0.000000000  -81.266445788  -15.006256429  -13.037177809
   -1.570796327    0.000000000  -83.888385305  -14.132609861  -12.918956727
   -1.396263402    0.000000000  -85.842611538   -7.224544771  -11.702843270
   -1.221730476    0.000000000  -86.076907567    5.288386629   -8.952617203
   -1.047197551    0.000000000  -83.831400789   20.545660952   -4.781396991
   -0.872664626    0.000000000  -78.987434783   34.272746782    0.086192008
   -0.698131701    0.000000000  -72.190819892   42.309058406    4.578899138
   -0.523598776    0.000000000  -64.696623138   41.999388067    7.708241175
   -0.349065850    0.000000000  -58.032588773   32.894914559    8.946941154
   -0.174532925    0.000000000  -53.623261727   16.585711589    8.364791993
    0.000000000    0.000000000  -52.480254162   -3.961197327    6.576604193
    0.174532925    0.000000000  -55.004413422  -24.658295869    4.550200982
    0.349065850    0.000000000  -60.799067604  -40.568517343    3.364279834
    0.523598776    0.000000000  -68.567668354  -46.501264592    3.871436516
    0.698131701    0.000000000  -76.211971855  -38.767195555    6.364329586
    0.872664626    0.000000000  -81.287935374  -17.516620702   10.389714319
    1.047197551    0.000000000  -81.803494385   12.299503161   14.881766115
    1.221730476    0.000000000  -76.968061362   42.314124621   18.567961579
    1.396263402    0.000000000  -67.500479918   64.250151513   20.523511608
    1.570796327    0.000000000  -55.300860010   73.204452605   20.499655574
    1.745329252    0.000000000  -42.724364936   68.855522346   18.946145641
    1.919862177    0.000000000  -31.863088437   54.227355293   16.699545310
    2.094395102    0.000000000  -24.144509313   33.508203510   14.608245106
    2.268928028    0.000000000  -20.293721972   10.470014463   13.184491316
    2.443460953    0.000000000  -20.457348107  -12.078212840   12.443067443
    2.617993878    0.000000000  -24.347539540  -31.905868519   11.941783972
    2.792526803    0.000000000  -31.303642582  -46.902667576   10.993319531
    2.967059728    0.000000000  -40.304091594  -55.077676188    8.987735534

   -3.141592654    0.174532925  -49.515236379  -58.730575032    0.246581342
   -2.967059728    0.174532925  -59.243628556  -51.584368315   -2.814072428
   -2.792526803    0.174532925  -67.181783028  -38.778451690   -5.502704169
   -2.617993878    0.174532925  -72.691672676  -24.537874694   -7.415853652
   -2.443460953    0.174532925  -75.923137090  -13.317438559   -8.465504899
   -2.268928028    0.174532925  -77.686666313   -7.964147164   -8.952940854
   -2.094395102    0.174532925  -79.054808060   -8.548863272   -9.381869728
   -1.919862177    0.174532925  -80.867253790  -12.439662868  -10.096821441
   -1.745329252    0.174532925  -83.348211771  -15.479552831  -10.970846928
   -1.570796327    0.174532925  -85.992539920  -13.788207888  -11.385411925
   -1.396263402    0.174532925  -87.765840586   -5.408412276  -10.552418157
   -1.221730476    0.174532925  -87.536989161    8.754722036   -8.011835173
   -1.047197551    0.174532925  -84.575196699   25.148579542   -3.988465543
   -0.872664626    0.174532925  -78.902272290   38.973464972    0.633376289
   -0.698131701    0.174532925  -71.359803946   45.980296673    4.684964717
   -0.523598776    0.174532925  -63.372827298   43.890885761    7.209806724
   -0.349065850    0.174532925  -56.548231700   32.870951213    7.828386229
   -0.174532925    0.174532925  -52.280053814   15.114967773    6.818200174
    0.000000000    0.174532925  -51.456619028   -5.980841601    4.974807353
    0.174532925    0.174532925  -54.302073631  -26.138962476    3.353455506
    0.349065850    0.174532925  -60.235382518  -40.544877230    2.985229000
    0.523598776    0.174532925  -67.826097018  -44.461074350    4.546918679
    0.698131701    0.174532925  -74.945853541  -34.904804076    8.085329566
    0.872664626    0.174532925  -79.250116387  -12.734036688   12.909797626
    1.047197551    0.174532925  -78.944776494   16.701763806   17.817900936
    1.221730476    0.174532925  -73.461819180   45.183299895   21.536069223
    1.396263402    0.174532925  -63.673994290   65.020754753   23.230102247
    1.570796327    0.174532925  -51.515941682   72.048867975   22.756165453
    1.745329252    0.174532925  -39.260171075   66.482233309   20.611943065
    1.919862177    0.174532925  -28.854516619   51.524151132   17.613016808
    2.094395102    0.174532925  -21.583694057   31.168222454   14.547290588
    2.268928028    0.174532925  -18.086315536    8.765791095   11.897100261
    2.443460953    0.174532925  -18.502006868  -13.325988185    9.735389658
    2.617993878    0.174532925  -22.604802133  -33.189806381    7.804567146
    2.792526803    0.174532925  -29.828363533  -48.763428782    5.718788989
    2.967059728    0.174532925  -39.229054456  -57.817480260    3.196631624

   -3.141592654    0.349065850  -49.900657365  -61.244950052   -4.422472817
   -2.967059728    0.349065850  -60.034195244  -53.647811755   -5.995328445
   -2.792526803    0.349065850  -68.271805318  -40.111380414   -6.769670991
   -2.617993878    0.349065850  -73.946373169  -25.110027913   -6.809546797
   -2.443460953    0.349065850  -77.231592198  -13.434193759   -6.461276630
   -2.268928028    0.349065850  -79.013684955   -8.149436106   -6.270462579
   -2.094395102    0.349065850  -80.453816569   -9.232734682   -6.728258379
   -1.919862177    0.349065850  -82.433474319  -13.623382377   -7.957126621
   -1.745329252    0.349065850  -85.127841480  -16.608588324   -9.524708700
   -1.570796327    0.349065850  -87.900381593  -13.974763563  -10.559462480
   -1.396263402    0.349065850  -89.567680423   -3.923708243  -10.162394719
   -1.221730476    0.349065850  -88.920664037   12.012694677   -7.915017395
   -1.047197551    0.349065850  -85.278916957   29.513379138   -4.172407043
   -0.872664626    0.349065850  -78.830461248   43.283231644    0.054211667
   -0.698131701    0.349065850  -70.625662159   49.094804366    3.555720324
   -0.523598776    0.349065850  -62.250566594   45.168149244    5.456719672
   -0.349065850    0.349065850  -55.364101552   32.366543670    5.548319176
   -0.174532925    0.349065850  -51.294603821   13.495115316    4.306833630
    0.000000000    0.349065850  -50.777819875   -7.688724718    2.680516665
    0.174532925    0.349065850  -53.848720586  -26.844071516    1.772885283
    0.349065850    0.349065850  -59.753800116  -39.420526527    2.516665420
    0.523598776    0.349065850  -66.963702647  -41.241638743    5.354700998
    0.698131701    0.349065850  -73.366812575  -30.063560028   10.037320391
    0.872664626    0.349065850  -76.761471275   -7.373446376   15.614529506
    1.047197551    0.349065850  -75.574417712   21.229554798   20.763503773
    1.221730476    0.349065850  -69.456498300   47.805171974   24.262909541
    1.396263402    0.349065850  -59.414030282   65.309188892   25.431411256
    1.570796327    0.349065850  -47.394125269   70.277187260   24.282502536
    1.745329252    0.349065850  -35.576399529   63.376414038   21.390079462
    1.919862177    0.349065850  -25.767601814   47.922642123   17.557276059
    2.094395102    0.349065850  -19.119911619   27.711680651   13.514010810
    2.268928028    0.349065850  -16.189635043    5.740089365    9.718615748
    2.443460953    0.349065850  -17.097107693  -15.967685463    6.316046379
    2.617993878    0.349065850  -21.643988745  -35.679507675    3.241310760
    2.792526803    0.349065850  -29.305187293  -51.312717018    0.397341751
    2.967059728    0.349065850  -39.160092122  -60.450773455   -2.212200203

   -3.141592654    0.523598776  -50.934571206  -62.579057578   -7.053420740
   -2.967059728    0.523598776  -61.220835376  -54.052794365   -7.290518109
   -2.792526803    0.523598776  -69.454735445  -39.702445381   -6.581639809
   -2.617993878    0.523598776  -75.014012251  -24.279037757   -5.348072779
   -2.443460953    0.523598776  -78.160083665  -12.772308055   -4.214106213
   -2.268928028    0.523598776  -79.884546810   -8.227074398   -3.811890409
   -2.094395102    0.523598776  -81.424940259  -10.305387483   -4.510349396
   -1.919862177    0.523598776  -83.662591681  -15.410768889   -6.190461696
   -1.745329252    0.523598776  -86.675740361  -18.309635111   -8.198095415
   -1.570796327    0.523598776  -89.664127553  -14.588695571   -9.563271776
   -1.396263402    0.523598776  -91.288832407   -2.756090312   -9.433884755
   -1.221730476    0.523598776  -90.277936328   14.940449018   -7.522916965
   -1.047197551    0.523598776  -86.023906854   33.414973878   -4.304347296
   -0.872664626    0.523598776  -78.895665937   46.959090110   -0.817305770
   -0.698131701    0.523598776  -70.148916259   51.487122786    1.822485148
   -0.523598776    0.523598776  -61.507463446   45.809534986    2.934966126
   -0.349065850    0.523598776  -54.647393385   31.522511420    2.544391877
   -0.174532925    0.523598776  -50.796665895   12.006655888    1.323257099
    0.000000000    0.523598776  -50.516133837   -8.718564489    0.314182059
    0.174532925    0.523598776  -53.650643897  -26.397934519    0.570696261
    0.349065850    0.523598776  -59.300555372  -36.897100498    2.810420789
    0.523598776    0.523598776  -65.887236891  -36.699320041    7.135373837
    0.698131701    0.523598776  -71.373535224  -24.296502885   12.932922269
    0.872664626    0.523598776  -73.746676779   -1.673637774   18.994147158
    1.047197551    0.523598776  -71.670584654   25.522557266   23.941350963
    1.221730476    0.523598776  -64.997070069   49.789444697   26.715804897
    1.396263402    0.523598776  -54.829711885   64.783415778   26.905094385
    1.570796327    0.523598776  -43.092799894   67.675114102   24.771050026
    1.745329252    0.523598776  -31.855342621   59.468279696   21.012850685
    1.919862177    0.523598776  -22.783928765   43.499909088   16.432942178
    2.094395102    0.523598776  -16.909028575   23.353551763   11.692093783
    2.268928028    0.523598776  -14.710804588    1.734382976    7.197830445
    2.443460953    0.523598776  -16.280659290  -19.557972944    3.127106108
    2.617993878    0.523598776  -21.419384603  -38.871177449   -0.460297780
    2.792526803    0.523598776  -29.600620059  -54.062514971   -3.473796653
    2.967059728    0.523598776  -39.886643997  -62.597731212   -5.743809793

   -3.141592654    0.698131701  -52.226075193  -62.885985882   -7.456941909
   -2.967059728    0.698131701  -62.469649765  -53.286711405   -6.828408005
   -2.792526803    0.698131701  -70.502280071  -38.246773184   -5.360698125
   -2.617993878    0.698131701  -75.792048811  -22.757080370   -3.630835944
   -2.443460953    0.698131701  -78.717305337  -11.865087249   -2.316522821
   -2.268928028    0.698131701  -80.374717078   -8.413906083   -1.964227240
   -2.094395102    0.698131701  -82.050713288  -11.636288849   -2.762417695
   -1.919862177    0.698131701  -84.589865395  -17.415328271   -4.430374537
   -1.745329252    0.698131701  -87.950305923  -20.123367968   -6.284200850
   -1.570796327    0.698131701  -91.170664458  -15.300583173   -7.488794889
   -1.396263402    0.698131701  -92.780882335   -1.843825689   -7.421975638
   -1.221730476    0.698131701  -91.475325663   17.313043173   -5.989964899
   -1.047197551    0.698131701  -86.734535016   36.440946536   -3.710133364
   -0.872664626    0.698131701  -79.099005726   49.564182311   -1.476475943
   -0.698131701    0.698131701  -69.997096851   52.856082640   -0.117346527
   -0.523598776    0.698131701  -61.243641628   45.753986661    0.028295670
   -0.349065850    0.698131701  -54.485600636   30.541731455   -0.722582254
   -0.174532925    0.698131701  -50.818617359   11.063170384   -1.535994232
    0.000000000    0.698131701  -50.621150024   -8.558627999   -1.388124803
    0.174532925    0.698131701  -53.569875491  -24.333682177    0.563584956
    0.349065850    0.698131701  -58.670383733  -32.689297787    4.658914098
    0.523598776    0.698131701  -64.364596547  -30.820837534   10.544035895
    0.698131701    0.698131701  -68.756923770  -17.874747380   17.210971208
    0.872664626    0.698131701  -70.064417471    3.876799218   23.254037470
    1.047197551    0.698131701  -67.187561002   28.995788359   27.368092980
    1.221730476    0.698131701  -60.138362108   50.589393986   28.801996461
    1.396263402    0.698131701  -50.059723388   63.044060815   27.534802892
    1.570796327    0.698131701  -38.802470838   64.054735972   24.153149456
    1.745329252    0.698131701  -28.299967309   54.803098744   19.511034019
    1.919862177    0.698131701  -20.078757466   38.525034155   14.405556458
    2.094395102    0.698131701  -15.061727723   18.557920604    9.401597872
    2.268928028    0.698131701  -13.665643906   -2.637116579    4.808776008
    2.443460953    0.698131701  -15.953259346  -23.404827550    0.765915957
    2.617993878    0.698131701  -21.711591875  -42.102582543   -2.645923987
    2.792526803    0.698131701  -30.392027856  -56.514543548   -5.283119774
    2.967059728    0.698131701  -41.022925061  -64.050949362   -6.945826330

   -3.141592654    0.872664626  -53.451864309  -62.541624819   -6.521343571
   -2.967059728    0.872664626  -63.549509574  -52.008634305   -5.569581413
   -2.792526803    0.872664626  -71.310661819  -36.508875624   -4.028325086
   -2.617993878    0.872664626  -76.302763314  -21.186459432   -2.429170193
   -2.443460953    0.872664626  -79.011826219  -11.032700541   -1.300136820
   -2.268928028    0.872664626  -80.612554590   -8.612122129   -0.974631928
   -2.094395102    0.872664626  -82.408327103  -12.757001555   -1.465321982
   -1.919862177    0.872664626  -85.190545737  -18.974867757   -2.470111634
   -1.745329252    0.872664626  -88.811820393  -21.435701216   -3.499401283
   -1.570796327    0.872664626  -92.193526469  -15.758970838   -4.075988231
   -1.396263402    0.872664626  -93.787710844   -1.203793381   -3.945098954
   -1.221730476    0.872664626  -92.290006579   18.784303810   -3.210531678
   -1.047197551    0.872664626  -87.266268215   38.074885229   -2.310929458
   -0.872664626    0.872664626  -79.385969506   50.619191537   -1.800370878
   -0.698131701    0.872664626  -70.182763357   52.936189814   -2.029940921
   -0.523598776    0.872664626  -61.491788593   45.042102671   -2.878557182
   -0.349065850    0.872664626  -54.877656772   29.759308276   -3.721806699
   -0.174532925    0.872664626  -51.282306956   11.188732162   -3.650588147
    0.000000000    0.872664626  -50.918641097   -6.663567952   -1.820754251
    0.174532925    0.872664626  -53.348367514  -20.264304388    2.211725980
    0.349065850    0.872664626  -57.562030804  -26.703504363    8.258767582
    0.523598776    0.872664626  -62.107823502  -23.850230814   15.455432518
    0.698131701    0.872664626  -65.297158042  -11.316089379   22.457469344
    0.872664626    0.872664626  -65.599375240    8.625661631   27.812726604
    1.047197551    0.872664626  -62.124014400   31.018592983   30.462579401
    1.221730476    0.872664626  -54.977733198   49.720289463   30.091094344
    1.396263402    0.872664626  -45.268079488   59.818441493   27.125362381
    1.570796327    0.872664626  -34.714750990   59.371881410   22.470733894
    1.745329252    0.872664626  -25.090419252   49.552880973   17.101245693
    1.919862177    0.872664626  -17.785251883   33.359554132   11.772327971
    2.094395102    0.872664626  -13.634097930   13.838893249    6.921496393
    2.268928028    0.872664626  -13.010988385   -6.761623385    2.723701086
    2.443460953    0.872664626  -15.962029073  -26.878777856   -0.775890409
    2.617993878    0.872664626  -22.264488657  -44.840721909   -3.555793802
    2.792526803    0.872664626  -31.348038725  -58.359597507   -5.522022127
    2.967059728    0.872664626  -42.210987958  -64.828539490   -6.539402159

   -3.141592654    1.047197551  -54.505064155  -61.947427187   -5.735109010
   -2.967059728    1.047197551  -64.437353956  -50.758920914   -4.835354987
   -2.792526803    1.047197551  -71.952963349  -35.021574714   -3.592992898
   -2.617993878    1.047197551  -76.698878643  -19.919493653   -2.379431281
   -2.443460953    1.047197551  -79.231701646  -10.312410817   -1.469918477
   -2.268928028    1.047197551  -80.761875107   -8.511849775   -0.941822723
   -2.094395102    1.047197551  -82.583065248  -13.102429077   -0.681748571
   -1.919862177    1.047197551  -85.441990690  -19.452438999   -0.496666861
   -1.745329252    1.047197551  -89.135172035  -21.740595791   -0.249377177
   -1.570796327    1.047197551  -92.541854677  -15.732220890    0.057678643
   -1.396263402    1.047197551  -94.105389196   -0.913280871    0.272199769
   -1.221730476    1.047197551  -92.553332655   19.049161687    0.143679019
   -1.047197551    1.047197551  -87.512388968   37.942909295   -0.571074663
   -0.872664626    1.047197551  -79.708328508   49.856041239   -1.948962143
   -0.698131701    1.047197551  -70.685682079   51.689376522   -3.755022711
   -0.523598776    1.047197551  -62.214847093   43.900171772   -5.369749901
   -0.349065850    1.047197551  -55.727877063   29.601173424   -5.911661726
   -0.174532925    1.047197551  -52.010507472   12.862832638   -4.522656752
    0.000000000    1.047197551  -51.156297132   -2.683092000   -0.706151445
    0.174532925    1.047197551  -52.695743436  -14.124239151    5.430301358
    0.349065850    1.047197551  -55.704308902  -19.225026016   13.096512047
    0.523598776    1.047197551  -58.922991432  -16.368247932   20.964940093
    0.698131701    1.047197551  -60.916187101   -5.335023246   27.515733067
    0.872664626    1.047197551  -60.395602310   11.920263253   31.464415583
    1.047197551    1.047197551  -56.621222142   31.145401603   32.175580199
    1.221730476    1.047197551  -49.711518875   46.997132096   29.837508656
    1.396263402    1.047197551  -40.662628909   55.149185097   25.286473478
    1.570796327    1.047197551  -31.015276928   53.826003538   19.642779542
    1.745329252    1.047197551  -22.368709844   44.009534033   13.894894855
    1.919862177    1.047197551  -15.989587473   28.346912501    8.685543406
    2.094395102    1.047197551  -12.649777554    9.566165692    4.290357044
    2.268928028    1.047197551  -12.705680329  -10.271936007    0.733873297
    2.443460953    1.047197551  -16.205167129  -29.659516063   -2.048996218
    2.617993878    1.047197551  -22.928963331  -46.874765582   -4.116337566
    2.792526803    1.047197551  -32.297209113  -59.562796027   -5.448180288
    2.967059728    1.047197551  -43.292112628  -65.116900118   -5.988605350

   -3.141592654    1.221730476  -55.539497281  -61.356872684   -6.508648840
   -2.967059728    1.221730476  -65.328579998  -49.753189189   -5.766167010
   -2.792526803    1.221730476  -72.655108457  -33.909525045   -4.811374861
   -2.617993878    1.221730476  -77.216263990  -18.938316251   -3.858315124
   -2.443460953    1.221730476  -79.595039778   -9.518197601   -2.948107853
   -2.268928028    1.221730476  -80.995271014   -7.787418700   -1.941781006
   -2.094395102    1.221730476  -82.684240571  -12.290614731   -0.661653462
   -1.919862177    1.221730476  -85.389712852  -18.515852350    0.911667895
   -1.745329252    1.221730476  -88.918483917  -20.836456408    2.527752397
   -1.570796327    1.221730476  -92.191931972  -15.169565046    3.719558139
   -1.396263402    1.221730476  -93.711752503   -1.029361714    3.988496135
   -1.221730476    1.221730476  -92.256489053   18.027657402    3.016211958
   -1.047197551    1.221730476  -87.473191526   36.035024495    0.820477179
   -0.872664626    1.221730476  -80.056620086   47.406022072   -2.168748983
   -0.698131701    1.221730476  -71.459416807   49.406745502   -5.144712223
   -0.523598776    1.221730476  -63.304428154   42.731724412   -7.055214515
   -0.349065850    1.221730476  -56.855177719   30.473061572   -6.874629692
   -0.174532925    1.221730476  -52.761938297   16.343708253   -3.932505731
    0.000000000    1.221730476  -51.071220218    3.353011928    1.797163561
    0.174532925    1.221730476  -51.385395117   -6.303227092    9.596351874
    0.349065850    1.221730476  -52.967945006  -10.961367319   18.116863792
    0.523598776    1.221730476  -54.821236511   -9.242834234   25.723291897
    0.698131701    1.221730476  -55.774372566   -0.735323111   30.940929215
    0.872664626    1.221730476  -54.733007503   13.222412673   32.865153551
    1.047197551    1.221730476  -51.021758999   29.201071506   31.407962749
    1.221730476    1.221730476  -44.682432572   42.579085274   27.255985260
    1.396263402    1.221730476  -36.537558220   49.408525210   21.541632469
    1.570796327    1.221730476  -27.925237417   47.859138857   15.437184342
    1.745329252    1.221730476  -20.281265338   38.574015801    9.799492246
    1.919862177    1.221730476  -14.776508786   23.787654319    5.063448558
    2.094395102    1.221730476  -12.151509743    5.920589265    1.302003537
    2.268928028    1.221730476  -12.771417844  -13.106817689   -1.611027314
    2.443460953    1.221730476  -16.703536398  -31.795183206   -3.827556268
    2.617993878    1.221730476  -23.742715302  -48.346105385   -5.438822287
    2.792526803    1.221730476  -33.308324318  -60.335020667   -6.438946493
    2.967059728    1.221730476  -44.375643082  -65.166188350   -6.786329218

   -3.141592654    1.396263402  -56.898084301  -60.828171551   -9.475211648
   -2.967059728    1.396263402  -66.561805676  -48.888446900   -8.746839663
   -2.792526803    1.396263402  -73.726366107  -32.948592930   -7.784917557
   -2.617993878    1.396263402  -78.119044037  -17.961442065   -6.740793425
   -2.443460953    1.396263402  -80.316962525   -8.381706169   -5.528948060
   -2.268928028    1.396263402  -81.487007392   -6.248764208   -3.882327191
   -2.094395102    1.396263402  -82.863081928  -10.251964995   -1.601457552
   -1.919862177    1.396263402  -85.183632540  -16.215075049    1.181514482
   -1.745329252    1.396263402  -88.327268113  -18.839038759    3.916401283
   -1.570796327    1.396263402  -91.328543469  -14.159284423    5.801092772
   -1.396263402    1.396263402  -92.797440305   -1.516914437    6.116934989
   -1.221730476    1.396263402  -91.568402973   15.939111911    4.552943074
   -1.047197551    1.396263402  -87.262494570   32.758284727    1.384203809
   -0.872664626    1.396263402  -80.460601674   43.813214609   -2.534196795
   -0.698131701    1.396263402  -72.433803954   46.670292311   -5.957716125
   -0.523598776    1.396263402  -64.594693446   42.026857697   -7.561763981
   -0.349065850    1.396263402  -58.026296074   32.634698747   -6.332320676
   -0.174532925    1.396263402  -53.286796537   21.546378585   -1.901985776
    0.000000000    1.396263402  -50.462647935   10.968074459    5.245655400
    0.174532925    1.396263402  -49.330864042    2.383183461   13.847529123
    0.349065850    1.396263402  -49.427659461   -2.910976435   22.161825221
    0.523598776    1.396263402  -50.051694094   -3.436466227   28.468631251
    0.698131701    1.396263402  -50.269630833    1.771749511   31.553034328
    0.872664626    1.396263402  -49.100835475   12.211516279   31.033765644
    1.047197551    1.396263402  -45.834277222   25.277157996   27.407554457
    1.221730476    1.396263402  -40.353094640   36.879903801   21.792764368
    1.396263402    1.396263402  -33.266345487   43.174985401   15.481957715
    1.570796327    1.396263402  -25.714941093   42.050335154    9.538110822
    1.745329252    1.396263402  -19.007016737   33.698204264    4.544710458
    1.919862177    1.396263402  -14.262841106   19.934915227    0.629059086
    2.094395102    1.396263402  -12.231176899    2.936686784   -2.385734774
    2.268928028    1.396263402  -13.311897204  -15.430029517   -4.771692273
    2.443460953    1.396263402  -17.602950126  -33.592542399   -6.719589892
    2.617993878    1.396263402  -24.911765352  -49.623112045   -8.265991471
    2.792526803    1.396263402  -34.650139276  -61.012313153   -9.309328616
    2.967059728    1.396263402  -45.779830094  -65.197214800   -9.716660353

   -3.141592654    1.570796327  -58.947745143  -60.253799461  -14.265072243
   -2.967059728    1.570796327  -68.468477048  -47.877013351  -13.318356253
   -2.792526803    1.570796327  -75.438540839  -31.762472874  -12.000074404
   -2.617993878    1.570796327  -79.614587391  -16.648181392  -10.513244066
   -2.443460953    1.570796327  -81.557211188   -6.714443681   -8.775059199
   -2.268928028    1.570796327  -82.382627586   -3.927510050   -6.488352965
   -2.094395102    1.570796327  -83.289751264   -7.228280848   -3.455081935
   -1.919862177    1.570796327  -85.048226932  -12.909196587    0.112963349
   -1.745329252    1.570796327  -87.648155584  -16.073937326    3.515566525
   -1.570796327    1.570796327  -90.280426596  -12.834300983    5.795589722
   -1.396263402    1.570796327  -91.688965984   -2.205677675    6.163385134
   -1.221730476    1.570796327  -90.757124777   13.278376755    4.381720232
   -1.047197551    1.570796327  -87.038544701   28.854937163    0.941208219
   -0.872664626    1.570796327  -80.938085086   39.914571080   -3.022149125
   -0.698131701    1.570796327  -73.486305413   44.218268953   -6.036336160
   -0.523598776    1.570796327  -65.856831586   42.236248019   -6.730776613
   -0.349065850    1.570796327  -58.969620699   36.109053291   -4.284512889
   -0.174532925    1.570796327  -53.351186136   28.016767636    1.285447389
    0.000000000    1.570796327  -49.213467771   19.299757856    9.039374173
    0.174532925    1.570796327  -46.588857395   10.841841261   17.352167988
    0.349065850    1.570796327  -45.333873847    3.839341219   24.343496391
    0.523598776    1.570796327  -45.037254922    0.192626481   28.450027975
    0.698131701    1.570796327  -44.943520075    1.699320415   28.869739696
    0.872664626    1.570796327  -44.089824198    8.808375182   25.778724048
    1.047197551    1.570796327  -41.631402754   19.645218391   20.196459982
    1.221730476    1.570796327  -37.226339392   30.405997554   13.562771779
    1.396263402    1.570796327  -31.252962207   37.051237472    7.210203506
    1.570796327    1.570796327  -24.684633122   36.966261196    1.980197914
    1.745329252    1.570796327  -18.758617298   29.804996121   -1.911170960
    1.919862177    1.570796327  -14.605202309   17.001144821   -4.715786358
    2.094395102    1.570796327  -13.028532940    0.597570581   -6.896145111
    2.268928028    1.570796327  -14.488031786  -17.458784503   -8.860434379
    2.443460953    1.570796327  -19.114589544  -35.395767823  -10.786961761
    2.617993878    1.570796327  -26.710959785  -51.073248049  -12.572940648
    2.792526803    1.570796327  -36.655415943  -61.874449611  -13.921891282
    2.967059728    1.570796327  -47.871880115  -65.313999994  -14.521624862

   -3.141592654    1.745329252  -61.904304543  -59.488645086  -19.617938869
   -2.967059728    1.745329252  -71.228583105  -46.461624077  -18.315209368
   -2.792526803    1.745329252  -77.921921699  -30.055579100  -16.462076413
   -2.617993878    1.745329252  -81.786155974  -14.775139951  -14.375785272
   -2.443460953    1.745329252  -83.374728998   -4.477313408  -12.067040348
   -2.268928028    1.745329252  -83.755360322   -1.030540648   -9.289675486
   -2.094395102    1.745329252  -84.093733471   -3.644254567   -5.866292929
   -1.919862177    1.745329252  -85.197787503   -9.118694223   -2.015455359
   -1.745329252    1.745329252  -87.181733462  -12.977811886    1.562219649
   -1.570796327    1.745329252  -89.403938698  -11.371103644    3.931758203
   -1.396263402    1.745329252  -90.741904002   -2.898863824    4.374760184
   -1.221730476    1.745329252  -90.109852211   10.624338478    2.784222819
   -1.047197551    1.745329252  -86.961127774   25.178760120   -0.189812613
   -0.872664626    1.745329252  -81.490047202   36.635956026   -3.298311344
   -0.698131701    1.745329252  -74.468102686   42.798705901   -5.085494854
   -0.523598776    1.745329252  -66.844058041   43.703204354   -4.387148381
   -0.349065850    1.745329252  -59.424406353   40.702778826   -0.751446620
   -0.174532925    1.745329252  -52.774919677   35.041407434    5.387146120
    0.000000000    1.745329252  -47.301940594   27.285251279   12.767889217
    0.174532925    1.745329252  -43.334277664   17.930715138   19.665763514
    0.349065850    1.745329252  -41.047312807    8.341277351   24.355791756
    0.523598776    1.745329252  -40.272958991    1.072723407   25.647001508
    0.698131701    1.745329252  -40.353776538   -1.103521494   23.225357949
    0.872664626    1.745329252  -40.251973077    3.210325393   17.757655402
    1.047197551    1.745329252  -38.909452557   12.723899466   10.641360850
    1.221730476    1.745329252  -35.715446793   23.671835905    3.491228411
    1.396263402    1.745329252  -30.819857756   31.549813296   -2.425171332
    1.570796327    1.745329252  -25.072978333   33.045849642   -6.546694352
    1.745329252    1.745329252  -19.708681931   27.205985147   -9.051121985
    1.919862177    1.745329252  -15.935379384   15.140118663  -10.578578913
    2.094395102    1.745329252  -14.662567209   -1.100127861  -11.868142449
    2.268928028    1.745329252  -16.430839698  -19.319883918  -13.435042661
    2.443460953    1.745329252  -21.398039500  -37.395515251  -15.404513213
    2.617993878    1.745329252  -29.333513516  -52.880321842  -17.495214681
    2.792526803    1.745329252  -39.543902859  -63.032873632  -19.185091436
    2.967059728    1.745329252  -50.881070894  -65.508026899  -19.964171130

   -3.141592654    1.919862177  -65.722873406  -58.489210944  -23.825417012
   -2.967059728    1.919862177  -74.789746813  -44.597014613  -22.209082255
   -2.792526803    1.919862177  -81.115839102  -27.781836764  -19.895327708
   -2.617993878    1.919862177  -84.567726764  -12.337517402  -17.299076744
   -2.443460953    1.919862177  -85.711615252   -1.781135597  -14.556114695
   -2.268928028    1.919862177  -85.581219645    2.158957069  -11.531475254
   -2.094395102    1.919862177  -85.315283587    0.056798229   -8.100807723
   -1.919862177    1.919862177  -85.757232659   -5.347679097   -4.448270097
   -1.745329252    1.919862177  -87.134889652   -9.957222982   -1.157949851
   -1.570796327    1.919862177  -88.956606077   -9.919657901    1.011146698
   -1.396263402    1.919862177  -90.209603276   -3.388720835    1.541478466
   -1.221730476    1.919862177  -89.811679086    8.542760453    0.506751449
   -1.047197551    1.919862177  -87.093091547   22.536181527   -1.344413713
   -0.872664626    1.919862177  -82.032826203   34.806557560   -2.824213361
   -0.698131701    1.919862177  -75.167698477   43.003462676   -2.740460953
   -0.523598776    1.919862177  -67.278869310   46.565713607   -0.373710115
   -0.349065850    1.919862177  -59.136450570   46.010952727    4.223507567
   -0.174532925    1.919862177  -51.416884303   41.758474986   10.226741689
    0.000000000    1.919862177  -44.760702522   33.843703936   16.247238355
    0.174532925    1.919862177  -39.785429796   22.653290387   20.747506582
    0.349065850    1.919862177  -36.933469806    9.935984220   22.434691727
    0.523598776    1.919862177  -36.199952618   -0.998085824   20.653068230
    0.698131701    1.919862177  -36.938913740   -6.423388718   15.585624455
    0.872664626    1.919862177  -37.962895527   -4.106603546    8.259532801
    1.047197551    1.919862177  -37.951254741    5.072220192    0.252685258
    1.221730476    1.919862177  -36.009090370   17.180212563   -6.826635947
    1.396263402    1.919862177  -32.078497402   27.047329621  -11.886990390
    1.570796327    1.919862177  -26.938055920   30.527673534  -14.673917489
    1.745329252    1.919862177  -21.884367702   26.023277650  -15.719931159
    1.919862177    1.919862177  -18.266646385   14.396068031  -15.981065011
    2.094395102    1.919862177  -17.142321484   -2.144604109  -16.394669305
    2.268928028    1.919862177  -19.147025131  -20.993247055  -17.521166325
    2.443460953    1.919862177  -24.453876408  -39.541898928  -19.407041248
    2.617993878    1.919862177  -32.768813586  -54.969463237  -21.615861252
    2.792526803    1.919862177  -43.291345390  -64.411258956  -23.458811325
    2.967059728    1.919862177  -54.771243770  -65.720362452  -24.292919384

   -3.141592654    2.094395102  -70.061351762  -57.336851393  -25.379774852
   -2.967059728    2.094395102  -78.833531632  -42.459028606  -23.671394005
   -2.792526803    2.094395102  -84.735409045  -25.140244616  -21.189100539
   -2.617993878    2.094395102  -87.708712085   -9.529911999  -18.361740357
   -2.443460953    2.094395102  -88.353019722    1.149645990  -15.429501190
   -2.268928028    2.094395102  -87.691246150    5.332030848  -12.408613786
   -2.094395102    2.094395102  -86.848313423    3.467274390   -9.272779770
   -1.919862177    2.094395102  -86.696163291   -2.038900621   -6.165510112
   -1.745329252    2.094395102  -87.548536405   -7.362012522   -3.477001386
   -1.570796327    2.094395102  -89.022063727   -8.598731506   -1.672236662
   -1.396263402    2.094395102  -90.169470909   -3.477766374   -0.971476710
   -1.221730476    2.094395102  -89.878400289    7.531226759   -1.103881167
   -1.047197551    2.094395102  -87.346154746   21.592421688   -1.313027684
   -0.872664626    2.094395102  -82.362964274   35.038936059   -0.654964215
   -0.698131701    2.094395102  -75.296570279   45.157619983    1.583481354
   -0.523598776    2.094395102  -66.853749239   50.701524807    5.517017511
   -0.349065850    2.094395102  -57.860959162   51.449601669   10.557229192
   -0.174532925    2.094395102  -49.164766241   47.271304489   15.605473422
    0.000000000    2.094395102  -41.642759167   38.024762831   19.372753657
    0.174532925    2.094395102  -36.145511267   24.281393955   20.762455379
    0.349065850    2.094395102  -33.288143773    8.311006388   19.112560623
    0.523598776    2.094395102  -33.127015657   -5.859268919   14.383308063
    0.698131701    2.094395102  -34.943985599  -13.715969887    7.207647895
    0.872664626    2.094395102  -37.352386097  -12.403171342   -1.184713012
    1.047197551    2.094395102  -38.756227778   -2.588907906   -9.250813119
    1.221730476    2.094395102  -37.995221129   11.467529772  -15.590815632
    1.396263402    2.094395102  -34.845375218   23.824482255  -19.413682998
    1.570796327    2.094395102  -30.068482855   29.463501186  -20.782569347
    1.745329252    2.094395102  -25.078664128   26.174944547  -20.494270251
    1.919862177    2.094395102  -21.409245760   14.672530717  -19.675179478
    2.094395102    2.094395102  -20.288393626   -2.545422231  -19.318566958
    2.268928028    2.094395102  -22.447027045  -22.350313935  -19.941272870
    2.443460953    2.094395102  -28.058739588  -41.586441902  -21.503035311
    2.617993878    2.094395102  -36.745215673  -57.053219236  -23.491008361
    2.792526803    2.094395102  -47.580365011  -65.791057971  -25.179093766
    2.967059728    2.094395102  -59.198969267  -65.878889942  -25.914587297

   -3.141592654    2.268928028  -74.369218707  -56.217980279  -23.395358620
   -2.967059728    2.268928028  -82.855452072  -40.368748176  -21.881950763
   -2.792526803    2.268928028  -88.335632319  -22.473563490  -19.599798198
   -2.617993878    2.268928028  -90.820081793   -6.644467780  -16.889554013
   -2.443460953    2.268928028  -90.956068551    4.072581563  -14.048219892
   -2.268928028    2.268928028  -89.783773498    8.251458298  -11.256745642
   -2.094395102    2.268928028  -88.434578145    6.326556889   -8.617832349
   -1.919862177    2.268928028  -87.801987778    0.556349162   -6.234442943
   -1.745329252    2.268928028  -88.246889630   -5.344838972   -4.250240440
   -1.570796327    2.268928028  -89.435507608   -7.368671474   -2.761499887
   -1.396263402    2.268928028  -90.429919152   -2.900544059   -1.656689058
   -1.221730476    2.268928028  -90.056737779    8.012451867   -0.523727138
   -1.047197551    2.268928028  -87.391045386   22.764432594    1.252623929
   -0.872664626    2.268928028  -82.093443415   37.544726825    4.184490121
   -0.698131701    2.268928028  -74.460196734   49.117539381    8.362672924
   -0.523598776    2.268928028  -65.233667808   55.580046171   13.273866696
   -0.349065850    2.268928028  -55.382423876   56.208619286   17.909196952
   -0.174532925    2.268928028  -45.954062210   50.700812974   21.103864451
    0.000000000    2.268928028  -38.025766500   39.115055706   21.894022895
    0.174532925    2.268928028  -32.588097377   22.454070048   19.789954923
    0.349065850    2.268928028  -30.309861949    3.546555633   14.840529983
    0.523598776    2.268928028  -31.200668916  -13.006980946    7.612038884
    0.698131701    2.268928028  -34.398540759  -22.171964177   -0.895928022
    0.872664626    2.268928028  -38.295590521  -20.756086308   -9.399793657
    1.047197551    2.268928028  -41.044245862   -9.438286879  -16.587506458
    1.221730476    2.268928028  -41.272769602    7.077459162  -21.465323858
    1.396263402    2.268928028  -38.654995219   22.076265341  -23.673923915
    1.570796327    2.268928028  -33.992162300   29.753296719  -23.604041659
    1.745329252    2.268928028  -28.852295679   27.414128198  -22.204570544
    1.919862177    2.268928028  -24.966872315   15.751268720  -20.590462905
    2.094395102    2.268928028  -23.729606953   -2.357465318  -19.638143855
    2.268928028    2.268928028  -25.950616464  -23.232870392  -19.724065091
    2.443460953    2.268928028  -31.789079858  -43.207709923  -20.725376522
    2.617993878    2.268928028  -40.777722321  -58.773688800  -22.151788323
    2.792526803    2.268928028  -51.871266320  -66.927058761  -23.385987064
    2.967059728    2.268928028  -63.599474904  -65.951730808  -23.896296888

   -3.141592654    2.443460953  -78.012992411  -55.318485077  -17.846877932
   -2.967059728    2.443460953  -86.267156345  -38.641105082  -16.736475779
   -2.792526803    2.443460953  -91.387442022  -20.129550616  -14.941151829
   -2.617993878    2.443460953  -93.430548059   -3.986345094  -12.642452033
   -2.443460953    2.443460953  -93.096726956    6.751702079  -10.141126556
   -2.268928028    2.443460953  -91.470523150   10.741979541   -7.757078773
   -2.094395102    2.443460953  -89.711720566    8.514391773   -5.707658216
   -1.919862177    2.443460953  -88.726799721    2.400764219   -4.035083102
   -1.745329252    2.443460953  -88.877619488   -3.808876115   -2.605464686
   -1.570796327    2.443460953  -89.813730007   -5.973392230   -1.136529959
   -1.396263402    2.443460953  -90.552377577   -1.295589065    0.757212679
   -1.221730476    2.443460953  -89.846134726   10.305550036    3.483413897
   -1.047197551    2.443460953  -86.689389493   26.136583881    7.319332684
   -0.872664626    2.443460953  -80.702967177   42.027811669   12.189451416
   -0.698131701    2.443460953  -72.224374521   54.191049434   17.537559684
   -0.523598776    2.443460953  -62.130965052   60.247745364   22.365463089
   -0.349065850    2.443460953  -51.585803892   59.306015226   25.503191207
   -0.174532925    2.443460953  -41.825994051   51.275025477   25.987553288
    0.000000000    2.443460953  -34.054878387   36.713129170   23.357912906
    0.174532925    2.443460953  -29.291290493   17.197053855   17.775542325
    0.349065850    2.443460953  -28.136737540   -3.934860764    9.942724963
    0.523598776    2.443460953  -30.456286143  -21.703643951    0.926747290
    0.698131701    2.443460953  -35.190032308  -30.857291295   -8.022732827
    0.872664626    2.443460953  -40.510942526  -28.191923213  -15.693426997
    1.047197551    2.443460953  -44.373741760  -14.645603620  -21.148109343
    1.221730476    2.443460953  -45.279866774    4.538959406  -23.944361003
    1.396263402    2.443460953  -42.885298508   21.963915971  -24.248436906
    1.570796327    2.443460953  -38.087526668   31.249955255  -22.771111019
    1.745329252    2.443460953  -32.625012665   29.444911004  -20.501046806
    1.919862177    2.443460953  -28.410210271   17.372507505  -18.374432330
    2.094395102    2.443460953  -26.968405846   -1.671426894  -17.003420745
    2.268928028    2.443460953  -29.157737034  -23.523750312  -16.554210502
    2.443460953    2.443460953  -35.109835192  -44.138328352  -16.837872533
    2.617993878    2.443460953  -44.280066112  -59.833982712  -17.469360800
    2.792526803    2.443460953  -55.533059044  -67.623777564  -18.045812649
    2.967059728    2.443460953  -67.323209538  -65.930593369  -18.244188442

   -3.141592654    2.617993878  -80.425620243  -54.723632092   -9.450434168
   -2.967059728    2.617993878  -88.524993206  -37.453643979   -8.787839939
   -2.792526803    2.617993878  -93.383794404  -18.341662540   -7.596921468
   -2.617993878    2.617993878  -95.075186623   -1.795816402   -5.886954411
   -2.443460953    2.617993878  -94.348852011    8.991037764   -3.917894807
   -2.268928028    2.617993878  -92.352409020   12.697501928   -2.079799269
   -2.094395102    2.617993878  -90.288530079   10.052593347   -0.632671692
   -1.919862177    2.617993878  -89.062326358    3.671658751    0.489596719
   -1.745329252    2.617993878  -88.987832021   -2.424268374    1.698027686
   -1.570796327    2.617993878  -89.637168001   -3.996383388    3.580494482
   -1.396263402    2.617993878  -89.947230713    1.692840532    6.643133663
   -1.221730476    2.617993878  -88.614778501   14.504091069   11.084809159
   -1.047197551    2.617993878  -84.629100926   31.369791110   16.662966502
   -0.872664626    2.617993878  -77.680698285   47.675185733   22.655021166
   -0.698131701    2.617993878  -68.252611267   59.230804895   27.979442263
   -0.523598776    2.617993878  -57.418821285   63.501843294   31.432324570
   -0.349065850    2.617993878  -46.536506789   59.787723244   32.011484022
   -0.174532925    2.617993878  -36.974648498   48.496446765   29.201414553
    0.000000000    2.617993878  -29.966377969   30.828160509   23.123567857
    0.174532925    2.617993878  -26.450915420    8.943710037   14.505767743
    0.349065850    2.617993878  -26.862279382  -13.417812569    4.530819633
    0.523598776    2.617993878  -30.848090673  -31.089924206   -5.406597178
    0.698131701    2.617993878  -37.118422222  -38.881366580  -13.939682759
    0.872664626    2.617993878  -43.647918860  -33.893939399  -20.017397030
    1.047197551    2.617993878  -48.266214681  -17.577568817  -23.147534056
    1.221730476    2.617993878  -49.450436664    4.212741890  -23.495589674
    1.396263402    2.617993878  -46.933402112   23.552402863  -21.774030215
    1.570796327    2.617993878  -41.761759255   33.790325470  -18.974195784
    1.745329252    2.617993878  -35.842654554   32.011103325  -16.028563337
    1.919862177    2.617993878  -31.227397375   19.327218626  -13.579899143
    2.094395102    2.617993878  -29.518460623   -0.564164965  -11.893692867
    2.268928028    2.617993878  -31.582798353  -23.158982680  -10.905872147
    2.443460953    2.617993878  -37.515426268  -44.224856853  -10.391627730
    2.617993878    2.617993878  -46.717523209  -60.066172989  -10.120002481
    2.792526803    2.617993878  -58.005454824  -67.765446696   -9.941397158
    2.967059728    2.617993878  -69.797515587  -65.793936502   -9.762668283

   -3.141592654    2.792526803  -81.211974058  -54.376706913    0.536864867
   -2.967059728    2.792526803  -89.227613775  -36.798452861    0.849534795
   -2.792526803    2.792526803  -93.928917646  -17.183648184    1.472085014
   -2.617993878    2.792526803  -95.377898463   -0.218057381    2.533803870
   -2.443460953    2.792526803  -94.363491673   10.639482187    3.849238592
   -2.268928028    2.792526803  -92.100545908   14.055725709    5.053824515
   -2.094395102    2.792526803  -89.833237997   11.046106689    5.948528304
   -1.919862177    2.792526803  -88.442008893    4.659774997    6.755301353
   -1.745329252    2.792526803  -88.148294851   -0.782038156    8.111212775
   -1.570796327    2.792526803  -88.405521191   -1.063261512   10.759899944
   -1.396263402    2.792526803  -88.066619969    6.200725679   15.124409045
   -1.221730476    2.792526803  -85.825741566   20.321695757   21.013184340
   -1.047197551    2.792526803  -80.766543564   37.682846233   27.587480091
   -0.872664626    2.792526803  -72.756684222   53.311048195   33.567058533
   -0.698131701    2.792526803  -62.496286907   62.930641770   37.593041597
   -0.523598776    2.792526803  -51.263478055   64.240657017   38.580037879
   -0.349065850    2.792526803  -40.554415709   57.028539887   35.972069825
   -0.174532925    2.792526803  -31.778204899   42.324204536   29.832199717
    0.000000000    2.792526803  -26.098753188   21.931441135   20.812330158
    0.174532925    2.792526803  -24.291844122   -1.512031748   10.021404865
    0.349065850    2.792526803  -26.560286924  -23.996373683   -1.113521513
    0.523598776    2.792526803  -32.294597026  -40.314576174  -11.072191851
    0.698131701    2.792526803  -39.966010030  -45.545837626  -18.503384808
    0.872664626    2.792526803  -47.384062223  -37.363391287  -22.570708756
    1.047197551    2.792526803  -52.331120573  -17.951861207  -23.216668389
    1.221730476    2.792526803  -53.363017138    6.175540392  -21.160870338
    1.396263402    2.792526803  -50.379371512   26.757114500  -17.582377048
    1.570796327    2.792526803  -44.618165605   37.205680962  -13.665245126
    1.745329252    2.792526803  -38.138616429   34.949064089  -10.209681281
    1.919862177    2.792526803  -33.074771150   21.522576114   -7.519754389
    2.094395102    2.792526803  -31.044555941    0.958081997   -5.513661416
    2.268928028    2.792526803  -32.886016356  -22.086840311   -3.934994971
    2.443460953    2.792526803  -38.655115930  -43.399303372   -2.570267974
    2.617993878    2.792526803  -47.727855398  -59.407960817   -1.363761013
    2.792526803    2.792526803  -58.915685213  -67.290961171   -0.402376533
    2.967059728    2.792526803  -70.638543422  -65.474840574    0.211658218

   -3.141592654    2.967059728  -80.220959091  -54.138619255   10.663814719
   -2.967059728    2.967059728  -88.199853693  -36.551768515   10.789378051
   -2.792526803    2.967059728  -92.832732024  -16.616241182   10.966751636
   -2.617993878    2.967059728  -94.150572938    0.689896185   11.415184124
   -2.443460953    2.967059728  -92.966346830   11.613332447   12.047292706
   -2.268928028    2.967059728  -90.549491692   14.816879151   12.613227182
   -2.094395102    2.967059728  -88.166880349   11.656017270   13.060740594
   -1.919862177    2.967059728  -86.645524683    5.664707744   13.775833635
   -1.745329252    2.967059728  -86.083429946    1.421390430   15.514353129
   -1.570796327    2.967059728  -85.804384723    2.933235107   18.988194856
   -1.396263402    2.967059728  -84.608373400   11.957132411   24.359231059
   -1.221730476    2.967059728  -81.263534544   27.034647864   30.972154054
   -1.047197551    2.967059728  -75.046871034   43.986430744   37.478431790
   -0.872664626    2.967059728  -66.081875380   57.716821161   42.273466926
   -0.698131701    2.967059728  -55.307898123   64.252475199   44.022686512
   -0.523598776    2.967059728  -44.162291658   61.878208595   42.017780794
   -0.349065850    2.967059728  -34.188510929   51.031070680   36.277683712
   -0.174532925    2.967059728  -26.735188181   33.313368634   27.413525295
    0.000000000    2.967059728  -22.817425337   10.956944915   16.445336193
    0.174532925    2.967059728  -23.000638019  -13.096236141    4.638486750
    0.349065850    2.967059728  -27.234505840  -34.681941997   -6.567404402
    0.523598776    2.967059728  -34.647269642  -48.642212291  -15.714425739
    0.698131701    2.967059728  -43.484782900  -50.452349411  -21.589264788
    0.872664626    2.967059728  -51.431736169  -38.535834302  -23.601224115
    1.047197551    2.967059728  -56.293646274  -15.961183787  -22.058129090
    1.221730476    2.967059728  -56.789954616   10.101090852  -18.084901259
    1.396263402    2.967059728  -53.054534637   31.246502467  -13.152265709
    1.570796327    2.967059728  -46.538894251   41.255069288   -8.497262587
    1.745329252    2.967059728  -39.425570972   38.151051003   -4.723948676
    1.919862177    2.967059728  -33.872720043   23.970964712   -1.811260221
    2.094395102    2.967059728  -31.458201416    2.973553186    0.602504912
    2.268928028    2.967059728  -32.964368384  -20.228722569    2.882871784
    2.443460953    2.967059728  -38.415373554  -41.622221334    5.170084806
    2.617993878    2.967059728  -47.193623288  -57.848551687    7.333537457
    2.792526803    2.967059728  -58.143594235  -66.169439300    9.088640814
    2.967059728    2.967059728  -69.715963594  -64.882331354   10.195956832
