#! FIELDS phi psi file.free der_phi der_psi
#! SET min_phi -pi
#! SET max_phi pi
#! SET nbins_phi  36
#! SET periodic_phi true
#! SET min_psi -pi
#! SET max_psi pi
#! SET nbins_psi  36
#! SET periodic_psi true
   -3.141592654   -3.141592654  -90.217366420  -53.682211186   17.608891359
   -2.967059728   -3.141592654  -98.117608641  -36.109271728   17.740259534
   -2.792526803   -3.141592654 -102.673248371  -16.184531384   17.824390650
   -2.617993878   -3.141592654 -103.918240744    1.082502549   18.176947533
   -2.443460953   -3.141592654 -102.668852578   11.950369116   18.772370444
   -2.268928028   -3.141592654 -100.190418105   15.208909611   19.375446211
   -2.094395102   -3.141592654  -97.715220285   12.377004804   19.906286933
   -1.919862177   -3.141592654  -96.007462038    7.151563628   20.717875831
   -1.745329252   -3.141592654  -95.085263732    4.118370683   22.564038503
   -1.570796327   -3.141592654  -94.209364477    7.077209585   26.180464629
   -1.396263402   -3.141592654  -92.168904787   17.427371845   31.728603768
   -1.221730476   -3.141592654  -87.787926227   33.324110143   38.461265477
   -1.047197551   -3.141592654  -80.457658462   50.311991660   44.830293220
   -0.872664626   -3.141592654  -70.449836929   63.184487032   48.984112493
   -0.698131701   -3.141592654  -58.862155724   67.946814467   49.400598746
   -0.523598776   -3.141592654  -47.291451965   62.898704533   45.337666864
   -0.349065850   -3.141592654  -37.435042671   48.534631686   36.990126800
   -0.174532925   -3.141592654  -30.769960048   26.721340335   25.349161312
    0.000000000   -3.141592654  -28.360323292    0.341614478   11.950798679
    0.174532925   -3.141592654  -30.675176334  -26.637322010   -1.407832309
    0.349065850   -3.141592654  -37.377062538  -49.001077255  -12.904120076
    0.523598776   -3.141592654  -47.157928888  -61.011965852  -20.995873304
    0.698131701   -3.141592654  -57.804704947  -58.510190748  -24.765022330
    0.872664626   -3.141592654  -66.691335979  -41.215621152  -24.219635049
    1.047197551   -3.141592654  -71.584674850  -13.878823622  -20.367095493
    1.221730476   -3.141592654  -71.434302979   15.066551156  -14.872678687
    1.396263402   -3.141592654  -66.740503745   36.936338579   -9.398690326
    1.570796327   -3.141592654  -59.284938368   46.170574388   -4.983808283
    1.745329252   -3.141592654  -51.424170149   41.795976827   -1.772379085
    1.919862177   -3.141592654  -45.333010632   26.564008038    0.755412024
    2.094395102   -3.141592654  -42.527481450    4.923366272    3.286082135
    2.268928028   -3.141592654  -43.729159006  -18.668010947    6.225126238
    2.443460953   -3.141592654  -48.935113755  -40.381271554    9.512948080
    2.617993878   -3.141592654  -57.522799785  -56.914956975   12.716214100
    2.792526803   -3.141592654  -68.331082014  -65.490383241   15.302959409
    2.967059728   -3.141592654  -79.797886650  -64.361567815   16.924460991

   -3.141592654   -2.967059728  -86.544486347  -53.291367596   23.941710386
   -2.967059728   -2.967059728  -94.421305304  -36.143044708   24.105263987
   -2.792526803   -2.967059728  -98.985873871  -16.195069754   23.942588688
   -2.617993878   -2.967059728 -100.214579709    1.280617826   23.795742861
   -2.443460953   -2.967059728  -98.917251543   12.267352551   23.768130070
   -2.268928028   -2.967059728  -96.382358163   15.534894060   23.834421076
   -2.094395102   -2.967059728  -93.838734621   12.903151490   24.110609326
   -1.919862177   -2.967059728  -91.979989836    8.484828795   25.037509079
   -1.745329252   -2.967059728  -90.699122455    7.009161397   27.272410249
   -1.570796327   -2.967059728  -89.151503305   11.888099050   31.269646863
   -1.396263402   -2.967059728  -86.131989341   23.682605759   36.804652377
   -1.221730476   -2.967059728  -80.628773591   39.651758899   42.771687364
   -1.047197551   -2.967059728  -72.322817326   54.856937224   47.445749977
   -0.872664626   -2.967059728  -61.803669040   64.271570382   49.083529030
   -0.698131701   -2.967059728  -50.403252808   64.633465764   46.550910343
   -0.523598776   -2.967059728  -39.799985930   55.213722387   39.654283854
   -0.349065850   -2.967059728  -31.607541483   37.365092563   29.132051702
   -0.174532925   -2.967059728  -27.092681143   13.536497499   16.366499865
    0.000000000   -2.967059728  -27.034210714  -13.114010627    3.056990817
    0.174532925   -2.967059728  -31.591428806  -38.588995628   -9.071104379
    0.349065850   -2.967059728  -40.132027401  -57.891560922  -18.483652110
    0.523598776   -2.967059728  -51.115522014  -65.787951150  -24.078559163
    0.698131701   -2.967059728  -62.212033965  -58.920605540  -25.448509762
    0.872664626   -2.967059728  -70.835361661  -37.974710998  -23.041595917
    1.047197551   -2.967059728  -74.950446592   -8.479822559  -18.100274194
    1.221730476   -2.967059728  -73.797757303   20.898032031  -12.257085056
    1.396263402   -2.967059728  -68.148711293   41.912779652   -6.919736614
    1.570796327   -2.967059728  -59.938023231   49.863264300   -2.780976343
    1.745329252   -2.967059728  -51.521963089   44.582318621    0.307459421
    1.919862177   -2.967059728  -44.969681045   29.186377712    3.021192126
    2.094395102   -2.967059728  -41.675327561    7.962614814    6.052763129
    2.268928028   -2.967059728  -42.297940518  -15.100409037    9.705375096
    2.443460953   -2.967059728  -46.857771901  -36.641693564   13.777072165
    2.617993878   -2.967059728  -54.819432323  -53.589855577   17.713143024
    2.792526803   -2.967059728  -65.121697399  -63.090994355   20.909629314
    2.967059728   -2.967059728  -76.266245175  -63.073609303   22.986698663

   -3.141592654   -2.792526803  -82.037748494  -52.640825198   27.109741542
   -2.967059728   -2.792526803  -89.867965723  -36.183350161   27.501287278
   -2.792526803   -2.792526803  -94.468901802  -16.510572170   27.267965990
   -2.617993878   -2.792526803  -95.755447426    0.958254814   26.772341169
   -2.443460953   -2.792526803  -94.506298523   12.044037432   26.270727344
   -2.268928028   -2.792526803  -91.994670089   15.519600316   25.962640195
   -2.094395102   -2.792526803  -89.414456490   13.414699864   26.123397057
   -1.919862177   -2.792526803  -87.381702703   10.070217121   27.184418810
   -1.745329252   -2.792526803  -85.692191161   10.164923756   29.586322943
   -1.570796327   -2.792526803  -83.452188033   16.609586136   33.433054024
   -1.396263402   -2.792526803  -79.526191206   29.150046427   38.166648008
   -1.221730476   -2.792526803  -73.113120245   44.325117423   42.512293035
   -1.047197551   -2.792526803  -64.190423735   56.983327360   44.838659552
   -0.872664626   -2.792526803  -53.624085752   62.539166108   43.752209570
   -0.698131701   -2.792526803  -42.900849004   58.618541332   38.620786039
   -0.523598776   -2.792526803  -33.687782321   45.465279170   29.752025838
   -0.349065850   -2.792526803  -27.434279333   25.155339901   18.259546658
   -0.174532925   -2.792526803  -25.147057630    0.515251356    5.709282832
    0.000000000   -2.792526803  -27.307816171  -25.244380097   -6.218314901
    0.174532925   -2.792526803  -33.791630578  -48.307442529  -16.009499394
    0.349065850   -2.792526803  -43.732242707  -64.070356096  -22.531659269
    0.523598776   -2.792526803  -55.442562906  -67.915803656  -25.218568596
    0.698131701   -2.792526803  -66.570544244  -57.259577997  -24.228050755
    0.872664626   -2.792526803  -74.645000970  -33.559792770  -20.422228144
    1.047197551   -2.792526803  -77.858941594   -2.821521022  -15.150588205
    1.221730476   -2.792526803  -75.720152338   26.345012997   -9.815029821
    1.396263402   -2.792526803  -69.209082064   46.272820922   -5.378663766
    1.570796327   -2.792526803  -60.343068677   53.074502821   -2.085295819
    1.745329252   -2.792526803  -51.427598083   47.224887875    0.492546364
    1.919862177   -2.792526803  -44.406843836   32.026125471    3.095909644
    2.094395102   -2.792526803  -40.560321191   11.486584049    6.332896595
    2.268928028   -2.792526803  -40.505382521  -10.912140300   10.376362594
    2.443460953   -2.792526803  -44.307100504  -32.255064444   14.924717931
    2.617993878   -2.792526803  -51.532200346  -49.653120236   19.377117728
    2.792526803   -2.792526803  -61.227322150  -60.145800376   23.111323489
    2.967059728   -2.792526803  -71.963103869  -61.345441724   25.716800840

   -3.141592654   -2.617993878  -77.244895839  -51.553427759   27.324938580
   -2.967059728   -2.617993878  -84.973343926  -36.049544725   28.104790125
   -2.792526803   -2.617993878  -89.608505032  -16.974461692   27.954775454
   -2.617993878   -2.617993878  -91.001307014    0.256885768   27.243356411
   -2.443460953   -2.617993878  -89.871877523   11.422013016   26.384405543
   -2.268928028   -2.617993878  -87.439393131   15.287533984   25.793306678
   -2.094395102   -2.617993878  -84.838840233   13.949756562   25.860744400
   -1.919862177   -2.617993878  -82.617185524   11.759428677   26.935554096
   -1.745329252   -2.617993878  -80.516967591   13.178025358   29.180849149
   -1.570796327   -2.617993878  -77.657016428   20.594971154   32.354371986
   -1.396263402   -2.617993878  -73.021117764   33.087500326   35.667620558
   -1.221730476   -2.617993878  -66.031763447   46.739042369   37.864237401
   -1.047197551   -2.617993878  -56.927655081   56.453345537   37.610566746
   -0.872664626   -2.617993878  -46.777059747   58.247891844   33.996192096
   -0.698131701   -2.617993878  -37.132138113   50.643998279   26.896712493
   -0.523598776   -2.617993878  -29.570219747   34.735025616   17.010082190
   -0.349065850   -2.617993878  -25.326045302   13.135499984    5.654379839
   -0.174532925   -2.617993878  -25.129129910  -11.137405571   -5.583208646
    0.000000000   -2.617993878  -29.178816835  -35.000208757  -15.163860552
    0.174532925   -2.617993878  -37.111294311  -54.998443119  -21.875737271
    0.349065850   -2.617993878  -47.903101272  -67.082554101  -25.059063965
    0.523598776   -2.617993878  -59.819065446  -67.335172794  -24.733452789
    0.698131701   -2.617993878  -70.584254894  -53.854804677  -21.618696204
    0.872664626   -2.617993878  -77.908980780  -28.592579667  -16.914691174
    1.047197551   -2.617993878  -80.221143530    2.345463303  -11.938982611
    1.221730476   -2.617993878  -77.241600421   30.702920569   -7.709437575
    1.396263402   -2.617993878  -70.071750754   49.470210724   -4.638914125
    1.570796327   -2.617993878  -60.730218641   55.426495289   -2.502855071
    1.745329252   -2.617993878  -51.427599398   49.438883009   -0.656357063
    1.919862177   -2.617993878  -43.979952075   34.793391467    1.610560312
    2.094395102   -2.617993878  -39.573226769   15.149450485    4.751247273
    2.268928028   -2.617993878  -38.806127776   -6.478633560    8.807313449
    2.443460953   -2.617993878  -41.800166814  -27.544957484   13.444911109
    2.617993878   -2.617993878  -48.224073908  -45.295477908   18.111523652
    2.792526803   -2.617993878  -57.229847486  -56.680619883   22.233847488
    2.967059728   -2.617993878  -67.462193604  -59.067758192   25.376481252

   -3.141592654   -2.443460953  -72.632647497  -49.953147838   25.149300494
   -2.967059728   -2.443460953  -80.186963977  -35.628025542   26.348067740
   -2.792526803   -2.443460953  -84.833560071  -17.467646493   26.368252900
   -2.617993878   -2.443460953  -86.360911464   -0.713673760   25.549690493
   -2.443460953   -2.443460953  -85.405500050   10.484933063   24.426228842
   -2.268928028   -2.443460953  -83.098118409   14.861356564   23.583533508
   -2.094395102   -2.443460953  -80.498718044   14.415484227   23.482427431
   -1.919862177   -2.443460953  -78.103255316   13.295857170   24.356226006
   -1.745329252   -2.443460953  -75.650121461   15.624101766   26.095377889
   -1.570796327   -2.443460953  -72.326557995   23.324854238   28.172611220
   -1.396263402   -2.443460953  -67.265642480   35.030934011   29.685406560
   -1.221730476   -2.443460953  -60.096521452   46.664360404   29.542186332
   -1.047197551   -2.443460953  -51.255452264   53.406441559   26.825260981
   -0.872664626   -2.443460953  -41.924007303   51.933943768   21.146291559
   -0.698131701   -2.443460953  -33.635826440   41.557981203   12.828485591
   -0.523598776   -2.443460953  -27.821694216   24.029400226    2.832825124
   -0.349065850   -2.443460953  -25.479346606    2.313582582   -7.463866143
   -0.174532925   -2.443460953  -27.068594398  -20.535285370  -16.575967022
    0.000000000   -2.443460953  -32.539389647  -41.705280858  -23.199810074
    0.174532925   -2.443460953  -41.347926453  -58.262662296  -26.497758029
    0.349065850   -2.443460953  -52.400091770  -66.850689390  -26.326755917
    0.523598776   -2.443460953  -64.015183063  -64.284512348  -23.285885657
    0.698131701   -2.443460953  -74.087339928  -49.182895184  -18.570533902
    0.872664626   -2.443460953  -80.555254014  -23.646722408  -13.564197576
    1.047197551   -2.443460953  -82.062005755    6.504779252   -9.382887898
    1.221730476   -2.443460953  -78.463975714   33.616316195   -6.544521517
    1.396263402   -2.443460953  -70.884808476   51.325572515   -4.895436073
    1.570796327   -2.443460953  -61.267944978   56.848885056   -3.819585920
    1.745329252   -2.443460953  -51.701032625   51.155074900   -2.579673420
    1.919862177   -2.443460953  -43.887193178   37.326715506   -0.613501847
    2.094395102   -2.443460953  -38.951536723   18.663194710    2.310805437
    2.268928028   -2.443460953  -37.496688768   -2.175789440    6.105743520
    2.443460953   -2.443460953  -39.700554730  -22.886485294   10.466883887
    2.617993878   -2.443460953  -45.317387593  -40.801070766   14.979735590
    2.792526803   -2.443460953  -53.589277677  -52.839921517   19.199165046
    2.967059728   -2.443460953  -63.236586948  -56.252474282   22.704581020

   -3.141592654   -2.268928028  -68.568315791  -47.954202126   21.072942337
   -2.967059728   -2.268928028  -75.885523107  -34.915133271   22.550242507
   -2.792526803   -2.268928028  -80.511951205  -17.900207892   22.758085774
   -2.617993878   -2.268928028  -82.182866244   -1.833191039   21.956195369
   -2.443460953   -2.268928028  -81.437180139    9.313143176   20.708559123
   -2.268928028   -2.268928028  -79.295059753   14.219169196   19.675707738
   -2.094395102   -2.268928028  -76.733941752   14.651652889   19.329732876
   -1.919862177   -2.268928028  -74.219530906   14.389393184   19.784269929
   -1.745329252   -2.268928028  -71.529408985   17.141136045   20.712598367
   -1.570796327   -2.268928028  -67.960765894   24.466864704   21.402348471
   -1.396263402   -2.268928028  -62.805888441   34.803924689   20.952043925
   -1.221730476   -2.268928028  -55.862472495   44.188693088   18.536872266
   -1.047197551   -2.268928028  -47.686577389   48.241035352   13.706442116
   -0.872664626   -2.268928028  -39.483048819   44.269568866    6.575939115
   -0.698131701   -2.268928028  -32.696107300   32.201422041   -2.168460893
   -0.523598776   -2.268928028  -28.574659338   14.223121613  -11.423178284
   -0.349065850   -2.268928028  -27.880359144   -6.527869967  -19.880966625
   -0.174532925   -2.268928028  -30.830939987  -27.093889128  -26.274582567
    0.000000000   -2.268928028  -37.176519881  -45.057967868  -29.637628532
    0.174532925   -2.268928028  -46.265015431  -58.137956311  -29.580731473
    0.349065850   -2.268928028  -57.023584094  -63.753556159  -26.490455953
    0.523598776   -2.268928028  -67.921467574  -59.395589916  -21.466435268
    0.698131701   -2.268928028  -77.090559448  -43.956572209  -16.000016394
    0.872664626   -2.268928028  -82.710834508  -19.311443594  -11.428390509
    1.047197551   -2.268928028  -83.588630770    9.343927713   -8.472328701
    1.221730476   -2.268928028  -79.621047437   35.087600896   -7.069666180
    1.396263402   -2.268928028  -71.859276027   52.076625698   -6.558300025
    1.570796327   -2.268928028  -62.115766131   57.667939867   -6.083328943
    1.745329252   -2.268928028  -52.353728389   52.640988625   -4.987886131
    1.919862177   -2.268928028  -44.200586642   39.734683815   -2.990176191
    2.094395102   -2.268928028  -38.765338936   21.941398689   -0.150234914
    2.268928028   -2.268928028  -36.677920557    1.739209295    3.301988022
    2.443460953   -2.268928028  -38.164371895  -18.641515478    7.120750916
    2.617993878   -2.268928028  -43.034735952  -36.555132487   11.088127594
    2.792526803   -2.268928028  -50.591971594  -48.959384266   14.964983594
    2.967059728   -2.268928028  -59.622949700  -53.135922147   18.428132950

   -3.141592654   -2.094395102  -65.356999569  -45.855919458   15.402996858
   -2.967059728   -2.094395102  -72.408434445  -34.001265565   16.926355701
   -2.792526803   -2.094395102  -76.981482335  -18.172752588   17.333566015
   -2.617993878   -2.094395102  -78.777358910   -2.904152309   16.745088849
   -2.443460953   -2.094395102  -78.243143998    8.076601446   15.625029304
   -2.268928028   -2.094395102  -76.286992131   13.402424683   14.570050605
   -2.094395102   -2.094395102  -73.808456786   14.535296818   13.985243669
   -1.919862177   -2.094395102  -71.263134165   14.795495703   13.874236921
   -1.745329252   -2.094395102  -68.498284296   17.463011439   13.781270794
   -1.570796327   -2.094395102  -64.942607790   23.853022503   12.933638751
   -1.396263402   -2.094395102  -60.037625616   32.441729884   10.540319992
   -1.221730476   -2.094395102  -53.696870704   39.608130282    6.106432821
   -1.047197551   -2.094395102  -46.513755531   41.508701801   -0.348387165
   -0.872664626   -2.094395102  -39.632588834   35.997596296   -8.255466915
   -0.698131701   -2.094395102  -34.352335166   23.405379390  -16.649109909
   -0.523598776   -2.094395102  -31.724434467    6.114397870  -24.384446416
   -0.349065850   -2.094395102  -32.297095358  -12.748527791  -30.340745360
   -0.174532925   -2.094395102  -36.095255800  -30.454138108  -33.598086342
    0.000000000   -2.094395102  -42.738708978  -45.080933964  -33.651622832
    0.174532925   -2.094395102  -51.551971852  -55.069496994  -30.634877430
    0.349065850   -2.094395102  -61.574000037  -58.598580108  -25.434554923
    0.523598776   -2.094395102  -71.498669464  -53.660421572  -19.494688417
    0.698131701   -2.094395102  -79.725755807  -39.100970641  -14.348600993
    0.872664626   -2.094395102  -84.645192263  -16.206919619  -11.021788409
    1.047197551   -2.094395102  -85.141444602   10.678984301   -9.663507726
    1.221730476   -2.094395102  -81.047801698   35.347525280   -9.604873560
    1.396263402   -2.094395102  -73.263673457   52.224286071   -9.790092394
    1.570796327   -2.094395102  -63.445107622   58.464821836   -9.312085775
    1.745329252   -2.094395102  -53.460777193   54.397983084   -7.770829757
    1.919862177   -2.094395102  -44.922208798   42.342293778   -5.282430791
    2.094395102   -2.094395102  -38.978733641   25.092044219   -2.257113868
    2.268928028   -2.094395102  -36.314511083    5.154359569    0.909016217
    2.443460953   -2.094395102  -37.193511150  -15.117340006    4.023416911
    2.617993878   -2.094395102  -41.445075047  -33.006335848    7.082739677
    2.792526803   -2.094395102  -48.391413956  -45.543132768   10.113983829
    2.967059728   -2.094395102  -56.859714321  -50.170184928   12.997417364

   -3.141592654   -1.919862177  -63.256159966  -44.005695340    8.407501193
   -2.967059728   -1.919862177  -70.052552107  -32.982218708    9.773070942
   -2.792526803   -1.919862177  -74.533328389  -18.133664997   10.429344917
   -2.617993878   -1.919862177  -76.394593111   -3.632302121   10.307756813
   -2.443460953   -1.919862177  -76.020876843    7.058595916    9.641893792
   -2.268928028   -1.919862177  -74.232481007   12.559709997    8.820291985
   -2.094395102   -1.919862177  -71.870149962   14.042529331    8.099196617
   -1.919862177   -1.919862177  -69.397285513   14.378944309    7.387717181
   -1.745329252   -1.919862177  -66.744607841   16.465655052    6.200167593
   -1.570796327   -1.919862177  -63.471346598   21.494314598    3.832707389
   -1.396263402   -1.919862177  -59.140242178   28.168460718   -0.299479627
   -1.221730476   -1.919862177  -53.720115269   33.371562608   -6.333407105
   -1.047197551   -1.919862177  -47.762322512   33.838673116  -13.814838058
   -0.872664626   -1.919862177  -42.277592812   27.853704616  -21.794256299
   -0.698131701   -1.919862177  -38.377938902   15.925826651  -29.106934609
   -0.523598776   -1.919862177  -36.917813264    0.379826395  -34.652243084
   -0.349065850   -1.919862177  -38.273928520  -15.872892669  -37.600960310
   -0.174532925   -1.919862177  -42.350366000  -30.476503932  -37.507777585
    0.000000000   -1.919862177  -48.727688302  -42.073219129  -34.445703385
    0.174532925   -1.919862177  -56.802580655  -49.803509906  -29.112633039
    0.349065850   -1.919862177  -65.806212835  -52.453923494  -22.806764190
    0.523598776   -1.919862177  -74.699056673  -48.227266662  -17.101524332
    0.698131701   -1.919862177  -82.132258623  -35.568171760  -13.300615699
    0.872664626   -1.919862177  -86.630781665  -14.882941287  -11.894245241
    1.047197551   -1.919862177  -87.047935996   10.426725393  -12.368384187
    1.221730476   -1.919862177  -83.050822499   34.695695384  -13.502745642
    1.396263402   -1.919862177  -75.331120997   52.280134007  -13.999820024
    1.570796327   -1.919862177  -65.394419616   59.787647934  -13.067830505
    1.745329252   -1.919862177  -55.071101564   56.889870955  -10.682694400
    1.919862177   -1.919862177  -46.032056428   45.470726973   -7.412156600
    2.094395102   -1.919862177  -39.530083978   28.269137534   -4.029807465
    2.268928028   -1.919862177  -36.333927802    8.038269249   -1.108283906
    2.443460953   -1.919862177  -36.738204674  -12.543914465    1.190533997
    2.617993878   -1.919862177  -40.555255114  -30.566595417    3.061234963
    2.792526803   -1.919862177  -47.077342915  -43.112819260    4.822412448
    2.967059728   -1.919862177  -55.128253676  -47.860030854    6.644992819

   -3.141592654   -1.745329252  -62.445493337  -42.646570909    0.770798637
   -2.967059728   -1.745329252  -69.023149974  -31.899408039    1.913547738
   -2.792526803   -1.745329252  -73.361307151  -17.616531986    2.907982988
   -2.617993878   -1.745329252  -75.186715108   -3.725925175    3.467413361
   -2.443460953   -1.745329252  -74.869931689    6.547706754    3.508865604
   -2.268928028   -1.745329252  -73.189016818   11.872528749    3.118902110
   -2.094395102   -1.745329252  -70.956672596   13.223043122    2.360680164
   -1.919862177   -1.745329252  -68.658122757   13.124239619    1.083110098
   -1.745329252   -1.745329252  -66.304351223   14.187626565   -1.133034732
   -1.570796327   -1.745329252  -63.563345926   17.590843884   -4.816082837
   -1.396263402   -1.745329252  -60.077294510   22.389805045  -10.286032090
   -1.221730476   -1.745329252  -55.808790569   26.060538017  -17.341246257
   -1.047197551   -1.745329252  -51.197435899   25.911053984  -25.170512413
   -0.872664626   -1.745329252  -47.062092534   20.531563960  -32.542197155
   -0.698131701   -1.745329252  -44.300284275   10.392829409  -38.177609148
   -0.523598776   -1.745329252  -43.583536146   -2.495646389  -41.092700746
   -0.349065850   -1.745329252  -45.174993477  -15.664148334  -40.825866142
   -0.174532925   -1.745329252  -48.948817396  -27.280732996  -37.488909506
    0.000000000   -1.745329252  -54.552964750  -36.569826722  -31.782859413
    0.174532925   -1.745329252  -61.553063413  -43.236516962  -24.932644343
    0.349065850   -1.745329252  -69.431865229  -46.394402425  -18.493123970
    0.523598776   -1.745329252  -77.418652505  -44.091573797  -13.933657166
    0.698131701   -1.745329252  -84.355714070  -34.047469023  -12.112277226
    0.872664626   -1.745329252  -88.798436824  -15.621701125  -12.881632279
    1.047197551   -1.745329252  -89.455329405    8.663220166  -15.116047706
    1.221730476   -1.745329252  -85.743490590   33.415431143  -17.204386558
    1.396263402   -1.745329252  -78.119854498   52.568875996  -17.783942202
    1.570796327   -1.745329252  -67.970363965   61.891768162  -16.288820885
    1.745329252   -1.745329252  -57.155770415   60.269988130  -13.085897166
    1.919862177   -1.745329252  -47.482269665   49.189529877   -9.141550240
    2.094395102   -1.745329252  -40.365007893   31.480861515   -5.525344882
    2.268928028   -1.745329252  -36.685976205   10.331796384   -2.952449730
    2.443460953   -1.745329252  -36.766572525  -11.077547606   -1.567576524
    2.617993878   -1.745329252  -40.370737769  -29.508361632   -1.016533717
    2.792526803   -1.745329252  -46.711149656  -42.027758141   -0.711941390
    2.967059728   -1.745329252  -54.554240626  -46.563747901   -0.168533399

   -3.141592654   -1.570796327  -62.937061756  -41.800794957   -6.252788393
   -2.967059728   -1.570796327  -69.331237797  -30.713683218   -5.277740837
   -2.792526803   -1.570796327  -73.463430470  -16.513416114   -3.916067972
   -2.617993878   -1.570796327  -75.129164159   -3.042668684   -2.665454629
   -2.443460953   -1.570796327  -74.741871274    6.666023968   -1.928287306
   -2.268928028   -1.570796327  -73.091429076   11.407892782   -1.918583173
   -2.094395102   -1.570796327  -70.995085876   12.106761623   -2.741503877
   -1.919862177   -1.570796327  -68.965695078   11.096819266   -4.550658140
   -1.745329252   -1.570796327  -67.076104530   10.823895819   -7.624961524
   -1.570796327   -1.570796327  -65.066825241   12.531054834  -12.261589673
   -1.396263402   -1.570796327  -62.612253073   15.681005653  -18.512715859
   -1.221730476   -1.570796327  -59.614847645   18.361659506  -25.904189262
   -1.047197551   -1.570796327  -56.349494791   18.412759317  -33.379776380
   -0.872664626   -1.570796327  -53.404256236   14.614499626  -39.548288529
   -0.698131701   -1.570796327  -51.450655800    7.206708580  -43.117586949
   -0.523598776   -1.570796327  -51.003584240   -2.356666942  -43.289986200
   -0.349065850   -1.570796327  -52.280581425  -12.266249316  -40.009200518
   -0.174532925   -1.570796327  -55.224451152  -21.336124155  -33.944002776
    0.000000000   -1.570796327  -59.656284536  -29.322833728  -26.357127317
    0.174532925   -1.570796327  -65.391465331  -36.261235275  -18.852538223
    0.349065850   -1.570796327  -72.191424090  -41.235626397  -13.030256661
    0.523598776   -1.570796327  -79.517639329  -41.781896850  -10.051533664
    0.698131701   -1.570796327  -86.314988808  -34.678287089  -10.226471371
    0.872664626   -1.570796327  -91.060807119  -18.234198366  -12.829618916
    1.047197551   -1.570796327  -92.227767615    5.719495176  -16.327725359
    1.221730476   -1.570796327  -88.935637223   31.767246888  -18.971727221
    1.396263402   -1.570796327  -81.411236884   53.144104881  -19.517590026
    1.570796327   -1.570796327  -70.964993536   64.609752104  -17.668352626
    1.745329252   -1.570796327  -59.549622245   64.235702761  -14.088521197
    1.919862177   -1.570796327  -49.163526699   53.181923594   -9.979971359
    2.094395102   -1.570796327  -41.423578337   34.489423238   -6.552719358
    2.268928028   -1.570796327  -37.342762597   11.905296679   -4.572927310
    2.443460953   -1.570796327  -37.265690347  -10.768753608   -4.157845751
    2.617993878   -1.570796327  -40.884284031  -29.856454360   -4.845631113
    2.792526803   -1.570796327  -47.290599968  -42.324455876   -5.858619916
    2.967059728   -1.570796327  -55.143090446  -46.327506906   -6.462546721

   -3.141592654   -1.396263402  -64.487759686  -41.318178253  -11.126467790
   -2.967059728   -1.396263402  -70.719047094  -29.405453857  -10.239803248
   -2.792526803   -1.396263402  -74.588712886  -14.916072462   -8.641010067
   -2.617993878   -1.396263402  -75.994051466   -1.748097969   -6.984144321
   -2.443460953   -1.396263402  -75.440744191    7.221631191   -5.902366424
   -2.268928028   -1.396263402  -73.775512479   11.003194562   -5.811136720
   -2.094395102   -1.396263402  -71.842297989   10.625427040   -6.894695341
   -1.919862177   -1.396263402  -70.175758712    8.388048464   -9.240669456
   -1.745329252   -1.396263402  -68.882022065    6.672782592  -12.950807848
   -1.570796327   -1.396263402  -67.733064753    6.825903477  -18.094068525
   -1.396263402   -1.396263402  -66.392275484    8.710648269  -24.502230811
   -1.221730476   -1.396263402  -64.662612567   10.993381538  -31.524042093
   -1.047197551   -1.396263402  -62.622847955   11.977672031  -37.987880477
   -0.872664626   -1.396263402  -60.614606986   10.524697037  -42.483450386
   -0.698131701   -1.396263402  -59.091565485    6.482596160  -43.828431110
   -0.523598776   -1.396263402  -58.451134003    0.556645849  -41.489178898
   -0.349065850   -1.396263402  -58.936505915   -6.264194362  -35.815750212
   -0.174532925   -1.396263402  -60.649461868  -13.483815766  -27.941602651
    0.000000000   -1.396263402  -63.667133796  -21.258903543  -19.499718188
    0.174532925   -1.396263402  -68.099959644  -29.661101640  -12.220286813
    0.349065850   -1.396263402  -73.974855980  -37.398822910   -7.505232808
    0.523598776   -1.396263402  -80.918111102  -41.238286772   -6.063377701
    0.698131701   -1.396263402  -87.881909468  -36.967209829   -7.679805839
    0.872664626   -1.396263402  -93.180521566  -22.007433036  -11.250255274
    1.047197551   -1.396263402  -95.005788079    2.233196102  -15.142377957
    1.221730476   -1.396263402  -92.182108507   30.064987989  -17.767682707
    1.396263402   -1.396263402  -84.742346339   53.894193496  -18.172237948
    1.570796327   -1.396263402  -73.968138037   67.473778562  -16.318610030
    1.745329252   -1.396263402  -61.942262501   68.147945422  -13.004047392
    1.919862177   -1.396263402  -50.876404316   56.848713228   -9.431853195
    2.094395102   -1.396263402  -42.595171480   36.896391596   -6.737165732
    2.268928028   -1.396263402  -38.239928625   12.630092086   -5.603124278
    2.443460953   -1.396263402  -38.171159247  -11.499405820   -6.090065472
    2.617993878   -1.396263402  -41.995354742  -31.334747796   -7.692953483
    2.792526803   -1.396263402  -48.661414351  -43.682417290   -9.573044552
    2.967059728   -1.396263402  -56.688301749  -46.885970375  -10.894014599

   -3.141592654   -1.221730476  -66.602227388  -41.031952690  -12.550306396
   -2.967059728   -1.221730476  -72.688027741  -28.101882920  -11.804692327
   -2.792526803   -1.221730476  -76.283231265  -13.193493842  -10.348075718
   -2.617993878   -1.221730476  -77.404880685   -0.337862193   -8.871935695
   -2.443460953   -1.221730476  -76.677499268    7.731075492   -8.072033118
   -2.268928028   -1.221730476  -75.026305652   10.309614221   -8.405293280
   -2.094395102   -1.221730476  -73.326100024    8.647278433  -10.027273915
   -1.919862177   -1.221730476  -72.117416175    5.116306867  -12.917327748
   -1.745329252   -1.221730476  -71.509157724    2.092540024  -17.013563627
   -1.570796327   -1.221730476  -71.268794685    1.028107500  -22.205918551
   -1.396263402   -1.221730476  -71.016361613    2.145372984  -28.176020423
   -1.221730476   -1.221730476  -70.432890254    4.622503900  -34.189972126
   -1.047197551   -1.221730476  -69.391994303    7.133794778  -39.086413908
   -0.872664626   -1.221730476  -67.998234011    8.507523108  -41.582709315
   -0.698131701   -1.221730476  -66.518578670    8.069824081  -40.745946284
   -0.523598776   -1.221730476  -65.286238297    5.658833088  -36.388711027
   -0.349065850   -1.221730476  -64.638740734    1.391391438  -29.235881962
   -0.174532925   -1.221730476  -64.904516506   -4.849131092  -20.721622755
    0.000000000   -1.221730476  -66.458253997  -13.405122399  -12.575618590
    0.174532925   -1.221730476  -69.701273409  -24.086506756   -6.351841754
    0.349065850   -1.221730476  -74.870848550  -34.970463521   -3.025182053
    0.523598776   -1.221730476  -81.671787282  -41.962693580   -2.779810867
    0.698131701   -1.221730476  -88.981040486  -39.996391750   -4.990130543
    0.872664626   -1.221730476  -94.906595544  -25.903063872   -8.438204011
    1.047197551   -1.221730476  -97.370984353   -0.965465314  -11.717541956
    1.221730476   -1.221730476  -94.956110444   28.694919057  -13.676148503
    1.396263402   -1.221730476  -87.563834155   54.697055909  -13.784606496
    1.570796327   -1.221730476  -76.489021806   69.967206950  -12.225884990
    1.745329252   -1.221730476  -63.951550011   71.320931962   -9.747691150
    1.919862177   -1.221730476  -52.355103596   59.580573214   -7.311973094
    2.094395102   -1.221730476  -43.699347354   38.355893234   -5.757030442
    2.268928028   -1.221730476  -39.227342465   12.508520329   -5.544621763
    2.443460953   -1.221730476  -39.303100005  -12.944558873   -6.651724176
    2.617993878   -1.221730476  -43.447194976  -33.414177915   -8.613973168
    2.792526803   -1.221730476  -50.468972609  -45.539391478  -10.700521418
    2.967059728   -1.221730476  -58.746988183  -47.815247577  -12.173375339

   -3.141592654   -1.047197551  -68.622967884  -40.924863275  -10.048094430
   -2.967059728   -1.047197551  -74.611876709  -27.167121436   -9.757431376
   -2.792526803   -1.047197551  -78.010168662  -11.980408179   -9.077130458
   -2.617993878   -1.047197551  -78.945990243    0.467941359   -8.555963265
   -2.443460953   -1.047197551  -78.155516110    7.578774172   -8.742174309
   -2.268928028   -1.047197551  -76.635273311    8.948110111   -9.971704871
   -2.094395102   -1.047197551  -75.279234701    6.079531902  -12.302466331
   -1.919862177   -1.047197551  -74.615831951    1.453669645  -15.625454803
   -1.745329252   -1.047197551  -74.733637882   -2.538073720  -19.785112311
   -1.570796327   -1.047197551  -75.370931885   -4.344127096  -24.571138760
   -1.396263402   -1.047197551  -76.084274057   -3.431966640  -29.584920971
   -1.221730476   -1.047197551  -76.425043545   -0.202089268  -34.084831135
   -1.047197551   -1.047197551  -76.072931368    4.264946095  -37.025453109
   -0.872664626   -1.047197551  -74.929498762    8.633988065  -37.382958356
   -0.698131701   -1.047197551  -73.129801663   11.611960637  -34.596377556
   -0.523598776   -1.047197551  -71.008773752   12.148798808  -28.878653386
   -0.349065850   -1.047197551  -69.058219264    9.572790177  -21.258385592
   -0.174532925   -1.047197551  -67.868665168    3.359192890  -13.271862355
    0.000000000   -1.047197551  -68.104644610   -6.748265127   -6.469327431
    0.174532925   -1.047197551  -70.403649545  -20.043891374   -1.967837770
    0.349065850   -1.047197551  -75.124020022  -33.854517941   -0.163302453
    0.523598776   -1.047197551  -81.956818539  -43.312707936   -0.720276335
    0.698131701   -1.047197551  -89.645120584  -42.786851040   -2.754864627
    0.872664626   -1.047197551  -96.092424349  -28.894701475   -5.173897692
    1.047197551   -1.047197551  -99.014154580   -3.079197795   -7.039288539
    1.221730476   -1.047197551  -96.843090985   28.050400816   -7.812151114
    1.396263402   -1.047197551  -89.430879796   55.515059879   -7.449885668
    1.570796327   -1.047197551  -78.119482892   71.737943384   -6.299621725
    1.745329252   -1.047197551  -65.243757639   73.291085169   -4.912839931
    1.919862177   -1.047197551  -53.340516886   61.019197169   -3.833066287
    2.094395102   -1.047197551  -44.517872677   38.776968945   -3.448732577
    2.268928028   -1.047197551  -40.073502740   11.784449029   -3.917044156
    2.443460953   -1.047197551  -40.360469130  -14.567947802   -5.140074542
    2.617993878   -1.047197551  -44.829318121  -35.407637536   -6.796138390
    2.792526803   -1.047197551  -52.184177704  -47.258326881   -8.435967774
    2.967059728   -1.047197551  -60.697927414  -48.726308789   -9.614414209

   -3.141592654   -0.872664626  -69.909591718  -41.246022562   -4.341130197
   -2.967059728   -0.872664626  -75.925160254  -27.191591407   -5.040226230
   -2.792526803   -0.872664626  -79.325693472  -12.046265149   -5.863080315
   -2.617993878   -0.872664626  -80.307769902   -0.063545648   -7.014038498
   -2.443460953   -0.872664626  -79.675908410    6.252939379   -8.702520917
   -2.268928028   -0.872664626  -78.466295178    6.716503770  -11.037236428
   -2.094395102   -0.872664626  -77.574371081    3.013692072  -13.984949789
   -1.919862177   -0.872664626  -77.507880294   -2.296912569  -17.435851907
   -1.745329252   -0.872664626  -78.327924337   -6.797999251  -21.248965643
   -1.570796327   -0.872664626  -79.733612640   -8.823945614  -25.197856052
   -1.396263402   -0.872664626  -81.209044119   -7.567340216  -28.857554225
   -1.221730476   -0.872664626  -82.179294989   -3.114949178  -31.529051585
   -1.047197551   -0.872664626  -82.157488851    3.542233598  -32.360025233
   -0.872664626   -0.872664626  -80.896053495   10.765393112  -30.677445893
   -0.698131701   -0.872664626  -78.469819026   16.590267973  -26.357867059
   -0.523598776   -0.872664626  -75.285498241   19.161208694  -20.003534030
   -0.349065850   -0.872664626  -72.032649704   17.220905611  -12.830098951
   -0.174532925   -0.872664626  -69.564438802   10.124678647   -6.282024800
    0.000000000   -0.872664626  -68.784674985   -2.021972470   -1.527231891
    0.174532925   -0.872664626  -70.476439780  -17.826324234    0.892688874
    0.349065850   -0.872664626  -75.013751759  -33.879702207    1.187226188
    0.523598776   -0.872664626  -81.989315257  -44.761200208    0.130898723
    0.698131701   -0.872664626  -89.980497668  -44.642880544   -1.279829334
    0.872664626   -0.872664626  -96.722710688  -30.313839022   -2.222898964
    1.047197551   -0.872664626  -99.817075520   -3.614821100   -2.326658737
    1.221730476   -0.872664626  -97.659334916   28.387012059   -1.697623120
    1.396263402   -0.872664626  -90.134546912   56.393118785   -0.750292499
    1.570796327   -0.872664626  -78.654536989   72.716901940    0.070169644
    1.745329252   -0.872664626  -65.626734209   74.001740051    0.486819021
    1.919862177   -0.872664626  -53.640481001   61.237905256    0.439006351
    2.094395102   -0.872664626  -44.828734770   38.434453545    0.024285330
    2.268928028   -0.872664626  -40.489733011   10.940818008   -0.615825306
    2.443460953   -0.872664626  -40.956531660  -15.746879503   -1.361807180
    2.617993878   -0.872664626  -45.643588510  -36.687996452   -2.136049286
    2.792526803   -0.872664626  -53.211522930  -48.379151447   -2.904010314
    2.967059728   -0.872664626  -61.891328940  -49.478835045   -3.642372029

   -3.141592654   -0.698131701  -70.047217875  -42.450245214    2.741381898
   -2.967059728   -0.698131701  -76.309504951  -28.802896800    0.535372944
   -2.792526803   -0.698131701  -80.023983564  -14.022745351   -2.293396637
   -2.617993878   -0.698131701  -81.381828384   -2.391208408   -5.464349075
   -2.443460953   -0.698131701  -81.186355251    3.580711125   -8.749430186
   -2.268928028   -0.698131701  -80.470990273    3.734982284  -12.015327605
   -2.094395102   -0.698131701  -80.122208005   -0.219887394  -15.208953500
   -1.919862177   -0.698131701  -80.636895864   -5.712267807  -18.334244243
   -1.745329252   -0.698131701  -82.060718012  -10.267717849  -21.369277516
   -1.570796327   -0.698131701  -84.057022181  -12.052286466  -24.138305092
   -1.396263402   -0.698131701  -86.036269358   -9.999407551  -26.226319327
   -1.221730476   -0.698131701  -87.307687376   -4.002950467  -27.008783033
   -1.047197551   -0.698131701  -87.255784593    4.864253134  -25.868926221
   -0.872664626   -0.698131701  -85.548731800   14.533364498  -22.515156698
   -0.698131701   -0.698131701  -82.277030864   22.377964830  -17.241651922
   -0.523598776   -0.698131701  -77.980092125   25.909967643  -10.946665497
   -0.349065850   -0.698131701  -73.564893539   23.557963774   -4.880270848
   -0.174532925   -0.698131701  -70.116834564   14.851249372   -0.238246190
    0.000000000   -0.698131701  -68.702785049    0.470514935    2.283947586
    0.174532925   -0.698131701  -70.150104204  -17.436136837    2.707116117
    0.349065850   -0.698131701  -74.750576704  -34.834525022    1.737656740
    0.523598776   -0.698131701  -81.934102030  -46.019677197    0.439222528
    0.698131701   -0.698131701  -90.104012694  -45.320042677   -0.207388668
    0.872664626   -0.698131701  -96.880364239  -30.019179374    0.298738215
    1.047197551   -0.698131701  -99.846649281   -2.522044450    1.806656390
    1.221730476   -0.698131701  -97.466418422   29.729734179    3.673820329
    1.396263402   -0.698131701  -89.728395694   57.410607131    5.152264440
    1.570796327   -0.698131701  -78.124582857   73.097625100    5.780667264
    1.745329252   -0.698131701  -65.085227528   73.782824759    5.569689612
    1.919862177   -0.698131701  -53.170927656   60.690346542    4.891307217
    2.094395102   -0.698131701  -44.460709634   37.864115504    4.242020630
    2.268928028   -0.698131701  -40.208433005   10.534059702    3.966781614
    2.443460953   -0.698131701  -40.730419686  -15.983732912    4.122650232
    2.617993878   -0.698131701  -45.454078098  -36.907649356    4.477260385
    2.792526803   -0.698131701  -53.074058628  -48.792094157    4.608940584
    2.967059728   -0.698131701  -61.856007728  -50.253665994    4.107446553

   -3.141592654   -0.523598776  -68.999052608  -44.947489464    8.868971265
   -2.967059728   -0.523598776  -75.794281257  -32.333837928    4.975539423
   -2.792526803   -0.523598776  -80.178928596  -18.074669815    0.186607314
   -2.617993878   -0.523598776  -82.251672058   -6.455739327   -4.733043318
   -2.443460953   -0.523598776  -82.740288737   -0.158588258   -9.168262076
   -2.268928028   -0.523598776  -82.639513827    0.433760375  -12.832101204
   -2.094395102   -0.523598776  -82.832299990   -3.145420703  -15.755327111
   -1.919862177   -0.523598776  -83.832865149   -8.369407260  -18.141895064
   -1.745329252   -0.523598776  -85.697617101  -12.639468964  -20.137825925
   -1.570796327   -0.523598776  -88.065347980  -13.865450004  -21.634000116
   -1.396263402   -0.523598776  -90.275445085  -10.726301476  -22.227148638
   -1.221730476   -0.523598776  -91.535173156   -3.049352292  -21.371052336
   -1.047197551   -0.523598776  -91.142183756    7.847331609  -18.683745503
   -0.872664626   -0.523598776  -88.745077328   19.378349111  -14.224085840
   -0.698131701   -0.523598776  -84.516006293   28.328846408   -8.617074278
   -0.523598776   -0.523598776  -79.166947411   31.808078392   -2.919996240
   -0.349065850   -0.523598776  -73.815278652   28.208552834    1.725248401
   -0.174532925   -0.523598776  -69.726210906   17.462437240    4.461902264
    0.000000000   -0.523598776  -68.047331184    0.931000858    5.050559988
    0.174532925   -0.523598776  -69.561969458  -18.517209728    3.949119731
    0.349065850   -0.523598776  -74.408952362  -36.383399156    2.170928294
    0.523598776   -0.523598776  -81.820515551  -46.927203368    0.889659103
    0.698131701   -0.523598776  -90.037848674  -44.899997966    0.970734304
    0.872664626   -0.523598776  -96.620569045  -28.290118344    2.614853590
    1.047197551   -0.523598776  -99.214726072   -0.142584663    5.283365763
    1.221730476   -0.523598776  -96.429032053   31.842032603    7.989989125
    1.396263402   -0.523598776  -88.399484081   58.561850426    9.822612057
    1.570796327   -0.523598776  -76.694255210   73.139275390   10.378451875
    1.745329252   -0.523598776  -63.719424708   73.096968462    9.910657907
    1.919862177   -0.523598776  -51.942108490   59.921416082    9.090874141
    2.094395102   -0.523598776  -43.331516076   37.560524911    8.649949402
    2.268928028   -0.523598776  -39.073367992   10.903466527    9.000993136
    2.443460953   -0.523598776  -39.484832476  -15.152385416   10.069506424
    2.617993878   -0.523598776  -44.060956791  -36.159832814   11.322099616
    2.792526803   -0.523598776  -51.604964691  -48.772861256   11.960181397
    2.967059728   -0.523598776  -60.484246960  -51.438717145   11.258497135

   -3.141592654   -0.349065850  -67.116119199  -48.811936790   12.047849860
   -2.967059728   -0.349065850  -74.715371722  -37.540264666    6.831466964
   -2.792526803   -0.349065850  -80.059384913  -23.693549562    0.794152033
   -2.617993878   -0.349065850  -83.082257812  -11.596675087   -4.983780572
   -2.443460953   -0.349065850  -84.383885581   -4.285562715   -9.694681290
   -2.268928028   -0.349065850  -84.906661280   -2.606694750  -13.055995389
   -2.094395102   -0.349065850  -85.552778547   -5.358156255  -15.268803745
   -1.919862177   -0.349065850  -86.890970311  -10.066419100  -16.748211912
   -1.745329252   -0.349065850  -89.015696094  -13.904343620  -17.769483420
   -1.570796327   -0.349065850  -91.549326893  -14.425649689  -18.238463201
   -1.396263402   -0.349065850  -93.759301388  -10.065836332  -17.723339729
   -1.221730476   -0.349065850  -94.762599797   -0.714624559  -15.729303551
   -1.047197551   -0.349065850  -93.808072481   11.921380081  -12.072004638
   -0.872664626   -0.349065850  -90.580254216   24.697686741   -7.093854541
   -0.698131701   -0.349065850  -85.381409418   33.928952177   -1.646413011
   -0.523598776   -0.349065850  -79.112702822   36.564006232    3.174179998
   -0.349065850   -0.349065850  -73.074417943   31.199235921    6.421392354
   -0.174532925   -0.349065850  -68.649867186   18.305573563    7.595680308
    0.000000000   -0.349065850  -66.994039363   -0.077772868    6.836520258
    0.174532925   -0.349065850  -68.783810520  -20.474889131    4.882128557
    0.349065850   -0.349065850  -73.968660656  -38.096776338    2.863396004
    0.523598776   -0.349065850  -81.578561770  -47.357783005    1.905303138
    0.698131701   -0.349065850  -89.719407433  -43.587524693    2.687483807
    0.872664626   -0.349065850  -95.939070408  -25.564533108    5.154296730
    1.047197551   -0.349065850  -98.000692561    3.038078129    8.525961669
    1.221730476   -0.349065850  -94.700873550   34.387146810   11.662294879
    1.396263402   -0.349065850  -86.337553062   59.781053794   13.637022457
    1.570796327   -0.349065850  -74.540229180   73.044879475   14.150089298
    1.745329252   -0.349065850  -61.654940159   72.300092121   13.618405065
    1.919862177   -0.349065850  -50.016660054   59.266373640   12.857764045
    2.094395102   -0.349065850  -41.458965388   37.680373159   12.666617786
    2.268928028   -0.349065850  -37.097787617   11.938046201   13.419347851
    2.443460953   -0.349065850  -37.275980938  -13.624415361   14.901862670
    2.617993878   -0.349065850  -41.601331453  -34.975732316   16.380113026
    2.792526803   -0.349065850  -49.036490665  -48.851137543   16.863947772
    2.967059728   -0.349065850  -58.088204050  -53.394074751   15.521611882

   -3.141592654   -0.174532925  -65.007370249  -53.648210067   11.453906932
   -2.967059728   -0.174532925  -73.571936237  -43.584677291    5.779743659
   -2.792526803   -0.174532925  -79.993810447  -29.801702706   -0.318617023
   -2.617993878   -0.174532925  -84.011467434  -16.749078058   -5.732452386
   -2.443460953   -0.174532925  -86.086573094   -7.962905964   -9.731803160
   -2.268928028   -0.174532925  -87.124874771   -4.892661949  -12.204428519
   -2.094395102   -0.174532925  -88.081214315   -6.716220835  -13.551873594
   -1.919862177   -0.174532925  -89.610192207  -10.946448432  -14.323148332
   -1.745329252   -0.174532925  -91.857192564  -14.400605452  -14.799598596
   -1.570796327   -0.174532925  -94.421736238  -14.193749706  -14.790217439
   -1.396263402   -0.174532925  -96.488188271   -8.556441826  -13.760100525
   -1.221730476   -0.174532925  -97.088304331    2.422799675  -11.219825203
   -1.047197551   -0.174532925  -95.452311037   16.522051598   -7.134744364
   -0.872664626   -0.174532925  -91.344354351   30.024421129   -2.069095944
   -0.698131701   -0.174532925  -85.229313819   38.906103057    2.970654498
   -0.523598776   -0.174532925  -78.198077763   40.175990689    6.909298160
   -0.349065850   -0.174532925  -71.697472480   32.823043650    9.010707936
   -0.174532925   -0.174532925  -67.169280163   17.918026433    9.095637054
    0.000000000   -0.174532925  -65.717651030   -1.893627542    7.594919725
    0.174532925   -0.174532925  -67.875404174  -22.681227557    5.408156106
    0.349065850   -0.174532925  -73.394145384  -39.533068472    3.660370368
    0.523598776   -0.174532925  -81.119459013  -47.151466255    3.331384378
    0.698131701   -0.174532925  -89.057776255  -41.510469219    4.879761219
    0.872664626   -0.174532925  -94.786342345  -22.166740071    8.030030137
    1.047197551   -0.174532925  -96.217675028    6.654335032   11.861727879
    1.221730476   -0.174532925  -92.351282735   37.106807270   15.202286383
    1.396263402   -0.174532925  -83.641548954   60.990064110   17.190630011
    1.570796327   -0.174532925  -71.761209775   72.878403882   17.625711580
    1.745329252   -0.174532925  -58.975730357   71.471634110   16.998228190
    1.919862177   -0.174532925  -47.474735586   58.663979549   16.139909873
    2.094395102   -0.174532925  -38.955000981   37.908403747   15.807744776
    2.268928028   -0.174532925  -34.473357342   13.045342381   16.306102689
    2.443460953   -0.174532925  -34.417462777  -12.180576953   17.353500035
    2.617993878   -0.174532925  -38.528453179  -34.136936589   18.188327255
    2.792526803   -0.174532925  -45.941397764  -49.575814233   17.864735435
    2.967059728   -0.174532925  -55.301110838  -56.237436029   15.666525606

   -3.141592654    0.000000000  -63.297539426  -58.674522542    7.705246729
   -2.967059728    0.000000000  -72.814850642  -49.296661118    2.626454374
   -2.792526803    0.000000000  -80.215241725  -35.125762270   -2.312738740
   -2.617993878    0.000000000  -85.063530058  -20.838923712   -6.274385548
   -2.443460953    0.000000000  -87.719102506  -10.529548469   -8.848161260
   -2.268928028    0.000000000  -89.091399583   -6.240650209  -10.198502018
   -2.094395102    0.000000000  -90.220098632   -7.442858646  -10.883302608
   -1.919862177    0.000000000  -91.857117288  -11.494940693  -11.442763781
   -1.745329252    0.000000000  -94.185498889  -14.730950180  -12.000380882
   -1.570796327    0.000000000  -96.753641427  -13.789201509  -12.142844329
   -1.396263402    0.000000000  -98.638384465   -6.780031271  -11.165107147
   -1.221730476    0.000000000  -98.784145127    5.854394062   -8.554712321
   -1.047197551    0.000000000  -96.426116277   21.254303157   -4.403192734
   -0.872664626    0.000000000  -91.443791142   35.127576589    0.533124673
   -0.698131701    0.000000000  -84.488858394   43.237240170    5.121522131
   -0.523598776    0.000000000  -76.837098022   42.839294342    8.317762889
   -0.349065850    0.000000000  -70.047239675   33.463792098    9.570730461
   -0.174532925    0.000000000  -65.568376921   16.806887171    8.968026311
    0.000000000    0.000000000  -64.408987677   -3.971012128    7.167716234
    0.174532925    0.000000000  -66.935538651  -24.641223399    5.171785963
    0.349065850    0.000000000  -72.707798061  -40.323868702    4.051336221
    0.523598776    0.000000000  -80.415914967  -46.110261967    4.606854421
    0.698131701    0.000000000  -88.006433444  -38.641515717    7.066539285
    0.872664626    0.000000000  -93.122585579  -18.189732517   10.950880240
    1.047197551    0.000000000  -93.846631383   10.575616929   15.236974298
    1.221730476    0.000000000  -89.382007454   39.900597684   18.761831074
    1.396263402    0.000000000  -80.326596925   62.131889093   20.739381621
    1.570796327    0.000000000  -68.382045331   72.569439750   21.032413975
    1.745329252    0.000000000  -55.727298250   70.427106372   20.131771900
    1.919862177    0.000000000  -44.411207569   57.719588799   18.810942509
    2.094395102    0.000000000  -36.005043933   37.602460146   17.750088123
    2.268928028    0.000000000  -31.516125417   13.387764531   17.221952949
    2.443460953    0.000000000  -31.378392778  -11.705782755   16.998439940
    2.617993878    0.000000000  -35.454478637  -34.358063066   16.477011117
    2.792526803    0.000000000  -43.024966384  -51.264924071   14.964093122
    2.967059728    0.000000000  -52.837277616  -59.738898013   12.018077993

   -3.141592654    0.174532925  -62.394557192  -63.022971932    2.527749083
   -2.967059728    0.174532925  -72.680648983  -53.620124512   -1.099677713
   -2.792526803    0.174532925  -80.778436544  -38.683177349   -4.073283337
   -2.617993878    0.174532925  -86.145966454  -23.193707904   -6.027827590
   -2.443460953    0.174532925  -89.109049532  -11.751371678   -6.995989907
   -2.268928028    0.174532925  -90.630992042   -6.838191796   -7.421527402
   -2.094395102    0.174532925  -91.854846527   -8.018604245   -7.909423259
   -1.919862177    0.174532925  -93.614232924  -12.317366488   -8.831452100
   -1.745329252    0.174532925  -96.089366091  -15.490141234  -10.015303406
   -1.570796327    0.174532925  -98.731074531  -13.726608951  -10.752642234
   -1.396263402    0.174532925 -100.477150723   -5.154339979  -10.162357442
   -1.221730476    0.174532925 -100.181794224    9.259445611   -7.733246891
   -1.047197551    0.174532925  -97.108006743   25.904039988   -3.698517197
   -0.872664626    0.174532925  -91.283397380   39.922205819    1.001617599
   -0.698131701    0.174532925  -83.566983226   46.985004789    5.129136725
   -0.523598776    0.174532925  -75.413448607   44.755470178    7.683253121
   -0.349065850    0.174532925  -68.462727238   33.424346322    8.286603764
   -0.174532925    0.174532925  -64.128084100   15.325817250    7.260357589
    0.000000000    0.174532925  -63.286234457   -5.951107819    5.453218467
    0.174532925    0.174532925  -66.121968738  -26.025976317    3.942197584
    0.349065850    0.174532925  -72.014318275  -40.194818591    3.724144897
    0.523598776    0.174532925  -79.530711111  -44.029114415    5.400483001
    0.698131701    0.174532925  -86.599025598  -34.850629728    8.951888232
    0.872664626    0.174532925  -90.964613698  -13.568692865   13.683629481
    1.047197551    0.174532925  -90.897117266   14.824137496   18.469808227
    1.221730476    0.174532925  -85.801372909   42.759637026   22.167472759
    1.396263402    0.174532925  -76.406020990   63.152765582   24.066755369
    1.570796327    0.174532925  -64.432324429   71.975304481   24.081811471
    1.745329252    0.174532925  -51.975810612   68.881206804   22.677587684
    1.919862177    0.174532925  -40.957135939   55.972416092   20.549368127
    2.094395102    0.174532925  -32.834946176   36.145668095   18.310230414
    2.268928028    0.174532925  -28.567407443   12.279040598   16.258361493
    2.443460953    0.174532925  -28.615555326  -12.809507241   14.324238138
    2.617993878    0.174532925  -32.923237442  -35.998890910   12.193654928
    2.792526803    0.174532925  -40.860991139  -53.883257812    9.538551541
    2.967059728    0.174532925  -51.224919767  -63.411393722    6.241584131

   -3.141592654    0.349065850  -62.375108317  -66.048230486   -2.112882936
   -2.967059728    0.349065850  -73.137036647  -55.977658842   -3.925882756
   -2.792526803    0.349065850  -81.567133396  -40.110172320   -4.792394037
   -2.617993878    0.349065850  -87.104699153  -23.751613984   -4.854683765
   -2.443460953    0.349065850  -90.118337002  -11.864996024   -4.552693505
   -2.268928028    0.349065850  -91.666450307   -7.124279497   -4.509423732
   -2.094395102    0.349065850  -92.992161238   -8.941919356   -5.245424617
   -1.919862177    0.349065850  -94.970904696  -13.847244202   -6.857174697
   -1.745329252    0.349065850  -97.723477591  -16.990440766   -8.840786841
   -1.570796327    0.349065850 -100.553486640  -14.215094878  -10.235719091
   -1.396263402    0.349065850 -102.235299361   -3.839838220  -10.073150644
   -1.221730476    0.349065850 -101.539182833   12.483266523   -7.918126524
   -1.047197551    0.349065850  -97.782875117   30.320520186   -4.166608573
   -0.872664626    0.349065850  -91.171657236   44.295680467    0.097074936
   -0.698131701    0.349065850  -82.785135015   50.119873112    3.600763006
   -0.523598776    0.349065850  -74.244632643   46.002843206    5.451375346
   -0.349065850    0.349065850  -67.238771255   32.883077797    5.477248037
   -0.174532925    0.349065850  -63.105248552   13.725260474    4.223339376
    0.000000000    0.349065850  -62.558603557   -7.544313930    2.693158623
    0.174532925    0.349065850  -65.592325353  -26.539419537    1.991682345
    0.349065850    0.349065850  -71.421413489  -38.876233771    2.989270130
    0.523598776    0.349065850  -78.529275835  -40.698336117    6.034431380
    0.698131701    0.349065850  -84.871952849  -30.017556703   10.813126194
    0.872664626    0.349065850  -88.336675657   -8.285687494   16.389677443
    1.047197551    0.349065850  -87.398440705   19.327733524   21.539863222
    1.221730476    0.349065850  -81.657323782   45.545796180   25.180047580
    1.396263402    0.349065850  -71.955799590   63.872351474   26.729839265
    1.570796327    0.349065850  -60.022329064   70.883138154   26.206241094
    1.745329252    0.349065850  -47.871436411   66.588592792   24.081881182
    1.919862177    0.349065850  -37.308124542   53.149082129   20.991032855
    2.094395102    0.349065850  -29.688713573   33.263468943   17.493946528
    2.268928028    0.349065850  -25.915100053    9.503112705   13.935855964
    2.443460953    0.349065850  -26.443610907  -15.569176414   10.437759494
    2.617993878    0.349065850  -31.245324838  -38.926601935    6.995873932
    2.792526803    0.349065850  -39.716159274  -57.061188422    3.636090268
    2.967059728    0.349065850  -50.648190307  -66.691736249    0.505580745

   -3.141592654    0.523598776  -63.018087023  -67.529238684   -4.927150680
   -2.967059728    0.523598776  -73.947173567  -56.413607839   -5.098688436
   -2.792526803    0.523598776  -82.374802103  -39.701603901   -4.319943541
   -2.617993878    0.523598776  -87.800977656  -22.976618682   -3.111880494
   -2.443460953    0.523598776  -90.694814863  -11.375843655   -2.149712068
   -2.268928028    0.523598776  -92.227285810   -7.508113597   -2.070678286
   -2.094395102    0.523598776  -93.716886103  -10.427361667   -3.204864157
   -1.919862177    0.523598776  -96.030536825  -16.088681876   -5.366667255
   -1.745329252    0.523598776  -99.178596434  -19.102070497   -7.822520404
   -1.570796327    0.523598776 -102.286822675  -15.123759562   -9.532753381
   -1.396263402    0.523598776 -103.964958862   -2.824206836   -9.612423621
   -1.221730476    0.523598776 -102.920892675   15.370463479   -7.796008155
   -1.047197551    0.523598776  -98.554727959   34.221778798   -4.623141013
   -0.872664626    0.523598776  -91.265742624   47.940502214   -1.206806212
   -0.698131701    0.523598776  -82.348000199   52.421287891    1.298530595
   -0.523598776    0.523598776  -73.560356466   46.525160083    2.234458933
   -0.349065850    0.523598776  -66.598763784   31.967498616    1.700357864
   -0.174532925    0.523598776  -62.686790666   12.286322336    0.456451947
    0.000000000    0.523598776  -62.354878569   -8.378616709   -0.405429457
    0.174532925    0.523598776  -65.408231715  -25.798052729    0.145740496
    0.349065850    0.523598776  -70.928853763  -36.055898261    2.740330297
    0.523598776    0.523598776  -77.368547151  -35.949333883    7.373161151
    0.698131701    0.523598776  -82.768806957  -24.160760329   13.369727824
    0.872664626    0.523598776  -85.202237555   -2.546208212   19.545260271
    1.047197551    0.523598776  -83.362970753   23.742814309   24.627711075
    1.221730476    0.523598776  -77.028371407   47.858594849   27.690033087
    1.396263402    0.523598776  -67.122787478   63.921744720   28.395390646
    1.570796327    0.523598776  -55.355246094   69.025239064   26.965882510
    1.745329252    0.523598776  -43.651998407   63.423452498   23.950128030
    1.919862177    0.523598776  -33.710386084   49.280155044   19.950713624
    2.094395102    0.523598776  -26.793526555   29.142058008   15.472995916
    2.268928028    0.523598776  -23.740699960    5.395851111   10.881323456
    2.443460953    0.523598776  -24.973607518  -19.518617323    6.438230752
    2.617993878    0.523598776  -30.442207174  -42.592245610    2.370024193
    2.792526803    0.523598776  -39.514889734  -60.252192489   -1.058379566
    2.967059728    0.523598776  -50.944329633  -69.145939540   -3.567163849

   -3.141592654    0.698131701  -63.968301732  -67.665132391   -5.716319700
   -2.967059728    0.698131701  -74.821891074  -55.468592452   -4.792532611
   -2.792526803    0.698131701  -83.026048717  -38.189148598   -3.150113790
   -2.617993878    0.698131701  -88.188710268  -21.583035955   -1.464475519
   -2.443460953    0.698131701  -90.900418456  -10.778087224   -0.413580606
   -2.268928028    0.698131701  -92.432084470   -8.131635004   -0.481865577
   -2.094395102    0.698131701  -94.139456519  -12.247978947   -1.766529936
   -1.919862177    0.698131701  -96.839018797  -18.557303428   -3.900129849
   -1.745329252    0.698131701 -100.408081451  -21.287243987   -6.133154830
   -1.570796327    0.698131701 -103.802174074  -16.080443825   -7.598127162
   -1.396263402    0.698131701 -105.498116481   -2.044626711   -7.686039368
   -1.221730476    0.698131701 -104.176936007   17.661579080   -6.359099279
   -1.047197551    0.698131701  -99.339455512   37.140984017   -4.211611366
   -0.872664626    0.698131701  -91.568167650   50.363669354   -2.194787639
   -0.698131701    0.698131701  -82.333426323   53.543288331   -1.138863414
   -0.523598776    0.698131701  -73.477583863   46.231054687   -1.318825099
   -0.349065850    0.698131701  -66.651426010   30.859054353   -2.310745079
   -0.174532925    0.698131701  -62.929880959   11.401955126   -3.182734359
    0.000000000    0.698131701  -62.653321581   -7.966082995   -2.872351028
    0.174532925    0.698131701  -65.464604355  -23.358400238   -0.579928479
    0.349065850    0.698131701  -70.367741386  -31.463586567    3.931050484
    0.523598776    0.698131701  -75.854297360  -29.770897597   10.195024754
    0.698131701    0.698131701  -80.117818890  -17.544418919   17.145653171
    0.872664626    0.698131701  -81.456209284    3.164437164   23.404001077
    1.047197551    0.698131701  -78.782056938   27.469200432   27.765414196
    1.221730476    0.698131701  -72.011278816   49.110450582   29.594244642
    1.396263402    0.698131701  -62.096639518   62.841118096   28.919409080
    1.570796327    0.698131701  -50.683501429   66.152550574   26.257159250
    1.745329252    0.698131701  -39.591409694   59.392302356   22.283983007
    1.919862177    0.698131701  -30.413643521   44.634892676   17.587973659
    2.094395102    0.698131701  -24.330874476   24.286429511   12.602678469
    2.268928028    0.698131701  -22.121018417    0.639596196    7.655404850
    2.443460953    0.698131701  -24.154440364  -23.892735424    3.053917202
    2.617993878    0.698131701  -30.331304435  -46.278612473   -0.880915229
    2.792526803    0.698131701  -39.964620764  -62.937494949   -3.804753641
    2.967059728    0.698131701  -51.757438739  -70.584548372   -5.448622490

   -3.141592654    0.872664626  -64.934034388  -66.923901185   -5.298982980
   -2.967059728    0.872664626  -75.577147148  -53.881211164   -3.918993983
   -2.792526803    0.872664626  -83.474729763  -36.374905751   -2.160408036
   -2.617993878    0.872664626  -88.349691330  -20.196768758   -0.632740407
   -2.443460953    0.872664626  -90.895881832  -10.325605610    0.185333097
   -2.268928028    0.872664626  -92.446510429   -8.796484106    0.076152833
   -2.094395102    0.872664626  -94.355225271  -13.820075772   -0.849049475
   -1.919862177    0.872664626  -97.369875594  -20.481523604   -2.200189480
   -1.745329252    0.872664626 -101.253238668  -22.846027343   -3.451749755
   -1.570796327    0.872664626 -104.842011410  -16.681742922   -4.141564528
   -1.396263402    0.872664626 -106.541557799   -1.499553801   -4.074937767
   -1.221730476    0.872664626 -105.046386462   19.005938535   -3.438199310
   -1.047197551    0.872664626  -99.956086328   38.549559194   -2.745555883
   -0.872664626    0.872664626  -91.989845506   51.077658625   -2.581548507
   -0.698131701    0.872664626  -82.720241961   53.218246068   -3.261047322
   -0.523598776    0.872664626  -73.995606230   45.157595922   -4.564913175
   -0.349065850    0.872664626  -67.363833068   29.877034574   -5.742660035
   -0.174532925    0.872664626  -63.728846900   11.561928510   -5.786100674
    0.000000000    0.872664626  -63.259703132   -5.811965589   -3.823367120
    0.174532925    0.872664626  -65.492999659  -18.891175478    0.534071643
    0.349065850    0.872664626  -69.436376492  -25.060382406    6.988771557
    0.523598776    0.872664626  -73.706981663  -22.453561686   14.567042161
    0.698131701    0.872664626  -76.715041803  -10.726020790   21.872466309
    0.872664626    0.872664626  -77.005941308    8.154522165   27.481660301
    1.047197551    0.872664626  -73.684514523   29.828761967   30.428674449
    1.221730476    0.872664626  -66.742867873   48.757337256   30.494149340
    1.396263402    0.872664626  -57.091932888   60.291762765   28.130223330
    1.570796327    0.872664626  -46.260263298   62.164563585   24.149977117
    1.745329252    0.872664626  -35.938725570   54.643046570   19.340630588
    1.919862177    0.872664626  -27.620003611   39.600408782   14.259399276
    2.094395102    0.872664626  -22.416834547   19.286030365    9.245821502
    2.268928028    0.872664626  -21.056834955   -4.049825457    4.541395918
    2.443460953    0.872664626  -23.859389045  -27.967903202    0.409731312
    2.617993878    0.872664626  -30.669674347  -49.402985254   -2.856375250
    2.792526803    0.872664626  -40.743853872  -64.820658992   -4.966110027
    2.967059728    0.872664626  -52.746721168  -71.093010790   -5.759512616

   -3.141592654    1.047197551  -65.819121160  -65.810904051   -5.020632179
   -2.967059728    1.047197551  -76.217558886  -52.276243623   -3.654837613
   -2.792526803    1.047197551  -83.832530501  -34.829616844   -2.215809744
   -2.617993878    1.047197551  -88.477272835  -19.156365052   -1.118932662
   -2.443460953    1.047197551  -90.903707018  -10.000984590   -0.546318052
   -2.268928028    1.047197551  -92.456994201   -9.115344211   -0.420393739
   -2.094395102    1.047197551  -94.457821275  -14.495179382   -0.486860905
   -1.919862177    1.047197551  -97.594753228  -21.148406111   -0.474020698
   -1.745329252    1.047197551 -101.571261400  -23.211888358   -0.243596880
   -1.570796327    1.047197551 -105.188741491  -16.652148910    0.139304279
   -1.396263402    1.047197551 -106.858080726   -1.233607722    0.420318080
   -1.221730476    1.047197551 -105.321886842   19.129804501    0.246613967
   -1.047197551    1.047197551 -100.253188484   38.111863192   -0.693748698
   -0.872664626    1.047197551  -92.430397158   49.860526621   -2.481599696
   -0.698131701    1.047197551  -83.427852824   51.453958779   -4.815304796
   -0.523598776    1.047197551  -75.010002363   43.563048616   -6.955898155
   -0.349065850    1.047197551  -68.569466207   29.453718159   -7.889194751
   -0.174532925    1.047197551  -64.837089161   13.222709619   -6.663607483
    0.000000000    1.047197551  -63.858676979   -1.614202699   -2.765766279
    0.174532925    1.047197551  -65.150056164  -12.396488245    3.632491522
    0.349065850    1.047197551  -67.823091713  -17.208205024   11.628750023
    0.523598776    1.047197551  -70.706231025  -14.661748657   19.792226246
    0.698131701    1.047197551  -72.470944536   -4.507257573   26.561517010
    0.872664626    1.047197551  -71.899230672   11.684668142   30.691453936
    1.047197551    1.047197551  -68.230206578   30.292995113   31.641844589
    1.221730476    1.047197551  -61.452043116   46.537443551   29.687086691
    1.396263402    1.047197551  -52.361672361   56.250158717   25.669403091
    1.570796327    1.047197551  -42.326183768   57.216460672   20.601800731
    1.745329252    1.047197551  -32.895571835   49.462427773   15.287897581
    1.919862177    1.047197551  -25.471648085   34.568130118   10.196119540
    2.094395102    1.047197551  -21.118012981   14.609767578    5.541462582
    2.268928028    1.047197551  -20.529843213   -8.180053843    1.448928527
    2.443460953    1.047197551  -23.988423726  -31.314760985   -1.913715759
    2.617993878    1.047197551  -31.295408930  -51.701979342   -4.343940156
    2.792526803    1.047197551  -41.665617165  -65.888408089   -5.658484122
    2.967059728    1.047197551  -53.747352099  -70.939402613   -5.821789754

   -3.141592654    1.221730476  -66.760142713  -64.673179769   -6.125445706
   -2.967059728    1.221730476  -76.936887185  -50.949580587   -4.961065795
   -2.792526803    1.221730476  -84.334945331  -33.724217209   -3.893711039
   -2.617993878    1.221730476  -88.821791720  -18.455092288   -3.139003807
   -2.443460953    1.221730476  -91.156111260   -9.605240303   -2.607216848
   -2.268928028    1.221730476  -92.646852876   -8.738970338   -1.976364431
   -2.094395102    1.221730476  -94.562916303  -13.865914123   -0.918992540
   -1.919862177    1.221730476  -97.561168884  -20.201200966    0.652368002
   -1.745329252    1.221730476 -101.357929515  -22.157355948    2.458260609
   -1.570796327    1.221730476 -104.811320425  -15.908292347    3.928561819
   -1.396263402    1.221730476 -106.411543205   -1.259353821    4.427216115
   -1.221730476    1.221730476 -104.971568232   18.012902166    3.515710353
   -1.047197551    1.221730476 -100.196315387   35.891369109    1.147000387
   -0.872664626    1.221730476  -92.832038838   46.924091361   -2.233338336
   -0.698131701    1.221730476  -84.347576515   48.618604863   -5.730280284
   -0.523598776    1.221730476  -76.337797656   41.913544900   -8.159177064
   -0.349065850    1.221730476  -70.003613312   30.034924563   -8.361797524
   -0.174532925    1.221730476  -65.924956856   16.656477507   -5.584795532
    0.000000000    1.221730476  -64.098917319    4.584047951    0.198813697
    0.174532925    1.221730476  -64.125556012   -4.306231764    8.191713973
    0.349065850    1.221730476  -65.325016247   -8.687158023   16.924015864
    0.523598776    1.221730476  -66.804819871   -7.364507589   24.660053813
    0.698131701    1.221730476  -67.507025910    0.187767272   29.900537630
    0.872664626    1.221730476  -66.398709539   13.092218417   31.805995671
    1.047197551    1.221730476  -62.765416047   28.573037037   30.405068556
    1.221730476    1.221730476  -56.503371086   42.517087861   26.475972962
    1.396263402    1.221730476  -48.235784656   51.023321777   21.148104628
    1.570796327    1.221730476  -39.146627618   51.720310247   15.478543570
    1.745329252    1.221730476  -30.654000179   44.266779280   10.148115657
    1.919862177    1.221730476  -24.091785850   29.905611502    5.447096376
    2.094395102    1.221730476  -20.499749005   10.550576670    1.422398017
    2.268928028    1.221730476  -20.562557203  -11.558091186   -1.934479574
    2.443460953    1.221730476  -24.541344686  -33.868974031   -4.558806206
    2.617993878    1.221730476  -32.209971726  -53.260330499   -6.326454881
    2.792526803    1.221730476  -42.758735060  -66.365722900   -7.125584021
    2.967059728    1.221730476  -54.836531643  -70.444836537   -6.980342609

   -3.141592654    1.396263402  -68.062525545  -63.638205492   -9.193713961
   -2.967059728    1.396263402  -78.048226948  -49.862905256   -8.140689138
   -2.792526803    1.396263402  -85.275612044  -32.882305547   -7.196486628
   -2.617993878    1.396263402  -89.638598028  -17.843496597   -6.469488575
   -2.443460953    1.396263402  -91.864263708   -8.895123779   -5.711419733
   -2.268928028    1.396263402  -93.190752659   -7.502937817   -4.451523476
   -2.094395102    1.396263402  -94.826813297  -11.890152277   -2.333347247
   -1.919862177    1.396263402  -97.428678428  -17.713268666    0.573756866
   -1.745329252    1.396263402 -100.791427715  -19.808086890    3.671066080
   -1.570796327    1.396263402 -103.907136092  -14.526556867    6.023358479
   -1.396263402    1.396263402 -105.400992060   -1.505580417    6.744269314
   -1.221730476    1.396263402 -104.164568689   15.931352507    5.382280733
   -1.047197551    1.396263402  -99.888292210   32.365413354    2.144444594
   -0.872664626    1.396263402  -93.200630606   42.888968242   -2.085635855
   -0.698131701    1.396263402  -85.371806717   45.372236773   -5.955939259
   -0.523598776    1.396263402  -77.762167634   40.775842108   -7.995308009
   -0.349065850    1.396263402  -71.369029409   31.951894759   -7.057372626
   -0.174532925    1.396263402  -66.667126165   21.837496218   -2.708792013
    0.000000000    1.396263402  -63.695624052   12.342376275    4.538393013
    0.174532925    1.396263402  -62.245561371    4.565444265   13.309771567
    0.349065850    1.396263402  -61.932796405   -0.536651180   21.719770431
    0.523598776    1.396263402  -62.178565206   -1.605228478   27.949243826
    0.698131701    1.396263402  -62.164569011    2.540278656   30.786123691
    0.872664626    1.396263402  -60.956654396   11.941940456   29.957960204
    1.047197551    1.396263402  -57.781127157   24.656635765   26.117374944
    1.221730476    1.396263402  -52.358082145   37.028829361   20.492450974
    1.396263402    1.396263402  -45.098016055   45.138199457   14.370531717
    1.570796327    1.396263402  -37.008202468   46.238312792    8.695200771
    1.745329252    1.396263402  -29.408839161   39.530275688    3.885076235
    1.919862177    1.396263402  -23.605791174   25.927302433   -0.046875586
    2.094395102    1.396263402  -20.648904573    7.234648395   -3.273681221
    2.268928028    1.396263402  -21.236378997  -14.245541635   -5.943484494
    2.443460953    1.396263402  -25.624937811  -35.851997336   -8.063446513
    2.617993878    1.396263402  -33.568832381  -54.402870207   -9.517841152
    2.792526803    1.396263402  -44.238313907  -66.596746941  -10.168690605
    2.967059728    1.396263402  -56.284229025  -69.880303883   -9.994045632

   -3.141592654    1.570796327  -70.060224667  -62.633692839  -13.958851090
   -2.967059728    1.570796327  -79.855836695  -48.758538416  -12.793106238
   -2.792526803    1.570796327  -86.903794986  -31.951138358  -11.624002317
   -2.617993878    1.570796327  -91.116442312  -17.003613374  -10.574248771
   -2.443460953    1.570796327  -93.173759948   -7.712389684   -9.375577653
   -2.268928028    1.570796327  -94.226405197   -5.481000220   -7.514209585
   -2.094395102    1.570796327  -95.420140324   -8.861518514   -4.628512340
   -1.919862177    1.570796327  -97.431443702  -14.095600893   -0.866774373
   -1.745329252    1.570796327 -100.176230664  -16.529453656    3.013923234
   -1.570796327    1.570796327 -102.827946209  -12.658505197    5.904489520
   -1.396263402    1.570796327 -104.177196231   -1.797935230    6.823661449
   -1.221730476    1.570796327 -103.190794469   13.402402446    5.373752472
   -1.047197551    1.570796327  -99.504130471   28.311555881    1.972112920
   -0.872664626    1.570796327  -93.563590608   38.639116885   -2.203483682
   -0.698131701    1.570796327  -86.378133493   42.515480243   -5.549560027
   -0.523598776    1.570796327  -79.041923404   40.681675008   -6.529511357
   -0.349065850    1.570796327  -72.366178565   35.323271461   -4.191740502
   -0.174532925    1.570796327  -66.784806365   28.407466019    1.482811372
    0.000000000    1.570796327  -62.471501559   20.874303966    9.475420064
    0.174532925    1.570796327  -59.496367349   13.164811995   17.998117226
    0.349065850    1.570796327  -57.823184922    6.154782333   24.997881698
    0.523598776    1.570796327  -57.180011312    1.723904934   28.821369677
    0.698131701    1.570796327  -56.922316407    2.013877378   28.713920652
    0.872664626    1.570796327  -56.109787622    8.105387297   25.019112019
    1.047197551    1.570796327  -53.803798426   18.775710438   18.957479893
    1.221730476    1.570796327  -49.478714441   30.551556927   12.093702398
    1.396263402    1.570796327  -43.315788121   39.181768578    5.745815677
    1.570796327    1.570796327  -36.176339492   41.332681289    0.625112899
    1.745329252    1.570796327  -29.337769791   35.682079625   -3.210235122
    1.919862177    1.570796327  -24.133423215   22.860476567   -6.097942324
    2.094395102    1.570796327  -21.665308435    4.664559024   -8.466556287
    2.268928028    1.570796327  -22.668925373  -16.441513171  -10.591190808
    2.443460953    1.570796327  -27.404589767  -37.598424873  -12.494772605
    2.617993878    1.570796327  -35.600595969  -55.502288247  -13.980342911
    2.792526803    1.570796327  -46.393224482  -66.882668043  -14.780865288
    2.967059728    1.570796327  -58.418616509  -69.382561028  -14.737455619

   -3.141592654    1.745329252  -72.962745715  -61.509303756  -19.339149672
   -2.967059728    1.745329252  -82.530808789  -47.356202099  -17.889917765
   -2.792526803    1.745329252  -89.336107071  -30.605259409  -16.263883410
   -2.617993878    1.745329252  -93.320026357  -15.687988297  -14.677239961
   -2.443460953    1.745329252  -95.122130314   -6.011374071  -12.948344778
   -2.268928028    1.745329252  -95.806551302   -2.897440362  -10.614708840
   -2.094395102    1.745329252  -96.457119188   -5.246546088   -7.335408302
   -1.919862177    1.745329252  -97.777463027   -9.928175827   -3.265600342
   -1.745329252    1.745329252  -99.817785871  -12.824623500    0.834883977
   -1.570796327    1.745329252 -101.946386173  -10.543580467    3.871242801
   -1.396263402    1.745329252 -103.122082073   -1.991221340    4.922826930
   -1.221730476    1.745329252 -102.371425075   10.969889235    3.716011990
   -1.047197551    1.745329252  -99.241920551   24.570008128    0.835492537
   -0.872664626    1.745329252  -93.960226807   35.114816206   -2.403612582
   -0.698131701    1.745329252  -87.250667947   40.844450252   -4.383131588
   -0.523598776    1.745329252  -79.951876260   42.055095068   -3.754847294
   -0.349065850    1.745329252  -72.739809781   40.056502190    0.048550334
   -0.174532925    1.745329252  -66.085575454   35.751314220    6.575414923
    0.000000000    1.745329252  -60.377222549   29.191507156   14.411682983
    0.174532925    1.745329252  -56.015139209   20.391758369   21.606542391
    0.349065850    1.745329252  -53.314132471   10.457455112   26.242399386
    0.523598776    1.745329252  -52.258737168    2.066963627   27.071082324
    0.698131701    1.745329252  -52.288658541   -1.511613216   23.893373952
    0.872664626    1.745329252  -52.353634213    1.830261657   17.609961691
    1.047197551    1.745329252  -51.263337275   11.410075927    9.853415518
    1.221730476    1.745329252  -48.201656208   23.656089751    2.356158200
    1.396263402    1.745329252  -43.126298128   33.703860790   -3.660292503
    1.570796327    1.745329252  -36.800299629   37.451382801   -7.791517561
    1.745329252    1.745329252  -30.525224431   33.010455449  -10.374203708
    1.919862177    1.745329252  -25.725161580   20.804066737  -12.107087050
    2.094395102    1.745329252  -23.598524441    2.757403808  -13.659279349
    2.268928028    1.745329252  -24.936964016  -18.364636057  -15.389685661
    2.443460953    1.745329252  -30.001629873  -39.387875749  -17.275712887
    2.617993878    1.745329252  -38.474480339  -56.814982342  -18.977613438
    2.792526803    1.745329252  -49.429789501  -67.382477212  -20.050207305
    2.967059728    1.745329252  -61.461436038  -68.962892729  -20.169199730

   -3.141592654    1.919862177  -76.747255543  -60.192327129  -23.757777628
   -2.967059728    1.919862177  -86.034317442  -45.544791933  -22.007997048
   -2.792526803    1.919862177  -92.512060985  -28.714359087  -19.905602746
   -2.617993878    1.919862177  -96.168624175  -13.808527952  -17.763698897
   -2.443460953    1.919862177  -97.623615722   -3.838411393  -15.539079875
   -2.268928028    1.919862177  -97.870812247   -0.003767338  -12.900264902
   -2.094395102    1.919862177  -97.939693186   -1.499244121   -9.575893428
   -1.919862177    1.919862177  -98.559112492   -5.770276496   -5.698947563
   -1.745329252    1.919862177  -99.903543964   -9.193328695   -1.917646922
   -1.570796327    1.919862177 -101.519073472   -8.447868982    0.851932837
   -1.396263402    1.919862177 -102.508794192   -1.995082434    1.903439885
   -1.221730476    1.919862177 -101.930233036    9.104401410    1.170143274
   -1.047197551    1.919862177  -99.216383723   21.893672701   -0.625666109
   -0.872664626    1.919862177  -94.363602921   33.143875353   -2.187204873
   -0.698131701    1.919862177  -87.830423887   40.999109340   -2.129029699
   -0.523598776    1.919862177  -80.255437068   45.115072801    0.451122356
   -0.349065850    1.919862177  -72.261530581   45.834074239    5.569731818
   -0.174532925    1.919862177  -64.440315752   43.074480522   12.301328937
    0.000000000    1.919862177  -57.448520714   36.247242805   19.013473398
    0.174532925    1.919862177  -52.019742511   25.259636102   23.887443227
    0.349065850    1.919862177  -48.769179761   11.725391571   25.446705185
    0.523598776    1.919862177  -47.849201038   -0.732520531   23.045983440
    0.698131701    1.919862177  -48.683483971   -7.731168518   17.071518113
    0.872664626    1.919862177  -50.025742283   -6.279897394    8.846042012
    1.047197551    1.919862177  -50.381017963    3.255039089    0.189281309
    1.221730476    1.919862177  -48.631699825   16.960356460   -7.215101077
    1.396263402    1.919862177  -44.540538407   29.153340134  -12.380855788
    1.570796327    1.919862177  -38.829661856   34.851744442  -15.251130396
    1.745329252    1.919862177  -32.891457327   31.600523910  -16.520920337
    1.919862177    1.919862177  -28.298426979   19.714034666  -17.173846463
    2.094395102    1.919862177  -26.380877629    1.396664903  -18.032456487
    2.268928028    1.919862177  -27.995066505  -20.144386276  -19.463749357
    2.443460953    1.919862177  -33.390698432  -41.317166288  -21.353947519
    2.617993878    1.919862177  -42.177468759  -58.385434345  -23.220632437
    2.792526803    1.919862177  -53.338408441  -68.093642511  -24.476418147
    2.967059728    1.919862177  -65.399442262  -68.582860554  -24.680454391

   -3.141592654    2.094395102  -81.107349046  -58.726754101  -25.733760672
   -2.967059728    2.094395102  -90.073002558  -43.417670613  -23.846511377
   -2.792526803    2.094395102  -96.154647908  -26.365913851  -21.461879812
   -2.617993878    2.094395102  -99.398941841  -11.438856723  -18.921504116
   -2.443460953    2.094395102 -100.430241549   -1.308603764  -16.319501748
   -2.268928028    2.094395102 -100.200617588    2.967266419  -13.518654216
   -2.094395102    2.094395102  -99.703256222    1.995619311  -10.387042789
   -1.919862177    2.094395102  -99.689170605   -2.108040142   -7.050845974
   -1.745329252    2.094395102 -100.430971343   -6.093363973   -3.978050631
   -1.570796327    2.094395102 -101.609316385   -6.642066816   -1.775788744
   -1.396263402    2.094395102 -102.422141719   -1.771036866   -0.805545975
   -1.221730476    2.094395102 -101.915740522    8.178762420   -0.864662585
   -1.047197551    2.094395102  -99.388432849   20.886843101   -1.143934803
   -0.872664626    2.094395102  -94.623864175   33.347932383   -0.531977666
   -0.698131701    2.094395102  -87.876102129   43.363466612    1.892704729
   -0.523598776    2.094395102  -79.680328258   49.810991499    6.386663774
   -0.349065850    2.094395102  -70.710966459   52.119157879   12.339891793
   -0.174532925    2.094395102  -61.756717772   49.482455915   18.442450505
    0.000000000    2.094395102  -53.761700008   41.054632007   23.074987069
    0.174532925    2.094395102  -47.744354079   26.995406171   24.835811039
    0.349065850    2.094395102  -44.520781974    9.632265456   22.931411823
    0.523598776    2.094395102  -44.294375120   -6.469265479   17.432954988
    0.698131701    2.094395102  -46.372806689  -15.995809834    9.271460995
    0.872664626    2.094395102  -49.255041359  -15.346279107    0.012201292
    1.047197551    2.094395102  -51.130635374   -4.830743275   -8.590436581
    1.221730476    2.094395102  -50.609643154   11.105822221  -15.137095913
    1.396263402    2.094395102  -47.313589958   25.868167933  -19.017151584
    1.570796327    2.094395102  -41.985913825   33.594771908  -20.529974339
    1.745329252    2.094395102  -36.164444104   31.338067690  -20.625828199
    1.919862177    2.094395102  -31.607165467   19.427624765  -20.416611761
    2.094395102    2.094395102  -29.790748945    0.478975841  -20.731145675
    2.268928028    2.094395102  -31.629615441  -21.764496203  -21.856716851
    2.443460953    2.094395102  -37.344573892  -43.254501863  -23.579494102
    2.617993878    2.094395102  -46.453371363  -60.027466055  -25.345667554
    2.792526803    2.094395102  -57.832002864  -68.863368582  -26.538970772
    2.967059728    2.094395102  -69.926768364  -68.186326373  -26.706539870

   -3.141592654    2.268928028  -85.523347132  -57.272553606  -24.298629421
   -2.967059728    2.268928028  -94.165232888  -41.230896660  -22.529924673
   -2.792526803    2.268928028  -99.827373456  -23.805172362  -20.170591696
   -2.617993878    2.268928028 -102.611517811   -8.754409034  -17.493558522
   -2.443460953    2.268928028 -103.168049220    1.451759521  -14.694946215
   -2.268928028    2.268928028 -102.444790368    5.868841765  -11.865449212
   -2.094395102    2.268928028 -101.428452528    5.015812400   -9.068997329
   -1.919862177    2.268928028 -100.893221496    0.775458383   -6.447554640
   -1.745329252    2.268928028 -101.174254930   -3.778295628   -4.244330853
   -1.570796327    2.268928028 -102.024250154   -5.230957130   -2.667992533
   -1.396263402    2.268928028 -102.668303978   -1.197036894   -1.664227592
   -1.221730476    2.268928028 -102.093965207    8.518896896   -0.772818912
   -1.047197551    2.268928028  -99.458858030   21.941172843    0.783557129
   -0.872664626    2.268928028  -94.382626985   35.975774853    3.741184191
   -0.698131701    2.268928028  -87.012642426   47.853617612    8.378768339
   -0.523598776    2.268928028  -77.902290417   55.644332610   14.231326323
   -0.349065850    2.268928028  -67.882865862   58.072411765   20.136863579
   -0.174532925    2.268928028  -57.991219472   54.006195509   24.603414668
    0.000000000    2.268928028  -49.434077749   42.783638244   26.283520363
    0.174532925    2.268928028  -43.421354173   25.143742583   24.413064880
    0.349065850    2.268928028  -40.837811439    4.224931035   19.008081437
    0.523598776    2.268928028  -41.810634277  -14.601549391   10.862042665
    0.698131701    2.268928028  -45.444529182  -25.407855045    1.348484330
    0.872664626    2.268928028  -49.957956235  -24.345294713   -7.913256382
    1.047197551    2.268928028  -53.257482045  -11.949631032  -15.468806678
    1.221730476    2.268928028  -53.749966379    6.671938471  -20.419968177
    1.396263402    2.268928028  -50.992553313   24.044032514  -22.656749407
    1.570796327    2.268928028  -45.811137974   33.565699945  -22.820477869
    1.745329252    2.268928028  -39.921571341   31.964981455  -21.977251986
    1.919862177    2.268928028  -35.272729491   19.726684012  -21.170831286
    2.094395102    2.268928028  -33.473989633   -0.045483537  -21.067361868
    2.268928028    2.268928028  -35.477017489  -23.069386081  -21.797092514
    2.443460953    2.268928028  -41.458153564  -44.897562364  -23.071994079
    2.617993878    2.268928028  -50.840223010  -61.414987102  -24.378230776
    2.792526803    2.268928028  -62.399540274  -69.476078141  -25.212621732
    2.967059728    2.268928028  -74.510887463  -67.749946032  -25.225243160

   -3.141592654    2.443460953  -89.372205432  -56.013158504  -19.292867936
   -2.967059728    2.443460953  -97.731236349  -39.279211664  -17.861982255
   -2.792526803    2.443460953 -103.004270264  -21.337502634  -15.814552633
   -2.617993878    2.443460953 -105.328978638   -5.998741833  -13.278695538
   -2.443460953    2.443460953 -105.395285642    4.275739544  -10.501824335
   -2.268928028    2.443460953 -104.186008038    8.582444996   -7.787821372
   -2.094395102    2.443460953 -102.716612745    7.464371854   -5.398524157
   -1.919862177    2.443460953 -101.786969542    2.819946144   -3.483398465
   -1.745329252    2.443460953 -101.752487650   -2.214713911   -2.028555295
   -1.570796327    2.443460953 -102.364916569   -4.036095661   -0.816242680
   -1.396263402    2.443460953 -102.805046581    0.033733145    0.593686793
   -1.221730476    2.443460953 -101.965969008   10.441001539    2.795832789
   -1.047197551    2.443460953  -98.886509577   25.191592144    6.338697857
   -0.872664626    2.443460953  -93.104431144   40.803514529   11.397417460
   -0.698131701    2.443460953  -84.780990130   53.818444187   17.531909086
   -0.523598776    2.443460953  -74.607916300   61.625289126   23.650502690
   -0.349065850    2.443460953  -63.650672798   62.586846950   28.281936666
   -0.174532925    2.443460953  -53.200972024   55.692959343   30.049471214
    0.000000000    2.443460953  -44.658792396   40.857508506   28.120323293
    0.174532925    2.443460953  -39.302623840   19.617762994   22.480060885
    0.349065850    2.443460953  -37.944273349   -4.099925077   13.933261965
    0.523598776    2.443460953  -40.517179213  -24.348271638    3.879659640
    0.698131701    2.443460953  -45.859455216  -34.965079486   -6.028025473
    0.872664626    2.443460953  -51.915644866  -32.256362617  -14.295374645
    1.047197551    2.443460953  -56.378274746  -17.269302111  -19.945049630
    1.221730476    2.443460953  -57.552459099    4.150092993  -22.724822707
    1.396263402    2.443460953  -55.025119090   23.792997637  -23.091349517
    1.570796327    2.443460953  -49.760630097   34.590881317  -21.981668812
    1.745329252    2.443460953  -43.660298970   33.204627510  -20.434477635
    1.919862177    2.443460953  -38.835814172   20.418906770  -19.248042162
    2.094395102    2.443460953  -36.988314837   -0.170807100  -18.791510263
    2.268928028    2.443460953  -39.075199555  -23.845523163  -18.998138594
    2.443460953    2.443460953  -45.219468730  -45.908181527  -19.554256676
    2.617993878    2.443460953  -54.765548554  -62.215379919  -20.090277578
    2.792526803    2.443460953  -66.420232678  -69.728635810  -20.325955324
    2.967059728    2.443460953  -78.512364199  -67.268960331  -20.092465529

   -3.141592654    2.617993878  -92.073490206  -55.063445192  -11.281188407
   -2.967059728    2.617993878 -100.219707003  -37.774486682  -10.286480460
   -2.792526803    2.617993878 -105.176240687  -19.225186645   -8.732478156
   -2.617993878    2.617993878 -107.088423011   -3.429695737   -6.579547267
   -2.443460953    2.617993878 -106.689978889    6.959543822   -4.074998113
   -2.268928028    2.617993878 -105.030377934   10.996236341   -1.664453175
   -2.094395102    2.617993878 -103.183061232    9.352925795    0.265562623
   -1.919862177    2.617993878 -101.970825460    4.189931988    1.613123406
   -1.745329252    2.617993878 -101.722988904   -1.073918962    2.664044914
   -1.570796327    2.617993878 -102.119623681   -2.609455476    4.007712466
   -1.396263402    2.617993878 -102.241089644    2.355994347    6.325177478
   -1.221730476    2.617993878 -100.880617658   14.158588623   10.127534786
   -1.047197551    2.617993878  -97.017743214   30.426116414   15.511798803
   -0.872664626    2.617993878  -90.217919972   47.098860089   21.974226249
   -0.698131701    2.617993878  -80.777937669   60.094103633   28.423205264
   -0.523598776    2.617993878  -69.616874959   66.416487438   33.394836769
   -0.349065850    2.617993878  -58.058497172   64.482145559   35.459865559
   -0.174532925    2.617993878  -47.601522724   53.794914705   33.668998541
    0.000000000    2.617993878  -39.733603585   35.089406242   27.867216080
    0.174532925    2.617993878  -35.670861707   10.760527823   18.770142359
    0.349065850    2.617993878  -36.026646611  -14.611042337    7.813958727
    0.523598776    2.617993878  -40.452265733  -34.773734266   -3.205484214
    0.698131701    2.617993878  -47.487569146  -43.702667413  -12.553789074
    0.872664626    2.617993878  -54.838366094  -38.235922057  -19.007905361
    1.047197551    2.617993878  -60.075669883  -20.185752896  -22.159310210
    1.221730476    2.617993878  -61.520551232    3.840679938  -22.440988756
    1.396263402    2.617993878  -58.888230114   25.129267998  -20.858301699
    1.570796327    2.617993878  -53.326813568   36.500805322  -18.567367178
    1.745329252    2.617993878  -46.907669782   34.854157635  -16.465032440
    1.919862177    2.617993878  -41.851630327   21.400708168  -14.993701456
    2.094395102    2.617993878  -39.893241724    0.158358464  -14.164221483
    2.268928028    2.617993878  -41.961276494  -23.901349048  -13.720231720
    2.443460953    2.617993878  -48.125687830  -46.035224913  -13.375745125
    2.617993878    2.617993878  -57.683875136  -62.204328596  -12.967049667
    2.792526803    2.617993878  -69.316752086  -69.488359630  -12.478088629
    2.967059728    2.617993878  -81.341309346  -66.734351933  -11.938902211

   -3.141592654    2.792526803  -93.195386879  -54.421856220   -1.446212604
   -2.967059728    2.792526803 -101.204199720  -36.785947304   -0.863136810
   -2.792526803    2.792526803 -105.937233712  -17.633421755    0.136179627
   -2.617993878    2.792526803 -107.519977415   -1.288620572    1.731925037
   -2.443460953    2.792526803 -106.725963254    9.260108674    3.721015523
   -2.268928028    2.792526803 -104.686821374   12.969320532    5.626304002
   -2.094395102    2.792526803 -102.545397631   10.735715838    7.060197989
   -1.919862177    2.792526803 -101.132576758    5.173839533    8.043383376
   -1.745329252    2.792526803 -100.705478491    0.120260382    9.109714012
   -1.570796327    2.792526803 -100.818450410   -0.431498696   11.083460872
   -1.396263402    2.792526803 -100.427878755    6.111306945   14.666548279
   -1.221730476    2.792526803  -98.262434043   19.603278070   20.054039259
   -1.047197551    2.792526803  -93.336068892   37.027142759   26.740334829
   -0.872664626    2.792526803  -85.361180597   53.732957764   33.560797433
   -0.698131701    2.792526803  -74.867432305   65.274316270   38.981456736
   -0.523598776    2.792526803  -63.037311891   68.687563091   41.503267407
   -0.349065850    2.792526803  -51.414766280   62.840946120   40.079805426
   -0.174532925    2.792526803  -41.609712240   48.003814273   34.408684001
    0.000000000    2.792526803  -35.074460128   25.783106962   25.041678661
    0.174532925    2.792526803  -32.846253558   -0.670773595   13.281117874
    0.349065850    2.792526803  -35.250385710  -26.332182188    0.948288691
    0.523598776    2.792526803  -41.608790644  -44.910880426  -10.018637438
    0.698131701    2.792526803  -50.166213648  -50.825568658  -18.000813944
    0.872664626    2.792526803  -58.446352913  -41.742695085  -22.144614717
    1.047197551    2.792526803  -63.998966646  -20.422165520  -22.606580482
    1.221730476    2.792526803  -65.275370961    5.801308973  -20.424686744
    1.396263402    2.792526803  -62.206252165   27.973333884  -17.037674366
    1.570796327    2.792526803  -56.152677201   39.176057171  -13.710756312
    1.745329252    2.792526803  -49.324410503   36.839786742  -11.125629495
    1.919862177    2.792526803  -43.986013834   22.689362458   -9.344835714
    2.094395102    2.792526803  -41.843831173    1.041770102   -8.045546360
    2.268928028    2.792526803  -43.768962544  -23.101491078   -6.835703887
    2.443460953    2.792526803  -49.787539818  -45.157077220   -5.506903965
    2.617993878    2.792526803  -59.187715848  -61.295715918   -4.115620702
    2.792526803    2.792526803  -70.669347515  -68.697591848   -2.886115225
    2.967059728    2.792526803  -82.569795968  -66.108732993   -2.011375708

   -3.141592654    2.967059728  -92.548568913  -54.004349190    8.720500540
   -2.967059728    2.967059728 -100.482946528  -36.269455949    9.002140516
   -2.792526803    2.967059728 -105.086773327  -16.628913173    9.489337835
   -2.617993878    2.967059728 -106.445567050    0.240772320   10.451372392
   -2.443460953    2.967059728 -105.361999711   10.959899689   11.760748203
   -2.268928028    2.967059728 -103.045372636   14.383564861   13.019469795
   -2.094395102    2.967059728 -100.697133351   11.703774838   13.958885360
   -1.919862177    2.967059728  -99.129808477    6.084576669   14.772006667
   -1.745329252    2.967059728  -98.490871978    1.790401460   16.165206731
   -1.570796327    2.967059728  -98.183804227    2.821389896   19.012399349
   -1.396263402    2.967059728  -97.057051752   11.294095196   23.818601345
   -1.221730476    2.967059728  -93.844764716   26.286965882   30.313107787
   -1.047197551    2.967059728  -87.702989952   44.030345671   37.387520681
   -0.872664626    2.967059728  -78.593307562   59.452259691   43.390239712
   -0.698131701    2.967059728  -67.330220354   68.131363964   46.641699957
   -0.523598776    2.967059728  -55.337438536   67.567314705   45.919495766
   -0.349065850    2.967059728  -44.291036388   57.373747327   40.776507083
   -0.174532925    2.967059728  -35.791938269   38.659406369   31.611825611
    0.000000000    2.967059728  -31.141706031   13.781947449   19.572688295
    0.174532925    2.967059728  -31.114915014  -13.569164133    6.327191800
    0.349065850    2.967059728  -35.705090968  -38.160615350   -6.186459877
    0.523598776    2.967059728  -43.901474033  -53.889579319  -16.130243049
    0.698131701    2.967059728  -53.689047779  -55.828612292  -22.170416484
    0.872664626    2.967059728  -62.478884057  -42.649242669  -23.874608156
    1.047197551    2.967059728  -67.892028779  -18.134311045  -21.884956452
    1.221730476    2.967059728  -68.601387304    9.749495583  -17.667434768
    1.396263402    2.967059728  -64.812527403   32.067952022  -12.895323148
    1.570796327    2.967059728  -58.106646587   42.479149962   -8.800838597
    1.745329252    2.967059728  -50.790449943   39.163042482   -5.808852451
    1.919862177    2.967059728  -45.109196387   24.382760790   -3.648344079
    2.094395102    2.967059728  -42.690017390    2.601264184   -1.754029974
    2.268928028    2.967059728  -44.329751850  -21.364942705    0.316987374
    2.443460953    2.967059728  -50.028116959  -43.257759204    2.652174976
    2.617993878    2.967059728  -59.101337912  -59.511197862    4.990186908
    2.792526803    2.967059728  -70.305373587  -67.359076182    6.923043634
    2.967059728    2.967059728  -82.021232628  -65.340170120    8.154780975
