#! FIELDS phi psi file.free der_phi der_psi
#! SET min_phi -pi
#! SET max_phi pi
#! SET nbins_phi  36
#! SET periodic_phi true
#! SET min_psi -pi
#! SET max_psi pi
#! SET nbins_psi  36
#! SET periodic_psi true
   -3.141592654   -3.141592654  -73.310748846  -54.609966983   19.411056223
   -2.967059728   -3.141592654  -81.414484415  -37.388769148   19.807820991
   -2.792526803   -3.141592654  -86.178694908  -17.202166001   19.837218180
   -2.617993878   -3.141592654  -87.556318452    0.597162639   19.737476601
   -2.443460953   -3.141592654  -86.350798195   11.914921431   19.571963483
   -2.268928028   -3.141592654  -83.855418212   15.427614452   19.357389387
   -2.094395102   -3.141592654  -81.321366916   12.874004924   19.332091962
   -1.919862177   -3.141592654  -79.481690389    8.244404306   20.075396812
   -1.745329252   -3.141592654  -78.291412687    6.146147261   22.312592454
   -1.570796327   -3.141592654  -76.983722618    9.939614149   26.448387455
   -1.396263402   -3.141592654  -74.428265594   20.279389082   32.129511718
   -1.221730476   -3.141592654  -69.654685653   34.719030899   38.164678122
   -1.047197551   -3.141592654  -62.319730176   48.775592256   42.899627833
   -0.872664626   -3.141592654  -52.900438748   57.947426720   44.844322187
   -0.698131701   -3.141592654  -42.528213520   59.448015273   43.205198525
   -0.523598776   -3.141592654  -32.613266005   52.797607893   38.045263732
   -0.349065850   -3.141592654  -24.487890923   39.237062593   30.088211506
   -0.174532925   -3.141592654  -19.199338464   20.606013458   20.329645907
    0.000000000   -3.141592654  -17.460805552   -1.069335578    9.768094854
    0.174532925   -3.141592654  -19.592661441  -23.224722121   -0.666169539
    0.349065850   -3.141592654  -25.365511874  -42.077489592  -10.001055150
    0.523598776   -3.141592654  -33.792281079  -52.814728819  -17.197533162
    0.698131701   -3.141592654  -43.068697073  -51.332276530  -21.330443175
    0.872664626   -3.141592654  -50.913750560  -36.600638657  -21.953531400
    1.047197551   -3.141592654  -55.265078254  -12.232770074  -19.416797250
    1.221730476   -3.141592654  -55.048878356   14.347677866  -14.833115252
    1.396263402   -3.141592654  -50.607226404   34.979561238   -9.621222160
    1.570796327   -3.141592654  -43.518815945   44.101394412   -4.917832420
    1.745329252   -3.141592654  -35.966925900   40.435468587   -1.177543291
    1.919862177   -3.141592654  -30.015251442   26.372592291    1.798658903
    2.094395102   -3.141592654  -27.130238036    6.015445613    4.515798019
    2.268928028   -3.141592654  -28.043899582  -16.526997723    7.391565510
    2.443460953   -3.141592654  -32.825083303  -37.766801122   10.517238995
    2.617993878   -3.141592654  -40.972605875  -54.606581357   13.648125405
    2.792526803   -3.141592654  -51.458504163  -64.170878615   16.369914327
    2.967059728   -3.141592654  -62.806706492  -64.303861966   18.325621581

   -3.141592654   -2.967059728  -69.288131416  -53.789615409   26.157947040
   -2.967059728   -2.967059728  -77.314574791  -37.267634883   26.652722707
   -2.792526803   -2.967059728  -82.095169892  -17.462738560   26.446441230
   -2.617993878   -2.967059728  -83.535058433    0.166774323   25.849670261
   -2.443460953   -2.967059728  -82.411198837   11.422976569   25.105789481
   -2.268928028   -2.967059728  -79.994447181   15.067558706   24.454786550
   -2.094395102   -2.967059728  -77.480745038   13.101365892   24.281004939
   -1.919862177   -2.967059728  -75.502103424    9.724723182   25.142310163
   -1.745329252   -2.967059728  -73.903359940    9.397562402   27.553658250
   -1.570796327   -2.967059728  -71.874517111   14.870551920   31.595339020
   -1.396263402   -2.967059728  -68.374383137   25.958047807   36.612854975
   -1.221730476   -2.967059728  -62.656590312   39.585794607   41.267883527
   -1.047197551   -2.967059728  -54.663365391   51.225339084   43.989683550
   -0.872664626   -2.967059728  -45.108693843   56.953545302   43.587483317
   -0.698131701   -2.967059728  -35.226891188   54.871001850   39.683005459
   -0.523598776   -2.967059728  -26.381228093   45.279638570   32.730925229
   -0.349065850   -2.967059728  -19.751507489   29.804492828   23.720349084
   -0.174532925   -2.967059728  -16.200009830   10.304932551   13.744392490
    0.000000000   -2.967059728  -16.268423107  -11.332615493    3.753423002
    0.174532925   -2.967059728  -20.126952739  -32.603360880   -5.466177041
    0.349065850   -2.967059728  -27.394703022  -49.672103551  -13.153116703
    0.523598776   -2.967059728  -36.924359870  -57.719993597  -18.520490119
    0.698131701   -2.967059728  -46.773697246  -52.926678131  -20.929047065
    0.872664626   -2.967059728  -54.605911946  -34.921710565  -20.197274559
    1.047197551   -2.967059728  -58.435113384   -8.115612660  -16.845826344
    1.221730476   -2.967059728  -57.385421083   19.555705982  -12.004386159
    1.396263402   -2.967059728  -52.036920140   39.993755225   -6.947506889
    1.570796327   -2.967059728  -44.147462058   48.218672587   -2.565440523
    1.745329252   -2.967059728  -35.957994345   43.683156030    0.942387311
    1.919862177   -2.967059728  -29.480583699   29.246893191    3.957950646
    2.094395102   -2.967059728  -26.086327689    9.046375173    7.051944678
    2.268928028   -2.967059728  -26.437579420  -13.109572311   10.593277028
    2.443460953   -2.967059728  -30.597519674  -34.124991695   14.553773035
    2.617993878   -2.967059728  -38.119845306  -51.173039522   18.554815954
    2.792526803   -2.967059728  -48.059125277  -61.420659597   22.072116668
    2.967059728   -2.967059728  -59.009120788  -62.525584554   24.666594299

   -3.141592654   -2.792526803  -64.364385133  -52.678718065   29.658357490
   -2.967059728   -2.792526803  -72.289908560  -37.172705868   30.321125967
   -2.792526803   -2.792526803  -77.119167869  -18.054335529   29.977926482
   -2.617993878   -2.792526803  -78.696437101   -0.760720966   29.016519824
   -2.443460953   -2.792526803  -77.739398895   10.492323499   27.873332304
   -2.268928028   -2.792526803  -75.458240317   14.513924327   26.998971938
   -2.094395102   -2.792526803  -72.973851604   13.406913114   26.857139227
   -1.919862177   -2.792526803  -70.831022676   11.369934987   27.873814680
   -1.745329252   -2.792526803  -68.810989815   12.571749136   30.252595729
   -1.570796327   -2.792526803  -66.120121811   19.159109273   33.729879401
   -1.396263402   -2.792526803  -61.850352022   30.267188272   37.456275648
   -1.221730476   -2.792526803  -55.486198959   42.443948664   40.156438163
   -1.047197551   -2.792526803  -47.219211110   51.343732967   40.572546782
   -0.872664626   -2.792526803  -37.933664771   53.731042065   37.954867121
   -0.698131701   -2.792526803  -28.893270841   48.557584292   32.333213695
   -0.523598776   -2.792526803  -21.357486078   36.768932732   24.415689593
   -0.349065850   -2.792526803  -16.324303098   20.209700600   15.268344781
   -0.174532925   -2.792526803  -14.467900450    0.631532274    5.936735847
    0.000000000   -2.792526803  -16.173294566  -20.299143868   -2.736402057
    0.174532925   -2.792526803  -21.486503995  -40.197976839  -10.108933888
    0.349065850   -2.792526803  -29.912826611  -55.241800909  -15.635369967
    0.523598776   -2.792526803  -40.193840519  -60.677483054  -18.836036372
    0.698131701   -2.792526803  -50.307347974  -52.981093119  -19.445929458
    0.872664626   -2.792526803  -57.912374504  -32.352206405  -17.607041760
    1.047197551   -2.792526803  -61.126184758   -3.811414020  -13.976413760
    1.221730476   -2.792526803  -59.261212377   24.407004452   -9.564610097
    1.396263402   -2.792526803  -53.094079300   44.405914230   -5.327221442
    1.570796327   -2.792526803  -44.506749552   51.799398692   -1.781411101
    1.745329252   -2.792526803  -35.750690287   46.677577122    1.152595781
    1.919862177   -2.792526803  -28.760002311   32.232764202    3.976061163
    2.094395102   -2.792526803  -24.807083190   12.516807269    7.237380541
    2.268928028   -2.792526803  -24.498051379   -9.031274153   11.207250178
    2.443460953   -2.792526803  -27.910972242  -29.722964198   15.747978048
    2.617993878   -2.792526803  -34.673990936  -46.978391833   20.394967225
    2.792526803   -2.792526803  -43.939476187  -57.983868241   24.560127260
    2.967059728   -2.792526803  -54.383734959  -60.212387165   27.739050409

   -3.141592654   -2.617993878  -59.122655293  -51.224053630   29.844204296
   -2.967059728   -2.617993878  -66.910243455  -37.008977165   30.762475425
   -2.792526803   -2.617993878  -71.801351557  -18.854646320   30.407134039
   -2.617993878   -2.617993878  -73.567322101   -2.034733968   29.221796808
   -2.443460953   -2.617993878  -72.833884891    9.294334650   27.818500280
   -2.268928028   -2.617993878  -70.716268112   13.917500609   26.827404699
   -2.094395102   -2.617993878  -68.251077957   13.843474519   26.742742593
   -1.919862177   -2.617993878  -65.924114843   13.055802941   27.809921629
   -1.745329252   -2.617993878  -63.509534735   15.342079659   29.910328442
   -1.570796327   -2.617993878  -60.285989422   22.346806075   32.493433707
   -1.396263402   -2.617993878  -55.501793191   32.777315477   34.637552979
   -1.221730476   -2.617993878  -48.847550412   43.082238296   35.275873612
   -1.047197551   -2.617993878  -40.698926759   49.266366867   33.564403565
   -0.872664626   -2.617993878  -32.031530881   48.769058708   29.198029242
   -0.698131701   -2.617993878  -24.074936718   41.237131023   22.516581409
   -0.523598776   -2.617993878  -17.953616969   28.066082955   14.334803073
   -0.349065850   -2.617993878  -14.482369082   11.187155711    5.669876934
   -0.174532925   -2.617993878  -14.161358123   -7.802059020   -2.532252245
    0.000000000   -2.617993878  -17.236925111  -27.466294175   -9.518184000
    0.174532925   -2.617993878  -23.652671134  -45.590543050  -14.748525012
    0.349065850   -2.617993878  -32.836530999  -58.471452701  -17.880266240
    0.523598776   -2.617993878  -43.475989217  -61.541601268  -18.778297864
    0.698131701   -2.617993878  -53.539680894  -51.590296484  -17.608210565
    0.872664626   -2.617993878  -60.742000563  -29.238518751  -14.862367603
    1.047197551   -2.617993878  -63.324308172    0.160510868  -11.297525513
    1.221730476   -2.617993878  -60.758190490   28.344723688   -7.714375777
    1.396263402   -2.617993878  -53.951787056   47.743686099   -4.655251437
    1.570796327   -2.617993878  -44.840740820   54.502730134   -2.217534379
    1.745329252   -2.617993878  -35.639467863   49.170712966   -0.064855247
    1.919862177   -2.617993878  -28.189013017   35.094639501    2.355426738
    2.094395102   -2.617993878  -23.672655283   16.145478799    5.506886876
    2.268928028   -2.617993878  -22.658884495   -4.617771590    9.549658002
    2.443460953   -2.617993878  -25.256067685  -24.877555816   14.283308482
    2.617993878   -2.617993878  -31.175386637  -42.265404271   19.234750087
    2.792526803   -2.617993878  -39.672787048  -53.991296393   23.817051102
    2.967059728   -2.617993878  -49.516822110  -57.387012133   27.482720790

   -3.141592654   -2.443460953  -54.119320447  -49.397280504   27.004772894
   -2.967059728   -2.443460953  -61.719456517  -36.668775030   28.229615524
   -2.792526803   -2.443460953  -66.662690788  -19.715797738   28.005148627
   -2.617993878   -2.443460953  -68.642175119   -3.506208407   26.771485548
   -2.443460953   -2.443460953  -68.166102586    7.936001628   25.247324656
   -2.268928028   -2.443460953  -66.228266229   13.298955896   24.180033961
   -2.094395102   -2.443460953  -63.778577091   14.313614531   24.063968949
   -1.919862177   -2.443460953  -61.274837457   14.571578715   24.981581948
   -1.745329252   -2.443460953  -58.535312250   17.442017110   26.563327424
   -1.570796327   -2.443460953  -54.952286255   24.216650144   28.078465357
   -1.396263402   -2.443460953  -49.933456568   33.441232053   28.638232303
   -1.221730476   -2.443460953  -43.332301152   41.705117826   27.447986570
   -1.047197551   -2.443460953  -35.635833492   45.449297359   24.067278885
   -0.872664626   -2.443460953  -27.839792356   42.688036310   18.552649663
   -0.698131701   -2.443460953  -21.096465967   33.560087359   11.429887891
   -0.523598776   -2.443460953  -16.387138097   19.731185117    3.511344046
   -0.349065850   -2.443460953  -14.357936191    3.151010123   -4.292066518
   -0.174532925   -2.443460953  -15.352533299  -14.715480054  -11.130905757
    0.000000000   -2.443460953  -19.490928198  -32.643341283  -16.308279976
    0.174532925   -2.443460953  -26.629339101  -48.652332065  -19.363595153
    0.349065850   -2.443460953  -36.153320691  -59.308035160  -20.158059087
    0.523598776   -2.443460953  -46.758134275  -60.368969928  -18.916699175
    0.698131701   -2.443460953  -56.478827726  -48.935776029  -16.225875869
    0.872664626   -2.443460953  -63.143241703  -25.852932325  -12.874509372
    1.047197551   -2.443460953  -65.127951160    3.512722252   -9.634044336
    1.221730476   -2.443460953  -62.020635573   31.141293487   -7.020852843
    1.396263402   -2.443460953  -54.786071532   49.871435613   -5.143403326
    1.570796327   -2.443460953  -45.342860749   56.255478895   -3.724584173
    1.745329252   -2.443460953  -35.830376610   51.077187299   -2.263041490
    1.919862177   -2.443460953  -27.995460762   37.657532744   -0.252013368
    2.094395102   -2.443460953  -22.952313787   19.631734705    2.624661705
    2.268928028   -2.443460953  -21.251230500   -0.268048626    6.414330557
    2.443460953   -2.443460953  -23.036767164  -20.008739896   10.911626389
    2.617993878   -2.443460953  -28.096733004  -37.387703609   15.726471763
    2.792526803   -2.443460953  -35.783079050  -49.671290825   20.361824775
    2.967059728   -2.443460953  -44.959915166  -54.138661731   24.283223693

   -3.141592654   -2.268928028  -49.838127042  -47.275287770   21.632542487
   -2.967059728   -2.268928028  -57.200480894  -36.071620332   23.106502919
   -2.792526803   -2.268928028  -62.161958387  -20.454042764   23.136105239
   -2.617993878   -2.268928028  -64.344999793   -4.977103718   22.077231854
   -2.443460953   -2.268928028  -64.131351856    6.533284302   20.636010501
   -2.268928028   -2.268928028  -62.381440621   12.630201806   19.570621918
   -2.094395102   -2.268928028  -59.961402175   14.647482112   19.337154453
   -1.919862177   -2.268928028  -57.325403525   15.678155777   19.902268559
   -1.745329252   -2.268928028  -54.370039098   18.678440983   20.758016841
   -1.570796327   -2.268928028  -50.621852587   24.734634648   21.118948916
   -1.396263402   -2.268928028  -45.634736756   32.452063983   20.212788895
   -1.221730476   -2.268928028  -39.376073924   38.728000859   17.530801535
   -1.047197551   -2.268928028  -32.378678818   40.455820914   12.979399369
   -0.872664626   -2.268928028  -25.603949832   36.087093817    6.881775567
   -0.698131701   -2.268928028  -20.103372050   26.058655013   -0.144909732
   -0.523598776   -2.268928028  -16.721278756   12.168905262   -7.350707169
   -0.349065850   -2.268928028  -15.955857925   -3.632807977  -13.955640455
   -0.174532925   -2.268928028  -18.011089039  -19.969235525  -19.214462701
    0.000000000   -2.268928028  -22.890995936  -35.811388969  -22.506171974
    0.174532925   -2.268928028  -30.380362977  -49.499132360  -23.486191502
    0.349065850   -2.268928028  -39.860273241  -58.018062904  -22.249765917
    0.523598776   -2.268928028  -50.095768192  -57.554124636  -19.365182999
    0.698131701   -2.268928028  -59.254734615  -45.458743920  -15.744370095
    0.872664626   -2.268928028  -65.318129204  -22.560136784  -12.318193842
    1.047197551   -2.268928028  -66.787753283    6.066531903   -9.718213280
    1.221730476   -2.268928028  -63.310668245   32.843175960   -8.093237305
    1.396263402   -2.268928028  -55.834382312   51.011038179   -7.144046618
    1.570796327   -2.268928028  -46.204571328   57.341116969   -6.336386918
    1.745329252   -2.268928028  -36.469546748   52.612911879   -5.158231127
    1.919862177   -2.268928028  -28.301218935   39.971445764   -3.283022665
    2.094395102   -2.268928028  -22.777132905   22.818966654   -0.622096579
    2.268928028   -2.268928028  -20.450183472    3.679062712    2.742649339
    2.443460953   -2.268928028  -21.498078014  -15.563132019    6.640812423
    2.617993878   -2.268928028  -25.763591188  -32.804486215   10.843567178
    2.792526803   -2.268928028  -32.670548399  -45.407285329   15.040679940
    2.967059728   -2.268928028  -41.168601099  -50.712249666   18.805877182

   -3.141592654   -2.094395102  -46.665496413  -45.090009757   14.421705574
   -2.967059728   -2.094395102  -53.759854957  -35.215610635   15.978402267
   -2.792526803   -2.094395102  -58.687255557  -20.873799944   16.347842812
   -2.617993878   -2.094395102  -61.020978662   -6.174976363   15.726740910
   -2.443460953   -2.094395102  -61.031111362    5.291706656   14.663143152
   -2.268928028   -2.094395102  -59.455029613   11.951976196   13.781767176
   -2.094395102   -2.094395102  -57.087129279   14.716916498   13.433569226
   -1.919862177   -2.094395102  -54.394511559   16.167542192   13.506448541
   -1.745329252   -2.094395102  -51.366108175   18.895355282   13.466626072
   -1.570796327   -2.094395102  -47.661295698   23.906527509   12.596598787
   -1.396263402   -2.094395102  -42.953320466   30.021497251   10.312858118
   -1.221730476   -2.094395102  -37.273288893   34.539614502    6.395522761
   -1.047197551   -2.094395102  -31.143816652   34.777795473    1.050107093
   -0.872664626   -2.094395102  -25.451234754   29.482830174   -5.191341524
   -0.698131701   -2.094395102  -21.134613857   19.221021483  -11.659057174
   -0.523598776   -2.094395102  -18.914440681    5.810428885  -17.683682356
   -0.349065850   -2.094395102  -19.166071165   -8.815853060  -22.642945270
   -0.174532925   -2.094395102  -21.976743146  -23.347024384  -25.960231752
    0.000000000   -2.094395102  -27.255803696  -36.959381163  -27.196301766
    0.174532925   -2.094395102  -34.745455610  -48.390735395  -26.231313703
    0.349065850   -2.094395102  -43.867174549  -55.139174376  -23.442132350
    0.523598776   -2.094395102  -53.510801227  -53.820790789  -19.677344801
    0.698131701   -2.094395102  -62.019190556  -41.889729429  -15.996190856
    0.872664626   -2.094395102  -67.531357101  -19.892279910  -13.236978847
    1.047197551   -2.094395102  -68.632765578    7.631506201  -11.693183040
    1.221730476   -2.094395102  -64.958290082   33.622719130  -11.063339729
    1.396263402   -2.094395102  -57.371622050   51.597605081  -10.695977339
    1.570796327   -2.094395102  -47.613923239   58.290392775   -9.952672385
    1.745329252   -2.094395102  -37.656329350   54.239210332   -8.489358656
    1.919862177   -2.094395102  -29.140100978   42.312228930   -6.303903979
    2.094395102   -2.094395102  -23.153380773   25.743383518   -3.620087541
    2.268928028   -2.094395102  -20.276793058    7.022764660   -0.680432409
    2.443460953   -2.094395102  -20.713769298  -11.932680075    2.388932514
    2.617993878   -2.094395102  -24.329500160  -29.021698140    5.563260799
    2.792526803   -2.094395102  -30.579763292  -41.718839446    8.797310276
    2.967059728   -2.094395102  -38.471181910  -47.530939328   11.883724317

   -3.141592654   -1.919862177  -44.849999795  -43.162522678    6.233627020
   -2.967059728   -1.919862177  -51.680531767  -34.166089883    7.657588824
   -2.792526803   -1.919862177  -56.510458522  -20.793104970    8.401208566
   -2.617993878   -1.919862177  -58.896142596   -6.781176649    8.457645658
   -2.443460953   -1.919862177  -59.035490494    4.506760345    8.088504141
   -2.268928028   -1.919862177  -57.579283370   11.412031708    7.639658364
   -2.094395102   -1.919862177  -55.276032244   14.492939769    7.271185302
   -1.919862177   -1.919862177  -52.618323716   15.904464559    6.801455164
   -1.745329252   -1.919862177  -49.684018232   17.969248685    5.754632742
   -1.570796327   -1.919862177  -46.244093817   21.718514931    3.582568467
   -1.396263402   -1.919862177  -42.052361154   26.282289488   -0.045056261
   -1.221730476   -1.919862177  -37.152355714   29.399247218   -5.047698859
   -1.047197551   -1.919862177  -32.006329223   28.760377050  -10.938944824
   -0.872664626   -1.919862177  -27.390926626   23.280980973  -16.992433413
   -0.698131701   -1.919862177  -24.123696622   13.508911534  -22.481511697
   -0.523598776   -1.919862177  -22.815399793    1.159860621  -26.817232345
   -0.349065850   -1.919862177  -23.749749169  -11.913345762  -29.580968059
   -0.174532925   -1.919862177  -26.936280914  -24.505027452  -30.481661718
    0.000000000   -1.919862177  -32.235058277  -36.029128774  -29.423381755
    0.174532925   -1.919862177  -39.396795493  -45.650882925  -26.646472077
    0.349065850   -1.919862177  -47.935650204  -51.358514428  -22.838886919
    0.523598776   -1.919862177  -56.906167810  -50.066614659  -19.017801131
    0.698131701   -1.919862177  -64.833037592  -39.098290893  -16.170036782
    0.872664626   -1.919862177  -69.975787152  -18.459763169  -14.800716152
    1.047197551   -1.919862177  -70.929099753    7.989899013  -14.699817369
    1.221730476   -1.919862177  -67.232774375   33.649744834  -15.078409334
    1.396263402   -1.919862177  -59.611769691   52.068959626  -15.014022049
    1.570796327   -1.919862177  -49.697323138   59.641107751  -13.907523451
    1.745329252   -1.919862177  -39.425745593   56.444580346  -11.722195835
    1.919862177   -1.919862177  -30.473690663   45.022047546   -8.875848287
    2.094395102   -1.919862177  -23.999517790   28.552925581   -5.952770901
    2.268928028   -1.919862177  -20.642002490    9.701215810   -3.378548516
    2.443460953   -1.919862177  -20.623657904   -9.382479114   -1.248878492
    2.617993878   -1.919862177  -23.796042353  -26.472225992    0.614128760
    2.792526803   -1.919862177  -29.597042189  -39.127440288    2.462544814
    2.967059728   -1.919862177  -37.044010318  -45.082643337    4.391666053

   -3.141592654   -1.745329252  -44.466371975  -41.777262975   -1.778296135
   -2.967059728   -1.745329252  -51.071512636  -33.020483532   -0.634981299
   -2.792526803   -1.745329252  -55.739152526  -20.102282508    0.478063436
   -2.617993878   -1.745329252  -58.045449910   -6.549052665    1.340404239
   -2.443460953   -1.745329252  -58.173334713    4.438559629    1.855397326
   -2.268928028   -1.745329252  -56.744760733   11.175446068    1.999340119
   -2.094395102   -1.745329252  -54.501567492   14.007217292    1.684269690
   -1.919862177   -1.745329252  -51.973861648   14.828324861    0.664169840
   -1.745329252   -1.745329252  -49.313373488   15.831367902   -1.424868763
   -1.570796327   -1.745329252  -46.366945649   18.167209490   -4.897179607
   -1.396263402   -1.745329252  -42.920952959   21.326195973   -9.792474997
   -1.221730476   -1.745329252  -38.978472934   23.487068270  -15.728891424
   -1.047197551   -1.745329252  -34.893221413   22.659803810  -21.951147256
   -0.872664626   -1.745329252  -31.298239562   17.820760260  -27.540494034
   -0.698131701   -1.745329252  -28.878146062    9.359165899  -31.699139531
   -0.523598776   -1.745329252  -28.147807727   -1.266366913  -33.919245996
   -0.349065850   -1.745329252  -29.339385849  -12.418039172  -34.038475876
   -0.174532925   -1.745329252  -32.445254383  -23.096240066  -32.169120760
    0.000000000   -1.745329252  -37.349263965  -32.987203703  -28.697677281
    0.174532925   -1.745329252  -43.882465676  -41.630151199  -24.311651964
    0.349065850   -1.745329252  -51.704672657  -47.344592768  -19.981294159
    0.523598776   -1.745329252  -60.052149532  -47.090785723  -16.745702663
    0.698131701   -1.745329252  -67.600687803  -37.785808255  -15.321161260
    0.872664626   -1.745329252  -72.656645775  -18.696328243  -15.722836991
    1.047197551   -1.745329252  -73.729652988    7.027555051  -17.189440874
    1.221730476   -1.745329252  -70.182993607   33.067161353  -18.505578130
    1.396263402   -1.745329252  -62.565157727   52.702008282  -18.592849295
    1.570796327   -1.745329252  -52.413986352   61.685903323  -16.992865251
    1.745329252   -1.745329252  -41.690163248   59.466022399  -14.020944978
    1.919862177   -1.745329252  -32.179870369   48.258943743  -10.503774845
    2.094395102   -1.745329252  -25.172929810   31.325115305   -7.350784168
    2.268928028   -1.745329252  -21.397309989   11.702237238   -5.151312610
    2.443460953   -1.745329252  -21.090901443   -8.037459056   -3.987634252
    2.617993878   -1.745329252  -24.059333144  -25.409110267   -3.519163894
    2.792526803   -1.745329252  -29.672335789  -37.988702295   -3.224852302
    2.967059728   -1.745329252  -36.902531300  -43.744097372   -2.689371603

   -3.141592654   -1.570796327  -45.370042956  -41.032465123   -8.282699581
   -2.967059728   -1.570796327  -51.802739701  -31.839289629   -7.444557223
   -2.792526803   -1.570796327  -56.248454013  -18.798701375   -6.031259238
   -2.617993878   -1.570796327  -58.338985372   -5.428695730   -4.455260826
   -2.443460953   -1.570796327  -58.304922013    5.142084534   -3.158008361
   -2.268928028   -1.570796327  -56.804431770   11.266590744   -2.520629874
   -2.094395102   -1.570796327  -54.615533686   13.251619233   -2.859340827
   -1.919862177   -1.570796327  -52.314957251   12.931237012   -4.453622142
   -1.745329252   -1.570796327  -50.105997456   12.519758860   -7.525887057
   -1.570796327   -1.570796327  -47.868727950   13.365678123  -12.143174680
   -1.396263402   -1.570796327  -45.371709960   15.338316027  -18.066851276
   -1.221730476   -1.570796327  -42.527361835   17.037543650  -24.648261881
   -1.047197551   -1.570796327  -39.536496861   16.740491960  -30.899262475
   -0.872664626   -1.570796327  -36.856569582   13.395360088  -35.734782184
   -0.698131701   -1.570796327  -35.027365025    7.095569642  -38.300463208
   -0.523598776   -1.570796327  -34.483484179   -1.139923966  -38.192399716
   -0.349065850   -1.570796327  -35.454277679  -10.072787752  -35.548147451
   -0.174532925   -1.570796327  -37.991795630  -19.036947462  -30.943424943
    0.000000000   -1.570796327  -42.092924930  -27.996427278  -25.282074549
    0.174532925   -1.570796327  -47.746463540  -36.720940162  -19.667282100
    0.349065850   -1.570796327  -54.798551449  -43.598379498  -15.237459923
    0.523598776   -1.570796327  -62.657238415  -45.328671577  -12.895792283
    0.698131701   -1.570796327  -70.090255268  -38.184088336  -12.966918049
    0.872664626   -1.570796327  -75.361862840  -20.602156523  -14.963267701
    1.047197551   -1.570796327  -76.807813657    4.890290878  -17.684379535
    1.221730476   -1.570796327  -73.554351234   32.026661840  -19.667252573
    1.396263402   -1.570796327  -65.958944808   53.541200708  -19.828524259
    1.570796327   -1.570796327  -55.495744272   64.329308657  -17.901326646
    1.745329252   -1.570796327  -44.207185335   63.117132481  -14.488875454
    1.919862177   -1.570796327  -34.050406983   51.833617010  -10.692818419
    2.094395102   -1.570796327  -26.493063623   33.941371519   -7.612080216
    2.268928028   -1.570796327  -22.374875552   12.997489854   -5.920291568
    2.443460953   -1.570796327  -21.947091382   -7.871858650   -5.686490375
    2.617993878   -1.570796327  -24.946159517  -25.814150263   -6.469507235
    2.792526803   -1.570796327  -30.633368899  -38.336390681   -7.565305118
    2.967059728   -1.570796327  -37.885339855  -43.600818901   -8.306083730

   -3.141592654   -1.396263402  -47.185246798  -40.811982418  -12.065538880
   -2.967059728   -1.396263402  -53.491699621  -30.659916203  -11.451926288
   -2.792526803   -1.396263402  -57.674571366  -17.052904189   -9.897111089
   -2.617993878   -1.396263402  -59.451106859   -3.676540683   -7.956201531
   -2.443460953   -1.396263402  -59.152265773    6.339265336   -6.315032412
   -2.268928028   -1.396263402  -57.525590075   11.455002913   -5.589931026
   -2.094395102   -1.396263402  -55.416679596   12.104556424   -6.217299537
   -1.919862177   -1.396263402  -53.449087413   10.238496796   -8.443165365
   -1.745329252   -1.396263402  -51.851430531    8.212996926  -12.336249767
   -1.570796327   -1.396263402  -50.496172131    7.619806733  -17.751959450
   -1.396263402   -1.396263402  -49.090493939    8.700622418  -24.239039656
   -1.221730476   -1.396263402  -47.416037545   10.448601483  -30.962069646
   -1.047197551   -1.396263402  -45.486526333   11.359935429  -36.780195221
   -0.872664626   -1.396263402  -43.560832762   10.276148064  -40.518962904
   -0.698131701   -1.396263402  -42.029309149    6.863397954  -41.336767934
   -0.523598776   -1.396263402  -41.268823709    1.521289508  -38.989110585
   -0.349065850   -1.396263402  -41.560403652   -5.087294321  -33.933720730
   -0.174532925   -1.396263402  -43.095065134  -12.720926459  -27.175716596
    0.000000000   -1.396263402  -46.065499816  -21.565776089  -20.027056728
    0.174532925   -1.396263402  -50.677531687  -31.410494695  -13.833387617
    0.349065850   -1.396263402  -56.976884032  -40.417627342   -9.706514076
    0.523598776   -1.396263402  -64.506662401  -44.763088075   -8.268778582
    0.698131701   -1.396263402  -72.054785187  -39.951389165   -9.429359116
    0.872664626   -1.396263402  -77.765335869  -23.643733866  -12.327545322
    1.047197551   -1.396263402  -79.743760760    2.078761549  -15.570555992
    1.221730476   -1.396263402  -76.858646589   30.782785284  -17.714804950
    1.396263402   -1.396263402  -69.290659144   54.490849092  -17.845529720
    1.570796327   -1.396263402  -58.485179251   67.170411845  -15.900095772
    1.745329252   -1.396263402  -46.604945881   66.850946963  -12.628596979
    1.919862177   -1.396263402  -35.807460495   55.246643653   -9.187647020
    2.094395102   -1.396263402  -27.753604886   36.100212062   -6.657196173
    2.268928028   -1.396263402  -23.398705595   13.542856393   -5.666352165
    2.443460953   -1.396263402  -23.003261318   -8.704807940   -6.247473486
    2.617993878   -1.396263402  -26.222824555  -27.375581329   -7.925534965
    2.792526803   -1.396263402  -32.188805048  -39.840573728   -9.937930951
    2.967059728   -1.396263402  -39.649220934  -44.400247570  -11.504926502

   -3.141592654   -1.221730476  -49.363596270  -40.884050200  -12.372337262
   -2.967059728   -1.221730476  -55.576848387  -29.565896517  -11.928542553
   -2.792526803   -1.221730476  -59.496939068  -15.238494141  -10.544699666
   -2.617993878   -1.221730476  -60.944275615   -1.846059106   -8.827182238
   -2.443460953   -1.221730476  -60.378589763    7.456943975   -7.532398797
   -2.268928028   -1.221730476  -58.661436189   11.305301660   -7.316925504
   -2.094395102   -1.221730476  -56.713753686   10.376680556   -8.584769473
   -1.919862177   -1.221730476  -55.193508156    6.841593782  -11.476751433
   -1.745329252   -1.221730476  -54.328407745    3.251408843  -15.919196374
   -1.570796327   -1.221730476  -53.952144550    1.444956783  -21.625018624
   -1.396263402   -1.221730476  -53.681638076    2.011267490  -28.026032969
   -1.221730476   -1.221730476  -53.144347754    4.303589434  -34.207557895
   -1.047197551   -1.221730476  -52.150085270    6.985212927  -38.994529022
   -0.872664626   -1.221730476  -50.753973735    8.712044554  -41.251390904
   -0.698131701   -1.221730476  -49.209097627    8.605868484  -40.271383744
   -0.523598776   -1.221730476  -47.869164046    6.312569123  -36.049120445
   -0.349065850   -1.221730476  -47.122317512    1.819209059  -29.350647069
   -0.174532925   -1.221730476  -47.363825047   -5.052395051  -21.485343773
    0.000000000   -1.221730476  -49.034911864  -14.576140998  -13.945579528
    0.174532925   -1.221730476  -52.577979137  -26.320578317   -8.048285166
    0.349065850   -1.221730476  -58.213629281  -37.978913072   -4.647965072
    0.523598776   -1.221730476  -65.560733199  -45.063329456   -3.975545349
    0.698131701   -1.221730476  -73.358817834  -42.351079852   -5.579570359
    0.872664626   -1.221730476  -79.584627248  -26.921706878   -8.438605491
    1.047197551   -1.221730476  -82.105969260   -0.646761515  -11.269030023
    1.221730476   -1.221730476  -79.562437733   29.714006649  -12.933424731
    1.396263402   -1.221730476  -72.002109799   55.456770504  -12.851932892
    1.570796327   -1.221730476  -60.876678275   69.729354263  -11.158969766
    1.745329252   -1.221730476  -48.480400406   70.013055504   -8.588138467
    1.919862177   -1.221730476  -37.159618006   57.911232264   -6.112020812
    2.094395102   -1.221730476  -28.745353773   37.469804211   -4.566885862
    2.268928028   -1.221730476  -24.288258355   13.346179227   -4.393874285
    2.443460953   -1.221730476  -24.048693100  -10.210535708   -5.552929763
    2.617993878   -1.221730476  -27.601180402  -29.556202514   -7.600724030
    2.792526803   -1.221730476  -33.949460693  -41.909167543   -9.860870542
    2.967059728   -1.221730476  -41.709184913  -45.662863495  -11.628137522

   -3.141592654   -1.047197551  -51.290517627  -41.076871849   -9.244294778
   -2.967059728   -1.047197551  -57.448540139  -28.784835500   -9.097534651
   -2.792526803   -1.047197551  -61.176955096  -13.921304548   -8.381165499
   -2.617993878   -1.047197551  -62.396452303   -0.672995373   -7.611149395
   -2.443460953   -1.047197551  -61.689514876    7.802809419   -7.401802892
   -2.268928028   -1.047197551  -60.020825973   10.351012158   -8.247505311
   -2.094395102   -1.047197551  -58.369328900    7.927103422  -10.392939766
   -1.919862177   -1.047197551  -57.405858251    2.932540664  -13.845009916
   -1.745329252   -1.047197551  -57.336028839   -1.899655223  -18.434812101
   -1.570796327   -1.047197551  -57.937209967   -4.510866811  -23.818338583
   -1.396263402   -1.047197551  -58.724135421   -4.001863590  -29.407819598
   -1.221730476   -1.047197551  -59.165693325   -0.706865636  -34.318225502
   -1.047197551   -1.047197551  -58.873282537    4.132558068  -37.473713174
   -0.872664626   -1.047197551  -57.718086931    8.898796808  -37.927712316
   -0.698131701   -1.047197551  -55.851468196   12.083099907  -35.242930266
   -0.523598776   -1.047197551  -53.652055918   12.530506581  -29.718162648
   -0.349065850   -1.047197551  -51.664808823    9.575087426  -22.370775724
   -0.174532925   -1.047197551  -50.526954722    2.745111213  -14.630814940
    0.000000000   -1.047197551  -50.936348832   -8.120107603   -7.903292445
    0.174532925   -1.047197551  -53.542510962  -22.149280158   -3.204658717
    0.349065850   -1.047197551  -58.678276089  -36.426240449   -0.942048209
    0.523598776   -1.047197551  -65.964340895  -45.816388121   -0.902295379
    0.698131701   -1.047197551  -74.036862390  -44.568858383   -2.369382901
    0.872664626   -1.047197551  -80.695940005  -29.484981581   -4.370523883
    1.047197551   -1.047197551  -83.614074815   -2.487698085   -5.984146351
    1.221730476   -1.047197551  -81.275837076   29.252754148   -6.597608021
    1.396263402   -1.047197551  -73.666148855   56.436611233   -6.079191181
    1.570796327   -1.047197551  -62.276031607   71.658594720   -4.741200352
    1.745329252   -1.047197551  -49.516302747   72.106544228   -3.168963808
    1.919862177   -1.047197551  -37.873064236   59.402869252   -1.969941216
    2.094395102   -1.047197551  -29.289136414   37.870164010   -1.569896422
    2.268928028   -1.047197551  -24.867661112   12.554077868   -2.117950016
    2.443460953   -1.047197551  -24.853958153  -11.933884483   -3.480647404
    2.617993878   -1.047197551  -28.752724499  -31.701264340   -5.311167637
    2.792526803   -1.047197551  -35.467577754  -43.863093289   -7.158991496
    2.967059728   -1.047197551  -43.511286136  -46.883662573   -8.577348445

   -3.141592654   -0.872664626  -52.435685879  -41.442315221   -3.640917015
   -2.967059728   -0.872664626  -58.617947279  -28.731466696   -4.140654430
   -2.792526803   -0.872664626  -62.322590980  -13.768330898   -4.680629363
   -2.617993878   -0.872664626  -63.539870855   -0.878193418   -5.514659253
   -2.443460953   -0.872664626  -62.932357930    6.809323803   -6.920230423
   -2.268928028   -0.872664626  -61.525937367    8.316988837   -9.090437886
   -2.094395102   -0.872664626  -60.324552050    4.811971946  -12.068714262
   -1.919862177   -0.872664626  -59.991257849   -1.143444756  -15.771014767
   -1.745329252   -0.872664626  -60.699700809   -6.686492127  -20.013477629
   -1.570796327   -0.872664626  -62.168289526   -9.572220311  -24.474841793
   -1.396263402   -0.872664626  -63.812996461   -8.632466241  -28.619790388
   -1.221730476   -0.872664626  -64.957165003   -3.958913246  -31.677306421
   -1.047197551   -0.872664626  -65.041699718    3.203882528  -32.787324518
   -0.872664626   -0.872664626  -63.798656097   10.875145950  -31.320984935
   -0.698131701   -0.872664626  -61.333920774   16.882017524  -27.205683287
   -0.523598776   -0.872664626  -58.106005704   19.329931987  -21.054119970
   -0.349065850   -0.872664626  -54.851979451   17.046851586  -14.029629025
   -0.174532925   -0.872664626  -52.454794315    9.484893230   -7.487459735
    0.000000000   -0.872664626  -51.833084304   -3.182156696   -2.524096515
    0.174532925   -0.872664626  -53.773628859  -19.483563707    0.321263147
    0.349065850   -0.872664626  -58.634362057  -35.868982506    1.170630159
    0.523598776   -0.872664626  -65.961231477  -46.704274503    0.658544907
    0.698131701   -0.872664626  -74.250328744  -46.011112421   -0.340096929
    0.872664626   -0.872664626  -81.147518736  -30.663797296   -1.043066444
    1.047197551   -0.872664626  -84.206892288   -2.886201283   -1.021993038
    1.221730476   -0.872664626  -81.859439864   29.726551479   -0.277076510
    1.396263402   -0.872664626  -74.108572758   57.507367773    0.850661264
    1.570796327   -0.872664626  -62.512826280   72.857263229    1.903467982
    1.745329252   -0.872664626  -49.566359685   72.978861861    2.514403229
    1.919862177   -0.872664626  -37.822809715   59.649931969    2.517723405
    2.094395102   -0.872664626  -29.258051135   37.406005476    1.959427920
    2.268928028   -0.872664626  -24.973049238   11.485532916    1.010830464
    2.443460953   -0.872664626  -25.182399370  -13.371242223   -0.114445686
    2.617993878   -0.872664626  -29.343407333  -33.219979069   -1.228929254
    2.792526803   -0.872664626  -36.309184628  -45.176110593   -2.216833627
    2.967059728   -0.872664626  -44.547453554  -47.766933504   -3.022230443

   -3.141592654   -0.698131701  -52.506425594  -42.272753746    2.746773090
   -2.967059728   -0.698131701  -58.862206872  -29.896528207    1.189266627
   -2.792526803   -0.698131701  -62.804253005  -15.330343901   -1.041120806
   -2.617993878   -0.698131701  -64.333775357   -2.902304909   -3.800047581
   -2.443460953   -0.698131701  -64.123621693    4.275836407   -6.921097850
   -2.268928028   -0.698131701  -63.203818706    5.281893203  -10.264463603
   -2.094395102   -0.698131701  -62.571349870    1.342356207  -13.722653238
   -1.919862177   -0.698131701  -62.873326514   -4.929443963  -17.214688100
   -1.745329252   -0.698131701  -64.256489691  -10.585524369  -20.628691505
   -1.570796327   -0.698131701  -66.389565183  -13.206566732  -23.722504680
   -1.396263402   -0.698131701  -68.602737947  -11.395274122  -26.051449887
   -1.221730476   -0.698131701  -70.098491496   -5.097071712  -27.006507483
   -1.047197551   -0.698131701  -70.191952789    4.321202787  -26.014128286
   -0.872664626   -0.698131701  -68.538325429   14.441376987  -22.827569367
   -0.698131701   -0.698131701  -65.264186290   22.460805950  -17.752214883
   -0.523598776   -0.698131701  -60.957926187   25.907479178  -11.647357946
   -0.349065850   -0.698131701  -56.562266778   23.333285821   -5.682455962
   -0.174532925   -0.698131701  -53.177834168   14.355642486   -0.974483298
    0.000000000   -0.698131701  -51.878174963   -0.337159743    1.807786622
    0.174532925   -0.698131701  -53.498991626  -18.601163283    2.636917975
    0.349065850   -0.698131701  -58.333762128  -36.317264361    2.110916784
    0.523598776   -0.698131701  -65.788155668  -47.562423898    1.180644007
    0.698131701   -0.698131701  -74.199896928  -46.447051600    0.769642195
    0.872664626   -0.698131701  -81.100479213  -30.245252949    1.403189439
    1.047197551   -0.698131701  -84.013273257   -1.686883276    3.016264603
    1.221730476   -0.698131701  -81.419709308   31.242261370    5.051379241
    1.396263402   -0.698131701  -73.418720016   58.766502735    6.775232013
    1.570796327   -0.698131701  -61.656966110   73.458248302    7.646546050
    1.745329252   -0.698131701  -48.671799680   72.829310153    7.534664021
    1.919862177   -0.698131701  -37.008433014   58.930675093    6.688419733
    2.094395102   -0.698131701  -28.596574477   36.427732981    5.572845560
    2.268928028   -0.698131701  -24.482937053   10.540427759    4.621978603
    2.443460953   -0.698131701  -24.841370449  -14.116899405    4.077680568
    2.617993878   -0.698131701  -29.114102512  -33.769470443    3.919132665
    2.792526803   -0.698131701  -36.167170210  -45.656253832    3.881799009
    2.967059728   -0.698131701  -44.496090656  -48.349918329    3.596042078

   -3.141592654   -0.523598776  -51.535430500  -43.916457814    8.009630071
   -2.967059728   -0.523598776  -58.272337919  -32.584086363    5.192448873
   -2.792526803   -0.523598776  -62.754788161  -18.767973967    1.275051254
   -2.617993878   -0.523598776  -64.921059305   -6.693277334   -3.173224059
   -2.443460953   -0.523598776  -65.377581100    0.473379498   -7.576810398
   -2.268928028   -0.523598776  -65.106596365    1.672006187  -11.552295801
   -2.094395102   -0.523598776  -65.081310307   -2.002377107  -14.956988377
   -1.919862177   -0.523598776  -65.942345797   -7.985419816  -17.811270071
   -1.745329252   -0.523598776  -67.827410498  -13.248497352  -20.126875220
   -1.570796327   -0.523598776  -70.370840359  -15.177153053  -21.747827356
   -1.396263402   -0.523598776  -72.832708394  -12.181120371  -22.309166714
   -1.221730476   -0.523598776  -74.323424014   -4.173505305  -21.359898028
   -1.047197551   -0.523598776  -74.083752701    7.234164916  -18.616982594
   -0.872664626   -0.523598776  -71.758578801   19.144853649  -14.201240507
   -0.698131701   -0.523598776  -67.556552114   28.224819905   -8.733710107
   -0.523598776   -0.523598776  -62.229413903   31.650710730   -3.207963796
   -0.349065850   -0.523598776  -56.914933800   27.950634995    1.327387298
   -0.174532925   -0.523598776  -52.880517329   17.105767574    4.086491320
    0.000000000   -0.523598776  -51.277802025    0.412844889    4.836826238
    0.174532925   -0.523598776  -52.908186116  -19.328089438    3.978577544
    0.349065850   -0.523598776  -57.929632218  -37.550171959    2.438678746
    0.523598776   -0.523598776  -65.565333976  -48.253766406    1.331565285
    0.698131701   -0.523598776  -73.995241307  -45.899730388    1.527474977
    0.872664626   -0.523598776  -80.682628632  -28.404591134    3.286143522
    1.047197551   -0.523598776  -83.199147048    0.868722706    6.139912313
    1.221730476   -0.523598776  -80.161502106   33.617053026    9.125953150
    1.396263402   -0.523598776  -71.820245509   60.194159941   11.266657408
    1.570796327   -0.523598776  -59.918049606   73.641800514   12.014649814
    1.745329252   -0.523598776  -46.995690193   71.999207023   11.453743626
    1.919862177   -0.523598776  -35.525552634   57.659795065   10.148295378
    2.094395102   -0.523598776  -27.328670408   35.326438212    8.852692237
    2.268928028   -0.523598776  -23.360913147   10.009304571    8.153277043
    2.443460953   -0.523598776  -23.756160414  -14.028042370    8.256333539
    2.617993878   -0.523598776  -27.979589618  -33.372279097    8.922580223
    2.792526803   -0.523598776  -34.974270681  -45.482902463    9.549064636
    2.967059728   -0.523598776  -43.332367141  -48.930788644    9.421466230

   -3.141592654   -0.349065850  -49.859414676  -46.516874971   10.638213740
   -2.967059728   -0.349065850  -57.185780353  -36.654459394    6.767070005
   -2.792526803   -0.349065850  -62.462391865  -23.664677034    1.716160703
   -2.617993878   -0.349065850  -65.498398255  -11.637451795   -3.634250749
   -2.443460953   -0.349065850  -66.775773774   -3.915154279   -8.472114723
   -2.268928028   -0.349065850  -67.200728016   -1.898113483  -12.342912738
   -2.094395102   -0.349065850  -67.727736926   -4.782241024  -15.193988776
   -1.919862177   -0.349065850  -69.014124911  -10.095527661  -17.199447880
   -1.745329252   -0.349065850  -71.210047610  -14.678279126  -18.481712693
   -1.570796327   -0.349065850  -73.926897390  -15.671832985  -18.920551652
   -1.396263402   -0.349065850  -76.364056547  -11.328586525  -18.172499330
   -1.221730476   -0.349065850  -77.563387019   -1.651240250  -15.891619058
   -1.047197551   -0.349065850  -76.737712740   11.389759451  -12.028580946
   -0.872664626   -0.349065850  -73.579870601   24.407888836   -6.997950859
   -0.698131701   -0.349065850  -68.427363235   33.672670194   -1.639728040
   -0.523598776   -0.349065850  -62.209201150   36.247837540    3.021639186
   -0.349065850   -0.349065850  -56.229929179   30.862357733    6.128842188
   -0.174532925   -0.349065850  -51.863720283   17.985868536    7.239540026
    0.000000000   -0.349065850  -50.269123572   -0.471286231    6.492008170
    0.174532925   -0.349065850  -52.149953808  -21.139772193    4.582176658
    0.349065850   -0.349065850  -57.486009500  -39.148540953    2.600681012
    0.523598776   -0.349065850  -65.303133747  -48.599286555    1.674872379
    0.698131701   -0.349065850  -73.640836405  -44.480487169    2.535078588
    0.872664626   -0.349065850  -79.939807821  -25.485705751    5.185942187
    1.047197551   -0.349065850  -81.880429241    4.351247736    8.868545265
    1.221730476   -0.349065850  -78.270224409   36.511942021   12.384981389
    1.396263402   -0.349065850  -69.539907404   61.668684258   14.669269926
    1.570796327   -0.349065850  -57.522398987   73.528012805   15.241401009
    1.745329252   -0.349065850  -44.727458016   70.771678827   14.363021860
    1.919862177   -0.349065850  -33.509785604   56.145577042   12.797733450
    2.094395102   -0.349065850  -25.544044683   34.300102194   11.445491369
    2.268928028   -0.349065850  -21.678741673    9.890631493   10.934457838
    2.443460953   -0.349065850  -22.018206290  -13.325737950   11.393835067
    2.617993878   -0.349065850  -26.085721664  -32.415806739   12.409496665
    2.792526803   -0.349065850  -32.950656519  -45.097778126   13.164044542
    2.967059728   -0.349065850  -41.348110235  -49.864741627   12.768043432

   -3.141592654   -0.174532925  -48.002259761  -49.873142988   10.111366949
   -2.967059728   -0.174532925  -56.053969007  -41.490032686    5.791410886
   -2.792526803   -0.174532925  -62.242802600  -29.113291756    0.561414264
   -2.617993878   -0.174532925  -66.212876049  -16.746875873   -4.609611216
   -2.443460953   -0.174532925  -68.301737722   -8.035216401   -8.921949442
   -2.268928028   -0.174532925  -69.343976078   -4.859803431  -12.038836856
   -2.094395102   -0.174532925  -70.299183607   -6.774884595  -14.080129395
   -1.919862177   -0.174532925  -71.867538302  -11.362341488  -15.353078900
   -1.745329252   -0.174532925  -74.224700495  -15.233818584  -16.008298558
   -1.570796327   -0.174532925  -76.957277619  -15.227275162  -15.861752027
   -1.396263402   -0.174532925  -79.200194780   -9.481046867  -14.501537199
   -1.221730476   -0.174532925  -79.938381778    1.788133418  -11.607955934
   -1.047197551   -0.174532925  -78.390384828   16.145908469   -7.283779560
   -0.872664626   -0.174532925  -74.340555390   29.719901101   -2.152243385
   -0.698131701   -0.174532925  -68.285965575   38.516108898    2.806006709
   -0.523598776   -0.174532925  -61.332800967   39.692782190    6.587563169
   -0.349065850   -0.174532925  -54.918047655   32.354355268    8.526549283
   -0.174532925   -0.174532925  -50.466347003   17.520710932    8.475815669
    0.000000000   -0.174532925  -49.086249137   -2.333970114    6.856283489
    0.174532925   -0.174532925  -51.342765692  -23.391122754    4.549023737
    0.349065850   -0.174532925  -57.020157608  -40.620185455    2.691684379
    0.523598776   -0.174532925  -64.954377477  -48.364578360    2.322716245
    0.698131701   -0.174532925  -73.074188148  -42.246116218    3.975888793
    0.872664626   -0.174532925  -78.841197608  -21.777782137    7.409034491
    1.047197551   -0.174532925  -80.087589033    8.373814264   11.651685480
    1.221730476   -0.174532925  -75.841085463   39.595203483   15.393068286
    1.396263402   -0.174532925  -66.717841496   63.016498530   17.585593309
    1.570796327   -0.174532925  -54.625115317   73.110376682   17.860333818
    1.745329252   -0.174532925  -42.014146455   69.226784901   16.618920671
    1.919862177   -0.174532925  -31.095819428   54.426653107   14.732605203
    2.094395102   -0.174532925  -23.382980465   33.230235228   13.142177150
    2.268928028   -0.174532925  -19.616034560    9.848865184   12.451453498
    2.443460953   -0.174532925  -19.883496055  -12.537957138   12.716910116
    2.617993878   -0.174532925  -23.789725530  -31.505805304   13.441698928
    2.792526803   -0.174532925  -30.553259404  -45.004366978   13.763388982
    2.967059728   -0.174532925  -39.065293680  -51.364470112   12.814768484

   -3.141592654    0.000000000  -46.479057450  -53.477328200    6.997189865
   -2.967059728    0.000000000  -55.267179689  -46.193483926    2.999576025
   -2.792526803    0.000000000  -62.310135366  -34.034376028   -1.414444077
   -2.617993878    0.000000000  -67.093479025  -21.022258719   -5.433662263
   -2.443460953    0.000000000  -69.833764467  -11.187618676   -8.502951091
   -2.268928028    0.000000000  -71.327573319   -6.922168391  -10.538577232
   -2.094395102    0.000000000  -72.571620539   -8.085800626  -11.841488134
   -1.919862177    0.000000000  -74.325227351  -12.196317963  -12.764371954
   -1.745329252    0.000000000  -76.783844797  -15.515280734  -13.362726078
   -1.570796327    0.000000000  -79.488205159  -14.532405312  -13.278846711
   -1.396263402    0.000000000  -81.489306759   -7.336564507  -11.953344641
   -1.221730476    0.000000000  -81.713900350    5.509647347   -9.033444099
   -1.047197551    0.000000000  -79.407102702   21.003732565   -4.715170255
   -0.872664626    0.000000000  -74.475796868   34.787380642    0.226283334
   -0.698131701    0.000000000  -67.597311603   42.712503838    4.709529289
   -0.523598776    0.000000000  -60.050464209   42.193156521    7.758747975
   -0.349065850    0.000000000  -53.374440920   32.840158510    8.862044783
   -0.174532925    0.000000000  -48.998664395   16.255869780    8.101894372
    0.000000000    0.000000000  -47.938965514   -4.582929218    6.110709774
    0.174532925    0.000000000  -50.595305051  -25.529711042    3.892494377
    0.349065850    0.000000000  -56.553629468  -41.532510831    2.577881381
    0.523598776    0.000000000  -64.480224731  -47.296712740    3.069226966
    0.698131701    0.000000000  -72.230133613  -39.147003371    5.675637620
    0.872664626    0.000000000  -77.328772280  -17.403271634    9.908326847
    1.047197551    0.000000000  -77.793340342   12.722243804   14.620697306
    1.221730476    0.000000000  -72.885506628   42.650328970   18.447784733
    1.396263402    0.000000000  -63.398917011   64.075040039   20.406228784
    1.570796327    0.000000000  -51.294429969   72.276354607   20.250237830
    1.745329252    0.000000000  -38.943151505   67.244765857   18.492135433
    1.919862177    0.000000000  -28.398456017   52.294569969   16.060079215
    2.094395102    0.000000000  -21.009287222   31.756603662   13.887391837
    2.268928028    0.000000000  -17.414067166    9.360316859   12.539824711
    2.443460953    0.000000000  -17.694868430  -12.287640002   12.043061519
    2.617993878    0.000000000  -21.542027506  -31.222918232   11.925324129
    2.792526803    0.000000000  -28.316648436  -45.553950821   11.437416973
    2.967059728    0.000000000  -37.047260856  -53.385890599    9.892940774

   -3.141592654    0.174532925  -45.624105240  -56.728783446    2.710970247
   -2.967059728    0.174532925  -55.032577061  -49.936916703   -0.323251322
   -2.792526803    0.174532925  -62.721906058  -37.578802587   -3.249631858
   -2.617993878    0.174532925  -68.063885225  -23.811389908   -5.595911986
   -2.443460953    0.174532925  -71.210338986  -13.063350589   -7.186410821
   -2.268928028    0.174532925  -72.968778156   -8.145403397   -8.226787270
   -2.094395102    0.174532925  -74.399842552   -9.065847905   -9.132651655
   -1.919862177    0.174532925  -76.319503774  -13.113626760  -10.180418339
   -1.745329252    0.174532925  -78.915884084  -16.091977593  -11.215984941
   -1.570796327    0.174532925  -81.646562356  -14.138448231  -11.639860995
   -1.396263402    0.174532925  -83.449810292   -5.389116249  -10.723727171
   -1.221730476    0.174532925  -83.187207226    9.108950933   -8.079769907
   -1.047197551    0.174532925  -80.145055663   25.686588516   -3.986720424
   -0.872664626    0.174532925  -74.376913224   39.499358293    0.651815006
   -0.698131701    0.174532925  -66.756037529   46.335568050    4.676325086
   -0.523598776    0.174532925  -58.729042326   43.989266163    7.143029160
   -0.349065850    0.174532925  -51.912972332   32.677203959    7.671848747
   -0.174532925    0.174532925  -47.706197730   14.606908979    6.533063606
    0.000000000    0.174532925  -46.999048009   -6.795700219    4.528189805
    0.174532925    0.174532925  -50.008094423  -27.167612805    2.750318279
    0.349065850    0.174532925  -56.124793635  -41.568087282    2.292282328
    0.523598776    0.174532925  -63.872126723  -45.178925125    3.887669395
    0.698131701    0.174532925  -71.072649362  -35.085334111    7.594351302
    0.872664626    0.174532925  -75.359330544  -12.375163836   12.666600045
    1.047197551    0.174532925  -74.963914960   17.308704000   17.794775762
    1.221730476    0.174532925  -69.388571596   45.554095653   21.594198802
    1.396263402    0.174532925  -59.590877207   64.709033171   23.175638307
    1.570796327    0.174532925  -47.562895695   70.872539766   22.430916661
    1.745329252    0.174532925  -35.577302752   64.625895097   19.975687206
    1.919862177    0.174532925  -25.521905760   49.469361133   16.777039232
    2.094395102    0.174532925  -18.584432767   29.502837592   13.747433371
    2.268928028    0.174532925  -15.307169416    7.973902111   11.423975156
    2.443460953    0.174532925  -15.766961295  -13.027911579    9.846640922
    2.617993878    0.174532925  -19.728121252  -31.903499104    8.648726578
    2.792526803    0.174532925  -26.665018590  -46.832604461    7.291113769
    2.967059728    0.174532925  -35.704088553  -55.671438480    5.343233166

   -3.141592654    0.349065850  -45.502608989  -59.167154173   -1.154455846
   -2.967059728    0.349065850  -55.332667335  -52.254042921   -2.939336071
   -2.792526803    0.349065850  -63.388272418  -39.404718684   -4.230563597
   -2.617993878    0.349065850  -68.993258492  -24.998003396   -4.948759843
   -2.443460953    0.349065850  -72.302629256  -13.798964465   -5.294783877
   -2.268928028    0.349065850  -74.180816392   -8.858914526   -5.697062626
   -2.094395102    0.349065850  -75.763338053  -10.124937294   -6.578825794
   -1.919862177    0.349065850  -77.900393625  -14.498513266   -8.044205025
   -1.745329252    0.349065850  -80.731316526  -17.268955370   -9.689876504
   -1.570796327    0.349065850  -83.589163570  -14.275867781  -10.702528734
   -1.396263402    0.349065850  -85.274473822   -3.826536244  -10.250929469
   -1.221730476    0.349065850  -84.581785215   12.420629531   -7.968092011
   -1.047197551    0.349065850  -80.854073887   30.062271944   -4.226856697
   -0.872664626    0.349065850  -74.311479140   43.790390027   -0.023733641
   -0.698131701    0.349065850  -66.032645840   49.421458015    3.461191296
   -0.523598776    0.349065850  -57.622889950   45.231809298    5.366049484
   -0.349065850    0.349065850  -50.752713177   32.115151583    5.466426285
   -0.174532925    0.349065850  -46.757959437   12.890892072    4.209378523
    0.000000000    0.349065850  -46.376948709   -8.624964868    2.529690776
    0.174532925    0.349065850  -49.631289892  -27.968385141    1.557516483
    0.349065850    0.349065850  -55.729228394  -40.446199755    2.285265407
    0.523598776    0.349065850  -63.084741406  -41.828796878    5.214206316
    0.698131701    0.349065850  -69.535432963  -30.004779113   10.104207827
    0.872664626    0.349065850  -72.867738513   -6.761068596   15.941208807
    1.047197551    0.349065850  -71.554368607   21.977411510   21.281516437
    1.221730476    0.349065850  -65.336656728   48.110403540   24.783925535
    1.396263402    0.349065850  -55.314712427   64.722823773   25.719647980
    1.570796327    0.349065850  -43.484134314   68.720936038   24.167486936
    1.745329252    0.349065850  -31.999848754   61.206057187   20.865309529
    1.919862177    0.349065850  -22.577793221   45.787642765   16.813885138
    2.094395102    0.349065850  -16.248991196   26.300873230   12.892320844
    2.268928028    0.349065850  -13.464562321    5.534772740    9.604199357
    2.443460953    0.349065850  -14.291825161  -14.856705406    7.016707868
    2.617993878    0.349065850  -18.547924141  -33.530152471    4.889177652
    2.792526803    0.349065850  -25.781564602  -48.660597785    2.904590280
    2.967059728    0.349065850  -35.172688085  -57.873802904    0.872152565

   -3.141592654    0.523598776  -45.934223900  -60.621073902   -3.512202028
   -2.967059728    0.523598776  -55.972258428  -53.152568698   -4.159172791
   -2.792526803    0.523598776  -64.132331168  -39.712116481   -4.153557186
   -2.617993878    0.523598776  -69.753754926  -24.933002735   -3.729375131
   -2.443460953    0.523598776  -73.050826491  -13.805252885   -3.335748091
   -2.268928028    0.523598776  -74.972416986   -9.418269505   -3.485299591
   -2.094395102    0.523598776  -76.720911590  -11.470338589   -4.506638807
   -1.919862177    0.523598776  -79.147381468  -16.383299385   -6.309519750
   -1.745329252    0.523598776  -82.303492255  -18.958601706   -8.314370957
   -1.570796327    0.523598776  -85.371213804  -14.843555105   -9.634918431
   -1.396263402    0.523598776  -87.007172525   -2.633035976   -9.482047394
   -1.221730476    0.523598776  -85.949673960   15.334890725   -7.592290979
   -1.047197551    0.523598776  -81.614395460   33.929298230   -4.420356307
   -0.872664626    0.523598776  -74.397108927   47.449890176   -0.961105031
   -0.698131701    0.523598776  -65.575383965   51.843414138    1.712770114
   -0.523598776    0.523598776  -56.890065838   45.944136861    2.932507677
   -0.349065850    0.523598776  -50.032842052   31.346543696    2.691745798
   -0.174532925    0.523598776  -46.246290391   11.443330763    1.610884072
    0.000000000    0.523598776  -46.098269689   -9.655280774    0.694863236
    0.174532925    0.523598776  -49.417265287  -27.524224286    1.004045480
    0.349065850    0.523598776  -55.255711763  -37.860570328    3.306477758
    0.523598776    0.523598776  -61.968052537  -37.117422101    7.763423447
    0.698131701    0.523598776  -67.464264061  -23.985862300   13.778057435
    0.872664626    0.523598776  -69.730656756   -0.825921166   20.081932523
    1.047197551    0.523598776  -67.498354301   26.355805364   25.177551719
    1.221730476    0.523598776  -60.730631237   49.936930385   27.887506758
    1.396263402    0.523598776  -50.632438457   63.809574594   27.760022282
    1.570796327    0.523598776  -39.163376148   65.637167586   25.140256491
    1.745329252    0.523598776  -28.336679116   56.930514875   20.915130620
    1.919862177    0.523598776  -19.691514187   41.305747171   16.103604548
    2.094395102    0.523598776  -14.110592459   22.293908652   11.518006144
    2.268928028    0.523598776  -11.962419250    2.259265692    7.593716851
    2.443460953    0.523598776  -13.302031878  -17.491855512    4.397567214
    2.617993878    0.523598776  -17.979936176  -35.769580439    1.779112924
    2.792526803    0.523598776  -25.584747368  -50.691477674   -0.415240914
    2.967059728    0.523598776  -35.314459747  -59.697317528   -2.217998487

   -3.141592654    0.698131701  -46.622696520  -61.216201952   -4.165527143
   -2.967059728    0.698131701  -56.701290695  -53.028038484   -4.065623762
   -2.792526803    0.698131701  -64.790294087  -39.072470315   -3.365422321
   -2.617993878    0.698131701  -70.285499875  -24.207079049   -2.447111212
   -2.443460953    0.698131701  -73.487256326  -13.521953763   -1.814680201
   -2.268928028    0.698131701  -75.429803505   -9.986823501   -1.911124171
   -2.094395102    0.698131701  -77.359975608  -12.956262500   -2.914222623
   -1.919862177    0.698131701  -80.100420915  -18.391816924   -4.607492606
   -1.745329252    0.698131701  -83.598294923  -20.720289225   -6.407494594
   -1.570796327    0.698131701  -86.889890056  -15.523328822   -7.568865524
   -1.396263402    0.698131701  -88.510321807   -1.741260704   -7.514787462
   -1.221730476    0.698131701  -87.165598772   17.650536774   -6.144054202
   -1.047197551    0.698131701  -82.353256375   36.911279495   -3.923478400
   -0.872664626    0.698131701  -74.631067169   50.080410226   -1.683659445
   -0.698131701    0.698131701  -65.441264154   53.336450827   -0.206301663
   -0.523598776    0.698131701  -56.614343053   46.095960332    0.173065060
   -0.349065850    0.698131701  -49.819549915   30.600478010   -0.274635027
   -0.174532925    0.698131701  -46.178111499   10.698876869   -0.788482117
    0.000000000    0.698131701  -46.084194772   -9.363233503   -0.406278045
    0.174532925    0.698131701  -49.198871202  -25.371944642    1.699084923
    0.349065850    0.698131701  -54.472041984  -33.547952174    5.905696280
    0.523598776    0.698131701  -60.268239048  -31.067957755   11.920443860
    0.698131701    0.698131701  -64.635156888  -17.339258985   18.764567339
    0.872664626    0.698131701  -65.797946368    4.914481770   24.990776237
    1.047197551    0.698131701  -62.743927548   29.858417013   29.191709662
    1.221730476    0.698131701  -55.616258455   50.520226548   30.511982543
    1.396263402    0.698131701  -45.665248388   61.631013506   28.901595735
    1.570796327    0.698131701  -34.761952573   61.501716911   25.034347752
    1.745329252    0.698131701  -24.751222188   51.889281769   19.946455246
    1.919862177    0.698131701  -16.995307239   36.283693212   14.634685764
    2.094395102    0.698131701  -12.244616483   17.865574518    9.790954517
    2.268928028    0.698131701  -10.801395409   -1.385863569    5.728833064
    2.443460953    0.698131701  -12.712713741  -20.427904800    2.463608946
    2.617993878    0.698131701  -17.852166160  -38.141734503   -0.129408583
    2.792526803    0.698131701  -25.827467240  -52.560554867   -2.129065872
    2.967059728    0.698131701  -35.835923976  -60.990141755   -3.508857225

   -3.141592654    0.872664626  -47.325083702  -61.268854302   -3.860016491
   -2.967059728    0.872664626  -57.353842751  -52.430195274   -3.466680249
   -2.792526803    0.872664626  -65.302509619  -38.124194453   -2.644632878
   -2.617993878    0.872664626  -70.633883175  -23.352774337   -1.753630387
   -2.443460953    0.872664626  -73.727710820  -13.199502647   -1.174851301
   -2.268928028    0.872664626  -75.680604327  -10.444946929   -1.167151411
   -2.094395102    0.872664626  -77.756843240  -14.131807628   -1.758604730
   -1.919862177    0.872664626  -80.738991643  -19.899077721   -2.729885756
   -1.745329252    0.872664626  -84.486817010  -21.974687992   -3.695141517
   -1.570796327    0.872664626  -87.934138282  -15.979916453   -4.254010279
   -1.396263402    0.872664626  -89.543916170   -1.160115964   -4.171242996
   -1.221730476    0.872664626  -88.019631729   19.048539359   -3.515542555
   -1.047197551    0.872664626  -82.933424201   38.526640279   -2.655657789
   -0.872664626    0.872664626  -74.960336037   51.232266556   -2.077410633
   -0.698131701    0.872664626  -65.640304637   53.650695415   -2.093663300
   -0.523598776    0.872664626  -56.824632966   45.726712466   -2.593572586
   -0.349065850    0.872664626  -50.109497469   30.196875594   -3.012728866
   -0.174532925    0.872664626  -46.476560106   11.156624094   -2.529540515
    0.000000000    0.872664626  -46.166795652   -7.235801513   -0.378001273
    0.174532925    0.872664626  -48.730679865  -21.164951253    3.852739438
    0.349065850    0.872664626  -53.097474352  -27.464899711   10.000677560
    0.523598776    0.872664626  -57.727377993  -23.982716033   17.261089593
    0.698131701    0.872664626  -60.868645399  -10.640700656   24.334016666
    0.872664626    0.872664626  -61.003644902    9.765793450   29.753625165
    1.047197551    0.872664626  -57.343765471   31.846278461   32.394262879
    1.221730476    0.872664626  -50.142453123   49.412899347   31.868198233
    1.396263402    0.872664626  -40.618344006   57.993772082   28.590829814
    1.570796327    0.872664626  -30.496703776   56.368919699   23.546677076
    1.745329252    0.872664626  -21.432560892   46.335962308   17.856823613
    1.919862177    0.872664626  -14.621121298   31.113099112   12.422896443
    2.094395102    0.872664626  -10.706715089   13.489905973    7.758216261
    2.268928028    0.872664626   -9.950704516   -4.891385468    4.011795267
    2.443460953    0.872664626  -12.404934441  -23.172553701    1.109358418
    2.617993878    0.872664626  -17.966273245  -40.242309718   -1.095928977
    2.792526803    0.872664626  -26.254927631  -54.039854808   -2.675220506
    2.967059728    0.872664626  -36.463912209  -61.781270784   -3.612243361

   -3.141592654    1.047197551  -47.984545770  -61.111924353   -3.894346608
   -2.967059728    1.047197551  -57.942472643  -51.806168218   -3.510148584
   -2.792526803    1.047197551  -65.760923509  -37.305881351   -2.861660998
   -2.617993878    1.047197551  -70.955705852  -22.650791711   -2.189813438
   -2.443460953    1.047197551  -73.955061171  -12.842127424   -1.664908022
   -2.268928028    1.047197551  -75.881325605  -10.490363817   -1.324405674
   -2.094395102    1.047197551  -77.993539241  -14.467647789   -1.089519442
   -1.919862177    1.047197551  -81.044386935  -20.311141692   -0.851692335
   -1.745329252    1.047197551  -84.854493093  -22.245628709   -0.561721009
   -1.570796327    1.047197551  -88.326804980  -15.987298201   -0.272758338
   -1.396263402    1.047197551  -89.916583470   -0.949188384   -0.129282714
   -1.221730476    1.047197551  -88.351313519   19.253658447   -0.327776290
   -1.047197551    1.047197551  -83.251219307   38.428114217   -1.037513810
   -0.872664626    1.047197551  -75.336431797   50.646404217   -2.277587181
   -0.698131701    1.047197551  -66.152675234   52.730650595   -3.794722006
   -0.523598776    1.047197551  -57.489818887   45.017400006   -4.997870252
   -0.349065850    1.047197551  -50.822849498   30.495223665   -5.075072903
   -0.174532925    1.047197551  -46.992867813   13.220068121   -3.257557797
    0.000000000    1.047197551  -46.135462259   -2.996890610    0.872870184
    0.174532925    1.047197551  -47.776378142  -14.904990497    7.170548426
    0.349065850    1.047197551  -50.926153704  -19.959374990   14.861974942
    0.523598776    1.047197551  -54.227753454  -16.505057741   22.673500899
    0.698131701    1.047197551  -56.173806910   -4.666067710   29.138011748
    0.872664626    1.047197551  -55.488771210   13.026817421   32.987402296
    1.047197551    1.047197551  -51.542097779   31.857027779   33.567154486
    1.221730476    1.047197551  -44.607479046   46.459974047   31.042506652
    1.396263402    1.047197551  -35.792053006   53.017107719   26.263066359
    1.570796327    1.047197551  -26.629624364   50.541760358   20.411632148
    1.745329252    1.047197551  -18.580950459   40.660770264   14.565514558
    1.919862177    1.047197551  -12.698938596   26.200686414    9.433666969
    2.094395102    1.047197551   -9.557545258    9.550226766    5.299291198
    2.268928028    1.047197551   -9.407822641   -7.919749736    2.129520618
    2.443460953    1.047197551  -12.322928513  -25.456177468   -0.243524190
    2.617993878    1.047197551  -18.227822946  -41.904216726   -1.990157364
    2.792526803    1.047197551  -26.755620825  -55.107980234   -3.181430036
    2.967059728    1.047197551  -37.098368725  -62.228445119   -3.815720248

   -3.141592654    1.221730476  -48.773319795  -60.943278474   -5.531446949
   -2.967059728    1.221730476  -58.670896197  -51.313004195   -5.217898341
   -2.792526803    1.221730476  -66.390070804  -36.691803892   -4.694815771
   -2.617993878    1.221730476  -71.478227852  -22.052689056   -4.093659407
   -2.443460953    1.221730476  -74.375773496  -12.260048286   -3.397670579
   -2.268928028    1.221730476  -76.194491740   -9.817893528   -2.462161779
   -2.094395102    1.221730476  -78.174167801  -13.614382718   -1.155340839
   -1.919862177    1.221730476  -81.062433908  -19.323993560    0.468932705
   -1.745329252    1.221730476  -84.703260457  -21.341809572    2.099579808
   -1.570796327    1.221730476  -88.047856760  -15.483329934    3.250215837
   -1.396263402    1.221730476  -89.606391517   -1.139091492    3.452698960
   -1.221730476    1.221730476  -88.147126730   18.213280617    2.449698632
   -1.047197551    1.221730476  -83.298547452   36.618068691    0.321239091
   -0.872664626    1.221730476  -75.741667297   48.438091029   -2.469716231
   -0.698131701    1.221730476  -66.929600701   50.815387328   -5.127890056
   -0.523598776    1.221730476  -58.511431689   44.284266455   -6.650491672
   -0.349065850    1.221730476  -51.806024301   31.789865925   -6.083114381
   -0.174532925    1.221730476  -47.533402213   17.031594568   -2.827332790
    0.000000000    1.221730476  -45.793989729    3.224438813    3.089872197
    0.174532925    1.221730476  -46.190941441   -7.052273077   10.929472894
    0.349065850    1.221730476  -47.920189687  -11.781977417   19.358523916
    0.523598776    1.221730476  -49.877765409   -9.529289582   26.781733230
    0.698131701    1.221730476  -50.812122775   -0.237613244   31.770363758
    0.872664626    1.221730476  -49.636901657   14.149764723   33.454890877
    1.047197551    1.221730476  -45.785394736   29.724430110   31.773273989
    1.221730476    1.221730476  -39.454082595   41.856807487   27.440062530
    1.396263402    1.221730476  -31.571902627   47.135421727   21.625935376
    1.570796327    1.221730476  -23.461030653   44.537144571   15.543087202
    1.745329252    1.221730476  -16.409102863   35.334103573   10.070346644
    1.919862177    1.221730476  -11.369188802   21.897717127    5.624110863
    2.094395102    1.221730476   -8.888539475    6.257064453    2.219173786
    2.268928028    1.221730476   -9.239240967  -10.393202862   -0.351713498
    2.443460953    1.221730476  -12.529785405  -27.312193097   -2.318805516
    2.617993878    1.221730476  -18.713646485  -43.246951367   -3.826594611
    2.792526803    1.221730476  -27.432655895  -55.942249694   -4.888651578
    2.967059728    1.221730476  -37.875990574  -62.535939630   -5.457265231

   -3.141592654    1.396263402  -50.035137909  -60.788287673   -9.334243505
   -2.967059728    1.396263402  -59.873395586  -50.821627854   -8.932985981
   -2.792526803    1.396263402  -67.491049318  -36.040453637   -8.231906338
   -2.617993878    1.396263402  -72.455347735  -21.271258612   -7.347176583
   -2.443460953    1.396263402  -75.194832794  -11.191367549   -6.182128599
   -2.268928028    1.396263402  -76.786102592   -8.251269967   -4.495134194
   -2.094395102    1.396263402  -78.444091912  -11.514354168   -2.138030437
   -1.919862177    1.396263402  -80.938381695  -16.988222121    0.701502688
   -1.745329252    1.396263402  -84.192650569  -19.363048062    3.443235175
   -1.570796327    1.396263402  -87.272003723  -14.526473751    5.295450332
   -1.396263402    1.396263402  -88.788164682   -1.660698420    5.585013307
   -1.221730476    1.396263402  -87.554879547   16.170995660    4.057894223
   -1.047197551    1.396263402  -83.165751310   33.504049212    1.027422359
   -0.872664626    1.396263402  -76.185170217   45.116921419   -2.654132936
   -0.698131701    1.396263402  -67.889837170   48.411655180   -5.790580165
   -0.523598776    1.396263402  -59.729092741   43.904624228   -7.128269730
   -0.349065850    1.396263402  -52.853167243   34.205397123   -5.716253314
   -0.174532925    1.396263402  -47.899446114   22.374939925   -1.219859403
    0.000000000    1.396263402  -45.013136584   10.853092077    5.879638765
    0.174532925    1.396263402  -43.972211802    1.531460938   14.342627368
    0.349065850    1.396263402  -44.241854936   -3.923439071   22.454325986
    0.523598776    1.396263402  -45.009007003   -3.970480454   28.515715648
    0.698131701    1.396263402  -45.253707858    2.000400888   31.330842260
    0.872664626    1.396263402  -43.997330700   12.884054553   30.546633465
    1.047197551    1.396263402  -40.630663303   25.602774382   26.706836389
    1.221730476    1.396263402  -35.183430109   36.065940806   20.989876151
    1.396263402    1.396263402  -28.363012971   40.956876650   14.740050139
    1.570796327    1.396263402  -21.289567813   38.942367554    9.036097244
    1.745329252    1.396263402  -15.124463769   30.799059505    4.426932525
    1.919862177    1.396263402  -10.779464111   18.442516297    0.957195242
    2.094395102    1.396263402   -8.824388413    3.638149712   -1.651174263
    2.268928028    1.396263402   -9.581120817  -12.464087977   -3.758823286
    2.443460953    1.396263402  -13.200057572  -29.016692010   -5.607052402
    2.617993878    1.396263402  -19.651978249  -44.596450774   -7.235485076
    2.792526803    1.396263402  -28.569303732  -56.834441618   -8.505051796
    2.967059728    1.396263402  -39.122163841  -62.885133477   -9.227783624

   -3.141592654    1.570796327  -52.130726763  -60.532340747  -14.925007494
   -2.967059728    1.570796327  -61.874437132  -50.041752596  -14.208126854
   -2.792526803    1.570796327  -69.328443662  -34.974890885  -12.983661232
   -2.617993878    1.570796327  -74.087195007  -19.966093070  -11.464378123
   -2.443460953    1.570796327  -76.564734404   -9.446814255   -9.601606286
   -2.268928028    1.570796327  -77.793958853   -5.816531896   -7.152378352
   -2.094395102    1.570796327  -78.964045431   -8.395025522   -3.973139098
   -1.919862177    1.570796327  -80.883837611  -13.637968607   -0.312991203
   -1.745329252    1.570796327  -83.591235951  -16.601071929    3.125762642
   -1.570796327    1.570796327  -86.303639478  -13.212730129    5.420865211
   -1.396263402    1.570796327  -87.757986076   -2.312499627    5.836219035
   -1.221730476    1.570796327  -86.807939358   13.637424946    4.179789957
   -1.047197551    1.570796327  -82.975670672   29.819263196    0.949274855
   -0.872664626    1.570796327  -76.653631950   41.478998334   -2.763719759
   -0.698131701    1.570796327  -68.889868592   46.182449927   -5.574546716
   -0.523598776    1.570796327  -60.908822539   44.224808635   -6.201930415
   -0.349065850    1.570796327  -53.707185418   37.647021279   -3.869366737
   -0.174532925    1.570796327  -47.891542706   28.690317901    1.431198485
    0.000000000    1.570796327  -43.725532744   18.961581544    8.841200535
    0.174532925    1.570796327  -41.232828012    9.749627211   16.825388020
    0.349065850    1.570796327  -40.192211870    2.592840666   23.554738834
    0.523598776    1.570796327  -40.078946680   -0.569687548   27.464946025
    0.698131701    1.570796327  -40.051420478    1.705596997   27.726816795
    0.872664626    1.570796327  -39.146812315    9.290321137   24.506061403
    1.047197551    1.570796327  -36.614790189   19.868603654   18.853641221
    1.221730476    1.570796327  -32.249006136   29.642385042   12.270217837
    1.396263402    1.570796327  -26.517061032   35.069647834    6.137954141
    1.570796327    1.570796327  -20.370526742   34.257676871    1.296114116
    1.745329252    1.570796327  -14.909044326   27.386235606   -2.104299314
    1.919862177    1.570796327  -11.071855154   15.959924020   -4.426270419
    2.094395102    1.570796327   -9.503334165    1.617581651   -6.246009879
    2.268928028    1.570796327  -10.599878677  -14.371193449   -8.052627714
    2.443460953    1.570796327  -14.551341622  -30.904857120  -10.049472645
    2.617993878    1.570796327  -21.320985035  -46.296632348  -12.100598031
    2.792526803    1.570796327  -30.497405670  -58.041225469  -13.831468189
    2.967059728    1.570796327  -41.199797112  -63.365035890  -14.836148768

   -3.141592654    1.745329252  -55.269201283  -60.040958054  -21.029374645
   -2.967059728    1.745329252  -64.849100863  -48.725337947  -19.873199078
   -2.792526803    1.745329252  -72.028893728  -33.203995035  -17.956788360
   -2.617993878    1.745329252  -76.453596884  -17.911589401  -15.648725484
   -2.443460953    1.745329252  -78.539866416   -6.976413995  -13.037074406
   -2.268928028    1.745329252  -79.283965777   -2.699583718   -9.957201834
   -2.094395102    1.745329252  -79.851664985   -4.650470864   -6.290031828
   -1.919862177    1.745329252  -81.095253968   -9.756488844   -2.276523395
   -1.745329252    1.745329252  -83.175058571  -13.453995678    1.403179430
   -1.570796327    1.745329252  -85.468194894  -11.685022292    3.867141324
   -1.396263402    1.745329252  -86.835548384   -2.875566019    4.452921562
   -1.221730476    1.745329252  -86.155150317   11.196775374    3.082255031
   -1.047197551    1.745329252  -82.850556015   26.402201674    0.378790290
   -0.872664626    1.745329252  -77.115026747   38.413825579   -2.493368533
   -0.698131701    1.745329252  -69.755813138   44.822232996   -4.198667678
   -0.523598776    1.745329252  -61.788999328   45.526144592   -3.670419632
   -0.349065850    1.745329252  -54.103152406   41.863568368   -0.471812324
   -0.174532925    1.745329252  -47.333970557   35.225630254    5.054200477
    0.000000000    1.745329252  -41.917879525   26.482490948   11.812335663
    0.174532925    1.745329252  -38.153081891   16.501171203   18.237025335
    0.349065850    1.745329252  -36.125896094    6.908864311   22.680925421
    0.523598776    1.745329252  -35.556988030    0.232520793   23.928201058
    0.698131701    1.745329252  -35.712450071   -1.123495145   21.580503153
    0.872664626    1.745329252  -35.561481921    3.700579771   16.232956610
    1.047197551    1.745329252  -34.138565528   13.026090777    9.269531649
    1.221730476    1.745329252  -30.959739148   23.114098674    2.341899650
    1.396263402    1.745329252  -26.256344979   29.926451903   -3.242403236
    1.570796327    1.745329252  -20.857818237   30.810384782   -6.927858859
    1.745329252    1.745329252  -15.872202271   25.278749619   -8.957691716
    1.919862177    1.745329252  -12.336295613   14.491459787  -10.079417098
    2.094395102    1.745329252  -11.019132569    0.115404708  -11.137642388
    2.268928028    1.745329252  -12.411306258  -16.280523799  -12.716337489
    2.443460953    1.745329252  -16.732345279  -33.180445132  -14.948803311
    2.617993878    1.745329252  -23.904143079  -48.533796832  -17.497639637
    2.792526803    1.745329252  -33.427360480  -59.677206382  -19.733336585
    2.967059728    1.745329252  -44.329789757  -63.975003526  -21.018398856

   -3.141592654    1.919862177  -59.392117534  -59.285183010  -25.872253090
   -2.967059728    1.919862177  -68.734158438  -46.842858379  -24.335515144
   -2.792526803    1.919862177  -75.523441160  -30.694337435  -21.823002931
   -2.617993878    1.919862177  -79.481871781  -15.108479415  -18.836087981
   -2.443460953    1.919862177  -81.055748137   -3.885999020  -15.625105458
   -2.268928028    1.919862177  -81.223679040    0.832850048  -12.159718566
   -2.094395102    1.919862177  -81.135005102   -0.698192932   -8.377214168
   -1.919862177    1.919862177  -81.680363464   -5.817523150   -4.472381119
   -1.745329252    1.919862177  -83.128584581  -10.300028352   -0.992158585
   -1.570796327    1.919862177  -84.996484226  -10.073499453    1.367756273
   -1.396263402    1.919862177  -86.245201974   -3.136627034    2.140718239
   -1.221730476    1.919862177  -85.753136485    9.403059980    1.407207440
   -1.047197551    1.919862177  -82.828251739   24.032006259   -0.143531227
   -0.872664626    1.919862177  -77.466219618   36.716500323   -1.439914783
   -0.698131701    1.919862177  -70.262224626   44.896264304   -1.424536122
   -0.523598776    1.919862177  -62.081059286   47.941988402    0.537098588
   -0.349065850    1.919862177  -53.774089466   46.474746124    4.419127438
   -0.174532925    1.919862177  -46.066140477   41.169998819    9.550752124
    0.000000000    1.919862177  -39.592849622   32.402357904   14.773274029
    0.174532925    1.919862177  -34.908813540   20.864309025   18.753730110
    0.349065850    1.919862177  -32.352600043    8.443458373   20.286439606
    0.523598776    1.919862177  -31.814854109   -1.687992485   18.661847726
    0.698131701    1.919862177  -32.592836222   -6.203835054   13.922940408
    0.872664626    1.919862177  -33.524152299   -3.363570778    6.963620914
    1.047197551    1.919862177  -33.387507236    5.637903130   -0.700299905
    1.221730476    1.919862177  -31.410742069   16.937198751   -7.448895502
    1.396263402    1.919862177  -27.610795682   25.815656464  -12.152687254
    1.570796327    1.919862177  -22.745356916   28.732765132  -14.548449108
    1.745329252    1.919862177  -17.995034981   24.501637839  -15.213844651
    1.919862177    1.919862177  -14.554673749   14.012191154  -15.194429078
    2.094395102    1.919862177  -13.358670933   -0.893525930  -15.522723664
    2.268928028    1.919862177  -15.004113906  -18.184524020  -16.823611134
    2.443460953    1.919862177  -19.726614484  -35.794133200  -19.146773735
    2.617993878    1.919862177  -27.373659495  -51.232372797  -21.987366420
    2.792526803    1.919862177  -37.317966394  -61.669865225  -24.526682803
    2.967059728    1.919862177  -48.460260899  -64.665984109  -25.963966327

   -3.141592654    2.094395102  -64.127261994  -58.351769107  -27.830410269
   -2.967059728    2.094395102  -73.183677736  -44.594036747  -26.147464452
   -2.792526803    2.094395102  -79.504992663  -27.679978596  -23.369429899
   -2.617993878    2.094395102  -82.905597502  -11.787793892  -20.035217215
   -2.443460953    2.094395102  -83.887481432   -0.428611671  -16.523649524
   -2.268928028    2.094395102  -83.437967345    4.456462708  -12.967663166
   -2.094395102    2.094395102  -82.703226137    3.053002607   -9.399893670
   -1.919862177    2.094395102  -82.603234551   -2.254541254   -5.962099981
   -1.745329252    2.094395102  -83.485196834   -7.477141584   -2.995823984
   -1.570796327    2.094395102  -84.963037191   -8.492482543   -0.903265113
   -1.396263402    2.094395102  -86.055854235   -2.910954679    0.128347324
   -1.221730476    2.094395102  -85.613306265    8.719640279    0.344834719
   -1.047197551    2.094395102  -82.823560502   23.324683227    0.411316852
   -0.872664626    2.094395102  -77.515366696   36.955278338    1.140958738
   -0.698131701    2.094395102  -70.137489799   46.717917313    3.127827068
   -0.523598776    2.094395102  -61.491859620   51.393245994    6.445291526
   -0.349065850    2.094395102  -52.476893227   50.997065651   10.587168840
   -0.174532925    2.094395102  -43.956349677   45.762412817   14.655469548
    0.000000000    2.094395102  -36.759999835   35.904296629   17.615103096
    0.174532925    2.094395102  -31.639249781   22.208060261   18.570947412
    0.349065850    2.094395102  -29.091726990    6.928211992   16.923763207
    0.523598776    2.094395102  -29.081859824   -6.178093051   12.542169203
    0.698131701    2.094395102  -30.863148476  -13.038705691    5.876535531
    0.872664626    2.094395102  -33.101065467  -11.238698109   -2.014882422
    1.047197551    2.094395102  -34.312420448   -1.668587386   -9.675297735
    1.221730476    2.094395102  -33.458368603   11.548843104  -15.696928093
    1.396263402    2.094395102  -30.382010540   22.928488691  -19.235113990
    1.570796327    2.094395102  -25.820451238   28.012378172  -20.317404945
    1.745329252    2.094395102  -21.077446246   24.943613471  -19.760735932
    1.919862177    2.094395102  -17.546161867   14.431101275  -18.766391384
    2.094395102    2.094395102  -16.348089916   -1.386929298  -18.421466131
    2.268928028    2.094395102  -18.187326027  -19.908488051  -19.313713811
    2.443460953    2.094395102  -23.300892135  -38.447973246  -21.411238588
    2.617993878    2.094395102  -31.439682197  -54.060512394  -24.129356761
    2.792526803    2.094395102  -41.826830560  -63.767977119  -26.598872640
    2.967059728    2.094395102  -53.218544206  -65.350643090  -27.988878296

   -3.141592654    2.268928028  -68.874844902  -57.415977617  -25.925362528
   -2.967059728    2.268928028  -77.645569157  -42.329461749  -24.389064742
   -2.792526803    2.268928028  -83.488959743  -24.563676518  -21.766652832
   -2.617993878    2.268928028  -86.308138684   -8.316157710  -18.516941996
   -2.443460953    2.268928028  -86.677639775    3.080782876  -15.079676805
   -2.268928028    2.268928028  -85.622129848    7.875994301  -11.745774810
   -2.094395102    2.268928028  -84.303368378    6.305664643   -8.661081069
   -1.919862177    2.268928028  -83.661157480    0.664572070   -5.909173849
   -1.745329252    2.268928028  -84.080730491   -5.143593891   -3.578527530
   -1.570796327    2.268928028  -85.215757214   -6.911954759   -1.717718377
   -1.396263402    2.268928028  -86.091824950   -1.962228015   -0.218503092
   -1.221730476    2.268928028  -85.505687953    9.513902499    1.260979291
   -1.047197551    2.268928028  -82.541873011   24.625811142    3.214876012
   -0.872664626    2.268928028  -76.921982906   39.283135347    6.032260876
   -0.698131701    2.268928028  -69.040025537   50.134845228    9.737310434
   -0.523598776    2.268928028  -59.734356912   55.417334594   13.853594666
   -0.349065850    2.268928028  -50.025351409   54.763454436   17.522361465
   -0.174532925    2.268928028  -40.940212423   48.306991778   19.805044751
    0.000000000    2.268928028  -33.465543670   36.443887250   19.965892285
    0.174532925    2.268928028  -28.462034033   20.276471107   17.656637539
    0.349065850    2.268928028  -26.475169330    2.459363874   12.923959962
    0.523598776    2.268928028  -27.442677093  -12.801735233    6.194767792
    0.698131701    2.268928028  -30.508398105  -20.943893542   -1.736824065
    0.872664626    2.268928028  -34.147170616  -19.149543211   -9.759831648
    1.047197551    2.268928028  -36.638487088   -8.211735423  -16.632865248
    1.221730476    2.268928028  -36.728733561    7.384307151  -21.327463881
    1.396263402    2.268928028  -34.146907295   21.394767785  -23.399689007
    1.570796327    2.268928028  -29.660806709   28.528939436  -23.176519007
    1.745329252    2.268928028  -24.729922523   26.377035543  -21.609616555
    1.919862177    2.268928028  -20.958023863   15.580293688  -19.882958171
    2.094395102    2.268928028  -19.648891650   -1.345998824  -18.970868113
    2.268928028    2.268928028  -21.599019620  -21.203956506  -19.329303360
    2.443460953    2.268928028  -27.033262962  -40.721111999  -20.852634479
    2.617993878    2.268928028  -35.601422297  -56.562227915  -22.984869955
    2.792526803    2.268928028  -46.382486639  -65.643837581  -24.969026363
    2.967059728    2.268928028  -57.996190692  -65.945237345  -26.095295920

   -3.141592654    2.443460953  -72.943033433  -56.637484216  -20.121010512
   -2.967059728    2.443460953  -81.473455030  -40.393460056  -18.938901853
   -2.792526803    2.443460953  -86.897524998  -21.767430085  -16.811632563
   -2.617993878    2.443460953  -89.184963802   -5.098440179  -14.031782441
   -2.443460953    2.443460953  -88.986997685    6.302617561  -11.025366529
   -2.268928028    2.443460953  -87.389713114   10.827047536   -8.194207065
   -2.094395102    2.443460953  -85.588291582    8.876249854   -5.767552239
   -1.919862177    2.443460953  -84.530100361    2.865794909   -3.744114125
   -1.745329252    2.443460953  -84.591506648   -3.223205985   -1.933417972
   -1.570796327    2.443460953  -85.403570840   -5.098314392   -0.035079326
   -1.396263402    2.443460953  -85.952066893    0.029633326    2.279978071
   -1.221730476    2.443460953  -84.976659257   12.039321543    5.294653499
   -1.047197551    2.443460953  -81.504491433   27.943543644    9.141825151
   -0.872664626    2.443460953  -75.236489669   43.348374239   13.653796822
   -0.698131701    2.443460953  -66.612592365   54.455782314   18.291175742
   -0.523598776    2.443460953  -56.591012919   59.139778280   22.194443140
   -0.349065850    2.443460953  -46.354221059   56.941842254   24.413762332
   -0.174532925    2.443460953  -37.078963896   48.214805311   24.213469348
    0.000000000    2.443460953  -29.843708203   33.781974260   21.291936853
    0.174532925    2.443460953  -25.521439231   15.189050691   15.846600520
    0.349065850    2.443460953  -24.598731955   -4.538462087    8.482647770
    0.523598776    2.443460953  -26.897629679  -20.902929455    0.076331578
    0.698131701    2.443460953  -31.400331054  -29.118761222   -8.329503368
    0.872664626    2.443460953  -36.390036775  -26.267106044  -15.659984907
    1.047197551    2.443460953  -39.956809684  -13.281878227  -20.997356232
    1.221730476    2.443460953  -40.710115119    4.894280201  -23.816096939
    1.396263402    2.443460953  -38.343326685   21.341059628  -24.164295392
    1.570796327    2.443460953  -33.707650184   30.134586832  -22.671925526
    1.745329252    2.443460953  -28.432936715   28.529109548  -20.326150589
    1.919862177    2.443460953  -24.315841164   17.243758322  -18.130574230
    2.094395102    2.443460953  -22.808772984   -0.793482212  -16.792735172
    2.268928028    2.443460953  -24.770151245  -21.858090891  -16.555832177
    2.443460953    2.443460953  -30.400759852  -42.226495686  -17.252116425
    2.617993878    2.443460953  -39.262705489  -58.311391502  -18.444968101
    2.792526803    2.443460953  -50.322273163  -66.985979447  -19.615631463
    2.967059728    2.443460953  -62.094644652  -66.362344531  -20.289509023

   -3.141592654    2.617993878  -75.712013583  -56.072399721  -11.227461978
   -2.967059728    2.617993878  -84.070401463  -38.986634518  -10.436766745
   -2.792526803    2.617993878  -89.178441788  -19.591955776   -8.955627578
   -2.617993878    2.617993878  -91.040320511   -2.468733835   -6.887659496
   -2.443460953    2.617993878  -90.375779701    8.941144758   -4.584295470
   -2.268928028    2.617993878  -88.344586408   13.115309260   -2.473310114
   -2.094395102    2.617993878  -86.183331378   10.719821653   -0.784831074
   -1.919862177    2.617993878  -84.828090886    4.480450723    0.617341880
   -1.745329252    2.617993878  -84.597816414   -1.421202757    2.196692516
   -1.570796327    2.617993878  -85.046261919   -2.672684502    4.520951492
   -1.396263402    2.617993878  -85.093813092    3.371506956    7.981850986
   -1.221730476    2.617993878  -83.450637823   16.332793891   12.603729522
   -1.047197551    2.617993878  -79.164996072   32.891298066   17.991225004
   -0.872664626    2.617993878  -72.019472855   48.323590228   23.379042346
   -0.698131701    2.617993878  -62.588279254   58.571032792   27.797799712
   -0.523598776    2.617993878  -51.993109443   61.450557639   30.281795116
   -0.349065850    2.617993878  -41.567093511   56.709332505   30.102037603
   -0.174532925    2.617993878  -32.580875857   45.126078800   26.946497301
    0.000000000    2.617993878  -26.122978975   28.036313256   21.001358356
    0.174532925    2.617993878  -22.991160137    7.431565493   12.907806823
    0.349065850    2.617993878  -23.530355760  -13.362554645    3.650916002
    0.523598776    2.617993878  -27.382529009  -29.687968956   -5.609315096
    0.698131701    2.617993878  -33.334596928  -36.763161344  -13.694300771
    0.872664626    2.617993878  -39.490426037  -31.858000119  -19.630239596
    1.047197551    2.617993878  -43.812359635  -16.299872448  -22.873719868
    1.221730476    2.617993878  -44.866358960    4.418683205  -23.454043367
    1.396263402    2.617993878  -42.399795269   22.833152760  -21.942754342
    1.570796327    2.617993878  -37.398759150   32.672176985  -19.251659103
    1.745329252    2.617993878  -31.662122815   31.146534929  -16.320556213
    1.919862177    2.617993878  -27.137004998   19.217753566  -13.857579283
    2.094395102    2.617993878  -25.368474415    0.216392320  -12.207964461
    2.268928028    2.617993878  -27.235717886  -21.753608843  -11.364723625
    2.443460953    2.617993878  -32.906155491  -42.724584335  -11.116927548
    2.617993878    2.617993878  -41.880091923  -59.033563078  -11.197301320
    2.792526803    2.617993878  -53.058456493  -67.575004685  -11.377377513
    2.967059728    2.617993878  -64.897813331  -66.504818259  -11.460085487

   -3.141592654    2.792526803  -76.756482075  -55.640701154   -0.632636208
   -2.967059728    2.792526803  -85.003307656  -38.106923240   -0.128435960
   -2.792526803    2.792526803  -89.907710007  -18.144499191    0.732617871
   -2.617993878    2.792526803  -91.477468679   -0.623360755    2.005341384
   -2.443460953    2.792526803  -90.483951642   10.788863075    3.454644572
   -2.268928028    2.792526803  -88.156374589   14.625763210    4.728274845
   -2.094395102    2.792526803  -85.763912837   11.894228657    5.698419738
   -1.919862177    2.792526803  -84.203800390    5.753243756    6.677499787
   -1.745329252    2.792526803  -83.694062013    0.620366018    8.344397405
   -1.570796327    2.792526803  -83.676629792    0.682472635   11.385064604
   -1.396263402    2.792526803  -83.012135352    8.146027644   16.063168550
   -1.221730476    2.792526803  -80.441348679   22.076325422   21.986519420
   -1.047197551    2.792526803  -75.132606139   38.697059312   28.179176535
   -0.872664626    2.792526803  -67.047962815   53.091138060   33.378092243
   -0.698131701    2.792526803  -56.951598183   61.271913189   36.418859897
   -0.523598776    2.792526803  -46.121302566   61.360117973   36.520764641
   -0.349065850    2.792526803  -35.979515752   53.539021448   33.416075063
   -0.174532925    2.792526803  -27.805448237   39.063512114   27.321857465
    0.000000000    2.792526803  -22.615763891   19.699225586   18.856285592
    0.174532925    2.792526803  -21.069812220   -2.219659646    8.932597018
    0.349065850    2.792526803  -23.323199491  -23.151218678   -1.298772227
    0.523598776    2.792526803  -28.804065423  -38.359171775  -10.574285554
    0.698131701    2.792526803  -36.090417615  -43.222243441  -17.694667101
    0.872664626    2.792526803  -43.128330813  -35.441495323  -21.829199921
    1.047197551    2.792526803  -47.817518367  -16.971570835  -22.796354254
    1.221730476    2.792526803  -48.774848606    6.066447590  -21.135677723
    1.396263402    2.792526803  -45.889170347   25.820193285  -17.879969767
    1.570796327    2.792526803  -40.325543785   35.990858301  -14.154069449
    1.745329252    2.792526803  -34.037864575   34.060678452  -10.786692629
    1.919862177    2.792526803  -29.067335566   21.387900490   -8.147449847
    2.094395102    2.792526803  -26.986409433    1.654242969   -6.211187715
    2.268928028    2.792526803  -28.652575287  -20.847864137   -4.745643759
    2.443460953    2.792526803  -34.194977609  -42.133196214   -3.530075287
    2.617993878    2.792526803  -43.083103408  -58.629782371   -2.478034659
    2.792526803    2.792526803  -54.202388622  -67.301582121   -1.632432096
    2.967059728    2.792526803  -65.997688300  -66.262160355   -1.046383111

   -3.141592654    2.967059728  -75.917403596  -55.197815269   10.085801365
   -2.967059728    2.967059728  -84.088238287  -37.627410151   10.469780528
   -2.792526803    2.967059728  -88.886361387  -17.387519278   10.845469005
   -2.617993878    2.967059728  -90.299927163    0.377248129   11.375262136
   -2.443460953    2.967059728  -89.129345922   11.759816719   11.963430087
   -2.268928028    2.967059728  -86.652226487   15.354603633   12.417270630
   -2.094395102    2.967059728  -84.145189596   12.545232949   12.785489767
   -1.919862177    2.967059728  -82.435469682    6.946921025   13.550748548
   -1.745329252    2.967059728  -81.611780441    3.144762352   15.493458565
   -1.570796327    2.967059728  -80.999101933    5.003992615   19.240029915
   -1.396263402    2.967059728  -79.434885574   14.029912818   24.776023846
   -1.221730476    2.967059728  -75.768512025   28.543889078   31.256741184
   -1.047197551    2.967059728  -69.382193356   44.337981396   37.240125862
   -0.872664626    2.967059728  -60.485468540   56.558566447   41.199373452
   -0.698131701    2.967059728  -50.042934903   61.669024113   42.043466450
   -0.523598776    2.967059728  -39.436500256   58.404738011   39.380885940
   -0.349065850    2.967059728  -30.087860928   47.492208711   33.484228878
   -0.174532925    2.967059728  -23.194814233   30.567807306   25.047427472
    0.000000000    2.967059728  -19.638842494    9.634885117   14.971395321
    0.174532925    2.967059728  -19.910064827  -12.784315542    4.253220424
    0.349065850    2.967059728  -23.963239820  -33.002451947   -5.981988994
    0.523598776    2.967059728  -31.008786698  -46.239041986  -14.524476596
    0.698131701    2.967059728  -39.421592469  -48.115955916  -20.261790417
    0.872664626    2.967059728  -47.017544899  -36.931371417  -22.537065227
    1.047197551    2.967059728  -51.692175214  -15.436929474  -21.471568159
    1.221730476    2.967059728  -52.191844310    9.579113637  -17.982523119
    1.396263402    2.967059728  -48.614904887   30.035038005  -13.406064682
    1.570796327    2.967059728  -42.332519150   39.895395510   -8.955522304
    1.745329252    2.967059728  -35.429604790   37.181426743   -5.296471275
    1.919862177    2.967059728  -29.983584804   23.753920080   -2.482990735
    2.094395102    2.967059728  -27.535003960    3.560083032   -0.191755194
    2.268928028    2.967059728  -28.886733227  -19.114745337    1.954343765
    2.443460953    2.967059728  -34.132045923  -40.464589940    4.136669065
    2.617993878    2.967059728  -42.740599337  -57.126668761    6.268820592
    2.792526803    2.967059728  -53.624993798  -66.152295600    8.093045528
    2.967059728    2.967059728  -65.256512002  -65.544545651    9.372404026
