#! FIELDS phi psi file.free der_phi der_psi
#! SET min_phi -pi
#! SET max_phi pi
#! SET nbins_phi  36
#! SET periodic_phi true
#! SET min_psi -pi
#! SET max_psi pi
#! SET nbins_psi  36
#! SET periodic_psi true
   -3.141592654   -3.141592654  -84.327036028  -53.888185025   18.350414297
   -2.967059728   -3.141592654  -92.273021584  -36.416230350   18.396292442
   -2.792526803   -3.141592654  -96.889320717  -16.571527793   18.399313623
   -2.617993878   -3.141592654  -98.212190848    0.566178209   18.628152875
   -2.443460953   -3.141592654  -97.069455238   11.247721857   19.049656326
   -2.268928028   -3.141592654  -94.730818895   14.320168355   19.470597230
   -2.094395102   -3.141592654  -92.418686152   11.432483410   19.878901443
   -1.919862177   -3.141592654  -90.865463276    6.369401425   20.677743290
   -1.745329252   -3.141592654  -90.050352125    3.705737176   22.606911619
   -1.570796327   -3.141592654  -89.208297285    7.101039643   26.310897178
   -1.396263402   -3.141592654  -87.135355268   17.737427183   31.815420116
   -1.221730476   -3.141592654  -82.699436463   33.583354346   38.261413593
   -1.047197551   -3.141592654  -75.356919618   50.140887146   44.084703327
   -0.872664626   -3.141592654  -65.436125080   62.342008611   47.548859314
   -0.698131701   -3.141592654  -54.054352795   66.465458294   47.350123300
   -0.523598776   -3.141592654  -42.776048455   61.112707591   42.983321908
   -0.349065850   -3.141592654  -33.220734125   46.968799658   34.790430335
   -0.174532925   -3.141592654  -26.771405492   25.887355714   23.740993165
    0.000000000   -3.141592654  -24.422752839    0.494269391   11.177928421
    0.174532925   -3.141592654  -26.631419874  -25.620874025   -1.386598482
    0.349065850   -3.141592654  -33.111081912  -47.557175739  -12.382264326
    0.523598776   -3.141592654  -42.640791091  -59.653040700  -20.377833035
    0.698131701   -3.141592654  -53.084366652  -57.568692619  -24.388324764
    0.872664626   -3.141592654  -61.848076366  -40.724239348  -24.224127757
    1.047197551   -3.141592654  -66.681799538  -13.635431106  -20.662616180
    1.221730476   -3.141592654  -66.491521601   15.320333208  -15.206927745
    1.396263402   -3.141592654  -61.739693940   37.365805948   -9.478260568
    1.570796327   -3.141592654  -54.192356056   46.788942002   -4.590307114
    1.745329252   -3.141592654  -46.212645683   42.526709861   -0.831233293
    1.919862177   -3.141592654  -39.989867420   27.332369714    2.167956851
    2.094395102   -3.141592654  -37.049755941    5.694823866    4.984729865
    2.268928028   -3.141592654  -38.118455816  -17.921116185    7.986281475
    2.443460953   -3.141592654  -43.200643115  -39.720670828   11.140521940
    2.617993878   -3.141592654  -51.688077272  -56.436076379   14.094167873
    2.792526803   -3.141592654  -62.434867527  -65.266758115   16.408472882
    2.967059728   -3.141592654  -73.885470686  -64.389860468   17.808337113

   -3.141592654   -2.967059728  -80.554661906  -53.521182337   24.375162878
   -2.967059728   -2.967059728  -88.478693617  -36.453524640   24.601399446
   -2.792526803   -2.967059728  -93.107025713  -16.621939488   24.476293904
   -2.617993878   -2.967059728  -94.425977200    0.663258693   24.304208532
   -2.443460953   -2.967059728  -93.256909799   11.427490541   24.197916998
   -2.268928028   -2.967059728  -90.884564976   14.534494208   24.182677484
   -2.094395102   -2.967059728  -88.516850044   11.929716456   24.432010870
   -1.919862177   -2.967059728  -86.809662701    7.760124402   25.403269183
   -1.745329252   -2.967059728  -85.623156468    6.666822990   27.698656774
   -1.570796327   -2.967059728  -84.105012275   11.868594508   31.658533979
   -1.396263402   -2.967059728  -81.079375847   23.718924813   36.940744635
   -1.221730476   -2.967059728  -75.592324408   39.374356620   42.392558747
   -1.047197551   -2.967059728  -67.384743645   53.981925427   46.363370419
   -0.872664626   -2.967059728  -57.075456158   62.766732716   47.302431335
   -0.698131701   -2.967059728  -45.974719724   62.779208635   44.322840944
   -0.523598776   -2.967059728  -35.689638192   53.524143931   37.433734239
   -0.349065850   -2.967059728  -27.737621301   36.385374203   27.435845761
   -0.174532925   -2.967059728  -23.304341877   13.612577262   15.588331067
    0.000000000   -2.967059728  -23.140558278  -12.019424785    3.317554893
    0.174532925   -2.967059728  -27.446460368  -36.894471027   -7.967641987
    0.349065850   -2.967059728  -35.683453418  -56.207064469  -16.962347952
    0.523598776   -2.967059728  -46.412431440  -64.612903159  -22.615873967
    0.698131701   -2.967059728  -57.362926148  -58.411933793  -24.391363102
    0.872664626   -2.967059728  -65.942925214  -37.921968810  -22.504125048
    1.047197551   -2.967059728  -70.060205662   -8.480998992  -17.972102757
    1.221730476   -2.967059728  -68.886043817   21.188357809  -12.299734331
    1.396263402   -2.967059728  -63.149771611   42.624869540   -6.886513946
    1.570796327   -2.967059728  -54.784497933   50.894287438   -2.507406090
    1.745329252   -2.967059728  -46.176224587   45.716859064    0.868686401
    1.919862177   -2.967059728  -39.431133066   30.236635903    3.813414857
    2.094395102   -2.967059728  -35.968403728    8.836667819    6.954169853
    2.268928028   -2.967059728  -36.455988063  -14.426787633   10.581506646
    2.443460953   -2.967059728  -40.916342518  -36.171629943   14.524936468
    2.617993878   -2.967059728  -48.815198973  -53.334894526   18.297061111
    2.792526803   -2.967059728  -59.092022451  -63.046902488   21.364273903
    2.967059728   -2.967059728  -70.244510901  -63.197366891   23.391547302

   -3.141592654   -2.792526803  -75.986824630  -52.749527116   27.402288533
   -2.967059728   -2.792526803  -83.843639710  -36.388819085   27.958485962
   -2.792526803   -2.792526803  -88.495131620  -16.895727712   27.829914377
   -2.617993878   -2.792526803  -89.870973653    0.314557523   27.362628358
   -2.443460953   -2.792526803  -88.757899493   11.150824292   26.843874864
   -2.268928028   -2.792526803  -86.416032870   14.499263487   26.529250387
   -2.094395102   -2.792526803  -84.009625175   12.485549733   26.735942032
   -1.919862177   -2.792526803  -82.117136587    9.418165375   27.878358884
   -1.745329252   -2.792526803  -80.514031774    9.820225300   30.311457250
   -1.570796327   -2.792526803  -78.319496935   16.390240903   34.020470668
   -1.396263402   -2.792526803  -74.445075135   28.721390723   38.363528968
   -1.221730476   -2.792526803  -68.149972716   43.364766944   42.083474260
   -1.047197551   -2.792526803  -59.452201554   55.378375745   43.690325141
   -0.872664626   -2.792526803  -49.209666686   60.500832095   42.017177125
   -0.698131701   -2.792526803  -38.845245789   56.650463629   36.659955825
   -0.523598776   -2.792526803  -29.924758682   44.186494692   28.062315327
   -0.349065850   -2.792526803  -23.798096104   25.038760423   17.314482067
   -0.174532925   -2.792526803  -21.418873092    1.667154308    5.792567802
    0.000000000   -2.792526803  -23.291217403  -23.181327352   -5.117353528
    0.174532925   -2.792526803  -29.384789112  -46.024678144  -14.189902469
    0.349065850   -2.792526803  -38.962244990  -62.294304617  -20.460620439
    0.523598776   -2.792526803  -50.441343786  -67.072081191  -23.351795178
    0.698131701   -2.792526803  -61.503309627  -57.295143688  -22.856502327
    0.872664626   -2.792526803  -69.630464474  -34.027266319  -19.610793743
    1.047197551   -2.792526803  -72.922622735   -3.156976653  -14.781918049
    1.221730476   -2.792526803  -70.800340361   26.531745143   -9.696151673
    1.396263402   -2.792526803  -64.203302157   47.058799336   -5.340009898
    1.570796327   -2.792526803  -55.161080942   54.261590366   -2.032041941
    1.745329252   -2.792526803  -46.025592853   48.508780802    0.582872371
    1.919862177   -2.792526803  -38.791026322   33.160545715    3.202148774
    2.094395102   -2.792526803  -34.769097183   12.358538359    6.417221455
    2.268928028   -2.792526803  -34.586441629  -10.314479706   10.408903515
    2.443460953   -2.792526803  -38.305420673  -31.890100297   14.899554809
    2.617993878   -2.792526803  -45.484413137  -49.474955129   19.328213750
    2.792526803   -2.792526803  -55.161444342  -60.105050179   23.107801363
    2.967059728   -2.792526803  -65.898423819  -61.391852698   25.836836472

   -3.141592654   -2.617993878  -71.149221127  -51.445037564   27.544518627
   -2.967059728   -2.617993878  -78.870623173  -36.094521138   28.536745568
   -2.792526803   -2.617993878  -83.535704982  -17.283852519   28.512791041
   -2.617993878   -2.617993878  -85.010994442   -0.376466298   27.847550490
   -2.443460953   -2.617993878  -84.017618060   10.528124399   27.003021008
   -2.268928028   -2.617993878  -81.751813094   14.309486583   26.449941155
   -2.094395102   -2.617993878  -79.313072433   13.110732828   26.604196829
   -1.919862177   -2.617993878  -77.215918809   11.181572818   27.775229114
   -1.745329252   -2.617993878  -75.198618840   12.779163035   30.032307373
   -1.570796327   -2.617993878  -72.412406197   20.093486759   33.032537864
   -1.396263402   -2.617993878  -67.899182876   32.132426767   35.945169622
   -1.221730476   -2.617993878  -61.134330093   45.111259011   37.576569224
   -1.047197551   -2.617993878  -52.369845255   54.239957375   36.755597416
   -0.872664626   -2.617993878  -42.627542242   55.884591596   32.775236922
   -0.698131701   -2.617993878  -33.361035658   48.793277577   25.673495739
   -0.523598776   -2.617993878  -26.029820473   34.037815509   16.201041329
   -0.349065850   -2.617993878  -21.779239706   13.929467870    5.588490708
   -0.174532925   -2.617993878  -21.320768464   -9.000816871   -4.779263220
    0.000000000   -2.617993878  -24.924428006  -32.159374360  -13.610746734
    0.174532925   -2.617993878  -32.364490575  -52.344167332  -19.895221328
    0.349065850   -2.617993878  -42.768176853  -65.383785989  -23.050268973
    0.523598776   -2.617993878  -54.498114200  -66.901625539  -23.028109411
    0.698131701   -2.617993878  -65.283312008  -54.429749238  -20.383081090
    0.872664626   -2.617993878  -72.751884834  -29.540047152  -16.138751318
    1.047197551   -2.617993878  -75.212884651    1.686397786  -11.505680374
    1.221730476   -2.617993878  -72.292412169   30.717328049   -7.492905929
    1.396263402   -2.617993878  -65.057958738   50.170564612   -4.568440544
    1.570796327   -2.617993878  -55.552331181   56.551350942   -2.569706224
    1.745329252   -2.617993878  -46.040957999   50.653851173   -0.876484142
    1.919862177   -2.617993878  -38.392235243   35.852105523    1.236804998
    2.094395102   -2.617993878  -33.823096149   15.953086381    4.253089613
    2.268928028   -2.617993878  -32.938462131   -5.924845581    8.241112534
    2.443460953   -2.617993878  -35.853639917  -27.175192321   12.884184067
    2.617993878   -2.617993878  -42.224493589  -45.039315626   17.643215249
    2.792526803   -2.617993878  -51.191320475  -56.480620608   21.946719691
    2.967059728   -2.617993878  -61.391488586  -58.898453945   25.335823490

   -3.141592654   -2.443460953  -66.510248171  -49.591340765   25.214080807
   -2.967059728   -2.443460953  -74.019868252  -35.500431852   26.625837396
   -2.792526803   -2.443460953  -78.674468167  -17.694952343   26.769909814
   -2.617993878   -2.443460953  -80.275564163   -1.318951198   26.006917609
   -2.443460953   -2.443460953  -79.451629678    9.623150415   24.923154633
   -2.268928028   -2.443460953  -77.301591923   13.961441802   24.149453903
   -2.094395102   -2.443460953  -74.846902718   13.686594605   24.156051175
   -1.919862177   -2.443460953  -72.558737896   12.789338342   25.130501126
   -1.745329252   -2.443460953  -70.186427895   15.162835318   26.886754002
   -1.570796327   -2.443460953  -66.964063798   22.566389989   28.835486788
   -1.396263402   -2.443460953  -62.086523751   33.649099692   30.073652908
   -1.221730476   -2.443460953  -55.223062814   44.559932789   29.588534891
   -1.047197551   -2.443460953  -46.796721173   50.838979812   26.596240614
   -0.872664626   -2.443460953  -37.913019951   49.492930155   20.837288995
   -0.698131701   -2.443460953  -29.986904754   39.974560925   12.699971475
   -0.523598776   -2.443460953  -24.329448604   23.894337367    3.115532932
   -0.349065850   -2.443460953  -21.867433895    3.811151815   -6.657401938
   -0.174532925   -2.443460953  -23.074960993  -17.759446848  -15.293551012
    0.000000000   -2.443460953  -28.007359327  -38.469616662  -21.632079772
    0.174532925   -2.443460953  -36.283113396  -55.544634648  -24.906816457
    0.349065850   -2.443460953  -46.963192387  -65.382770054  -24.946929379
    0.523598776   -2.443460953  -58.449079432  -64.243779153  -22.242738581
    0.698131701   -2.443460953  -68.612313218  -50.155065611  -17.855471816
    0.872664626   -2.443460953  -75.285466323  -24.890707436  -13.074822086
    1.047197551   -2.443460953  -76.982262923    5.663468154   -9.005217675
    1.221730476   -2.443460953  -73.469075164   33.504347080   -6.227648975
    1.396263402   -2.443460953  -65.847969629   51.882119712   -4.674077143
    1.570796327   -2.443460953  -56.096386482   57.780070637   -3.779707766
    1.745329252   -2.443460953  -46.357643203   52.148146212   -2.794721369
    1.919862177   -2.443460953  -38.380317819   38.185173877   -1.097047053
    2.094395102   -2.443460953  -33.312022371   19.333496806    1.610490953
    2.268928028   -2.443460953  -31.755257971   -1.663724097    5.285736979
    2.443460953   -2.443460953  -33.878681580  -22.455691767    9.643983647
    2.617993878   -2.443460953  -39.422650359  -40.380439828   14.272322646
    2.792526803   -2.443460953  -47.619082427  -52.392041873   18.709652184
    2.967059728   -2.443460953  -57.186968837  -55.799898434   22.493437029

   -3.141592654   -2.268928028  -62.459850470  -47.360662221   20.825341485
   -2.967059728   -2.268928028  -69.698006197  -34.629159709   22.477543153
   -2.792526803   -2.268928028  -74.311552735  -18.041458838   22.800425697
   -2.617993878   -2.268928028  -76.044857483   -2.385236429   22.076027313
   -2.443460953   -2.268928028  -75.420457998    8.519561097   20.909306163
   -2.268928028   -2.268928028  -73.420428530   13.426312321   19.985407668
   -2.094395102   -2.268928028  -70.983421571   14.044144995   19.770126007
   -1.919862177   -2.268928028  -68.557928103   13.961228191   20.337535960
   -1.745329252   -2.268928028  -65.942913193   16.659746670   21.319490778
   -1.570796327   -2.268928028  -62.488992829   23.576188448   21.990975739
   -1.396263402   -2.268928028  -57.547132455   33.227255538   21.485367512
   -1.221730476   -2.268928028  -50.941911587   41.924811036   19.047196425
   -1.047197551   -2.268928028  -43.198050467   45.648929460   14.296252797
   -0.872664626   -2.268928028  -35.430612544   41.989014181    7.374252323
   -0.698131701   -2.268928028  -28.963035184   30.935792417   -1.072870515
   -0.523598776   -2.268928028  -24.935872498   14.463561807  -10.038456171
   -0.349065850   -2.268928028  -24.060723342   -4.726111960  -18.331847451
   -0.174532925   -2.268928028  -26.591052702  -24.193687968  -24.767288297
    0.000000000   -2.268928028  -32.395769304  -41.918637341  -28.387541376
    0.174532925   -2.268928028  -40.985041088  -55.694081376  -28.732206109
    0.349065850   -2.268928028  -51.427370568  -62.629593889  -26.061137423
    0.523598776   -2.268928028  -62.252988737  -59.643801584  -21.343285053
    0.698131701   -2.268928028  -71.552203776  -45.078941895  -15.988972154
    0.872664626   -2.268928028  -77.390872026  -20.563127299  -11.337783574
    1.047197551   -2.268928028  -78.452467001    8.563985142   -8.194616787
    1.221730476   -2.268928028  -74.560814914   34.998981234   -6.623284368
    1.396263402   -2.268928028  -66.762618084   52.538509768   -6.070072537
    1.570796327   -2.268928028  -56.912556335   58.375955693   -5.723631804
    1.745329252   -2.268928028  -47.025262410   53.337150479   -4.893875875
    1.919862177   -2.268928028  -38.760987699   40.303387762   -3.218314136
    2.094395102   -2.268928028  -33.238036419   22.396003802   -0.674391981
    2.268928028   -2.268928028  -31.077100984    2.146332099    2.565900667
    2.443460953   -2.268928028  -32.490653638  -18.192200988    6.287737085
    2.617993878   -2.268928028  -37.274255006  -35.996734183   10.281122838
    2.792526803   -2.268928028  -44.723481835  -48.283615894   14.294250052
    2.967059728   -2.268928028  -53.631301236  -52.420838066   17.963623268

   -3.141592654   -2.094395102  -59.327754150  -45.104351590   14.740316730
   -2.967059728   -2.094395102  -66.275148226  -33.589139392   16.371263149
   -2.792526803   -2.094395102  -70.816145094  -18.216014687   16.882550948
   -2.617993878   -2.094395102  -72.657779168   -3.357788868   16.408988937
   -2.443460953   -2.094395102  -72.225517448    7.406553114   15.432434238
   -2.268928028   -2.094395102  -70.387507801   12.758161051   14.545999909
   -2.094395102   -2.094395102  -68.007089427   14.071126368   14.131238145
   -1.919862177   -2.094395102  -65.528643107   14.472449220   14.162442606
   -1.745329252   -2.094395102  -62.824620297   17.041484556   14.180926700
   -1.570796327   -2.094395102  -59.375112475   23.009117056   13.448589166
   -1.396263402   -2.094395102  -54.671859668   30.957584235   11.234878139
   -1.221730476   -2.094395102  -48.645078243   37.535655483    7.091737639
   -1.047197551   -2.094395102  -41.850973780   39.214504538    1.036925854
   -0.872664626   -2.094395102  -35.348320864   34.064002098   -6.432870103
   -0.698131701   -2.094395102  -30.330428334   22.425111105  -14.480478140
   -0.523598776   -2.094395102  -27.761429081    6.455399513  -22.100985295
   -0.349065850   -2.094395102  -28.158015774  -11.108743207  -28.267288999
   -0.174532925   -2.094395102  -31.587376664  -27.971618788  -32.053903202
    0.000000000   -2.094395102  -37.778378780  -42.513892683  -32.840024506
    0.174532925   -2.094395102  -46.194322268  -53.192046189  -30.567684408
    0.349065850   -2.094395102  -55.986581411  -57.875697582  -25.924771702
    0.523598776   -2.094395102  -65.886780754  -54.046119856  -20.222906136
    0.698131701   -2.094395102  -74.244157853  -40.095873827  -14.973408867
    0.872664626   -2.094395102  -79.342765741  -17.158594241  -11.290158445
    1.047197551   -2.094395102  -79.965803502   10.226285413   -9.480514532
    1.221730476   -2.094395102  -75.899127681   35.473444111   -9.040767858
    1.396263402   -2.094395102  -68.057474239   52.707317695   -9.030635063
    1.570796327   -2.094395102  -58.146057221   59.002519677   -8.578473599
    1.745329252   -2.094395102  -48.078502290   54.798150940   -7.245311575
    1.919862177   -2.094395102  -39.485032171   42.576971104   -5.069423297
    2.094395102   -2.094395102  -33.509946601   25.247619143   -2.382693598
    2.268928028   -2.094395102  -30.817763923    5.344829124    0.477713696
    2.443460953   -2.094395102  -31.652433335  -14.777039263    3.361359276
    2.617993878   -2.094395102  -35.826038749  -32.440974334    6.289199764
    2.792526803   -2.094395102  -42.654143065  -44.762518610    9.293825324
    2.967059728   -2.094395102  -50.975581912  -49.297058881   12.234299862

   -3.141592654   -1.919862177  -57.376486078  -43.201974911    7.382744668
   -2.967059728   -1.919862177  -64.057152548  -32.488847083    8.774355509
   -2.792526803   -1.919862177  -68.489059382  -18.062848102    9.518629677
   -2.617993878   -1.919862177  -70.372501029   -3.928763025    9.551740437
   -2.443460953   -1.919862177  -70.069625933    6.583497233    9.098491438
   -2.268928028   -1.919862177  -68.363992229   12.120580816    8.513674696
   -2.094395102   -1.919862177  -66.065877164   13.757479294    8.010915371
   -1.919862177   -1.919862177  -63.631938242   14.199141123    7.476287502
   -1.745329252   -1.919862177  -61.015866580   16.187178424    6.450187878
   -1.570796327   -1.919862177  -57.818978145   20.861592600    4.298327944
   -1.396263402   -1.919862177  -53.642164350   27.023050114    0.512470105
   -1.221730476   -1.919862177  -48.464685147   31.772504421   -5.018075720
   -1.047197551   -1.919862177  -42.806224084   32.080071790  -11.896007576
   -0.872664626   -1.919862177  -37.611068218   26.376236279  -19.311990033
   -0.698131701   -1.919862177  -33.913242124   15.156882373  -26.283279028
   -0.523598776   -1.919862177  -32.506102347    0.562521969  -31.865586179
   -0.349065850   -1.919862177  -33.748528621  -14.782708567  -35.293038893
   -0.174532925   -1.919862177  -37.579487854  -28.829160920  -36.046638318
    0.000000000   -1.919862177  -43.660282039  -40.417588560  -33.999515205
    0.174532925   -1.919862177  -51.485985008  -48.674282938  -29.587962573
    0.349065850   -1.919862177  -60.362189185  -52.134003825  -23.880946926
    0.523598776   -1.919862177  -69.265224919  -48.608132596  -18.335945548
    0.698131701   -1.919862177  -76.796441554  -36.218908771  -14.284542903
    0.872664626   -1.919862177  -81.395754060  -15.311937344  -12.361218046
    1.047197551   -1.919862177  -81.846533607   10.489692135  -12.245912681
    1.221730476   -1.919862177  -77.798306971   35.182630091  -12.889737472
    1.396263402   -1.919862177  -69.977402767   52.898840151  -13.097766248
    1.570796327   -1.919862177  -59.943788690   60.244593437  -12.101508966
    1.745329252   -1.919862177  -49.566220294   57.052092830   -9.840970299
    1.919862177   -1.919862177  -40.522193459   45.383346477   -6.824539209
    2.094395102   -1.919862177  -34.047425447   28.080780719   -3.767728734
    2.268928028   -1.919862177  -30.881570130    7.912158393   -1.195684458
    2.443460953   -1.919862177  -31.291495208  -12.455500951    0.773946659
    2.617993878   -1.919862177  -35.066805269  -30.162300008    2.372102641
    2.792526803   -1.919862177  -41.490416309  -42.398891923    3.941140870
    2.967059728   -1.919862177  -49.399258821  -46.979645656    5.655723673

   -3.141592654   -1.745329252  -56.761038359  -41.897380941   -0.387890037
   -2.967059728   -1.745329252  -63.225268098  -31.375667510    0.705815246
   -2.792526803   -1.745329252  -67.501248756  -17.422653217    1.763512281
   -2.617993878   -1.745329252  -69.319527827   -3.813169885    2.499796366
   -2.443460953   -1.745329252  -69.031771331    6.333735450    2.802084356
   -2.268928028   -1.745329252  -67.387526447   11.691809645    2.697662087
   -2.094395102   -1.745329252  -65.178132595   13.148876991    2.188299636
   -1.919862177   -1.745329252  -62.886061425   13.111254375    1.099017041
   -1.745329252   -1.745329252  -60.539304155   14.095080247   -0.949768802
   -1.570796327   -1.745329252  -57.833933503   17.254359454   -4.398109860
   -1.396263402   -1.745329252  -54.436055178   21.709812104   -9.480293757
   -1.221730476   -1.745329252  -50.315050922   25.073928009  -15.976592791
   -1.047197551   -1.745329252  -45.891347300   24.792667014  -23.156348896
   -0.872664626   -1.745329252  -41.944677547   19.536857766  -29.953438986
   -0.698131701   -1.745329252  -39.328024976    9.763431423  -35.284003276
   -0.523598776   -1.745329252  -38.678765872   -2.628295511  -38.313165237
   -0.349065850   -1.745329252  -40.250847508  -15.323563150  -38.616349774
   -0.174532925   -1.745329252  -43.937006473  -26.654186607  -36.198573774
    0.000000000   -1.745329252  -49.427916040  -35.946585798  -31.534910769
    0.174532925   -1.745329252  -56.340388173  -42.887362959  -25.581272526
    0.349065850   -1.745329252  -64.192312968  -46.429488090  -19.678825632
    0.523598776   -1.745329252  -72.211111081  -44.375834238  -15.211765974
    0.698131701   -1.745329252  -79.197200843  -34.260843574  -13.097777908
    0.872664626   -1.745329252  -83.648109629  -15.460442568  -13.350235367
    1.047197551   -1.745329252  -84.236190021    9.283069576  -15.029660270
    1.221730476   -1.745329252  -80.388914077   34.298202010  -16.668574829
    1.396263402   -1.745329252  -72.613212833   53.373594738  -16.974729837
    1.570796327   -1.745329252  -62.352002450   62.340095244  -15.387669970
    1.745329252   -1.745329252  -51.498575888   60.273591770  -12.243052627
    1.919862177   -1.745329252  -41.857366063   48.841588284   -8.470350440
    2.094395102   -1.745329252  -34.818537351   30.970905674   -5.106521524
    2.268928028   -1.745329252  -31.228327344    9.862672246   -2.838544845
    2.443460953   -1.745329252  -31.373469474  -11.315837339   -1.778385278
    2.617993878   -1.745329252  -34.988938520  -29.381223289   -1.540251315
    2.792526803   -1.745329252  -41.273384829  -41.521446599   -1.510551438
    2.967059728   -1.745329252  -49.004106034  -45.815516252   -1.184330366

   -3.141592654   -1.570796327  -57.442165062  -41.180346356   -7.201543843
   -2.967059728   -1.570796327  -63.736273849  -30.208375757   -6.325141224
   -2.792526803   -1.570796327  -67.798217479  -16.207872879   -4.935945742
   -2.617993878   -1.570796327  -69.426640416   -2.902135617   -3.523434419
   -2.443460953   -1.570796327  -69.022153926    6.742102903   -2.527472853
   -2.268928028   -1.570796327  -67.357889527   11.504042934   -2.235277569
   -2.094395102   -1.570796327  -65.241734620   12.241570912   -2.826810026
   -1.919862177   -1.570796327  -63.188415935   11.230204425   -4.485171725
   -1.745329252   -1.570796327  -61.280748294   10.888294683   -7.450168669
   -1.570796327   -1.570796327  -59.271423061   12.463077093  -11.927265320
   -1.396263402   -1.570796327  -56.843401973   15.442693190  -17.879283124
   -1.221730476   -1.570796327  -53.902484708   17.962234171  -24.808745278
   -1.047197551   -1.570796327  -50.718166030   17.900713874  -31.732315943
   -0.872664626   -1.570796327  -47.867484739   14.059621449  -37.409687668
   -0.698131701   -1.570796327  -46.009919776    6.675958072  -40.721477811
   -0.523598776   -1.570796327  -45.650340315   -2.822732228  -40.995264963
   -0.349065850   -1.570796327  -47.001955142  -12.651007612  -38.195290881
   -0.174532925   -1.570796327  -50.007364399  -21.656329608  -32.887374653
    0.000000000   -1.570796327  -54.492779052  -29.620791351  -26.137087379
    0.174532925   -1.570796327  -60.281357433  -36.574152603  -19.327501525
    0.349065850   -1.570796327  -67.136554726  -41.538579352  -13.897705792
    0.523598776   -1.570796327  -74.506423278  -41.943953291  -10.962406535
    0.698131701   -1.570796327  -81.305646660  -34.500598509  -10.902942855
    0.872664626   -1.570796327  -85.980448695  -17.585152004  -13.134718186
    1.047197551   -1.570796327  -86.996398676    6.774139474  -16.266431061
    1.221730476   -1.570796327  -83.504347293   32.947529228  -18.639548616
    1.396263402   -1.570796327  -75.789662797   54.091546116  -19.036251876
    1.570796327   -1.570796327  -65.218860910   65.069236354  -17.143645763
    1.745329252   -1.570796327  -53.772005264   64.149480651  -13.597385904
    1.919862177   -1.570796327  -43.440919146   52.667407224   -9.579725845
    2.094395102   -1.570796327  -35.813695130   33.754686159   -6.288305668
    2.268928028   -1.570796327  -31.864381341   11.174856417   -4.480365570
    2.443460953   -1.570796327  -31.899012689  -11.283042752   -4.262175578
    2.617993878   -1.570796327  -35.576879537  -30.000476892   -5.164234865
    2.792526803   -1.570796327  -41.972881193  -42.066631269   -6.402849400
    2.967059728   -1.570796327  -49.752912079  -45.783570105   -7.227848393

   -3.141592654   -1.396263402  -59.115229965  -40.846798649  -11.527483813
   -2.967059728   -1.396263402  -65.265387598  -28.958257122  -10.752676218
   -2.792526803   -1.396263402  -69.063883450  -14.539512831   -9.172308589
   -2.617993878   -1.396263402  -70.408393451   -1.415672547   -7.415993097
   -2.443460953   -1.396263402  -69.797807326    7.552734327   -6.145583903
   -2.268928028   -1.396263402  -68.074856296   11.333916364   -5.846226660
   -2.094395102   -1.396263402  -66.087524059   10.913486084   -6.778456259
   -1.919862177   -1.396263402  -64.377937521    8.593121315   -9.063810374
   -1.745329252   -1.396263402  -63.056086148    6.795927603  -12.774118104
   -1.570796327   -1.396263402  -61.890771927    6.902586022  -17.895992568
   -1.396263402   -1.396263402  -60.538544900    8.768820412  -24.175516100
   -1.221730476   -1.396263402  -58.800679548   11.027766502  -30.927168734
   -1.047197551   -1.396263402  -56.761097957   11.934933412  -37.025453340
   -0.872664626   -1.396263402  -54.773431155   10.322010048  -41.170291724
   -0.698131701   -1.396263402  -53.305773518    6.046176513  -42.307321853
   -0.523598776   -1.396263402  -52.764509666   -0.140644717  -39.994175130
   -0.349065850   -1.396263402  -53.391296738   -7.167793990  -34.593410449
   -0.174532925   -1.396263402  -55.272093405  -14.474019404  -27.165361138
    0.000000000   -1.396263402  -58.460086211  -22.192416093  -19.210993759
    0.174532925   -1.396263402  -63.041837247  -30.411439672  -12.322120326
    0.349065850   -1.396263402  -69.024427235  -37.861097852   -7.812755219
    0.523598776   -1.396263402  -76.016066432  -41.308017376   -6.384484181
    0.698131701   -1.396263402  -82.950944915  -36.550390703   -7.888802321
    0.872664626   -1.396263402  -88.133199426  -21.097036651  -11.318377896
    1.047197551   -1.396263402  -89.766826801    3.482942256  -15.117821665
    1.221730476   -1.396263402  -86.717543655   31.345646380  -17.724924850
    1.396263402   -1.396263402  -79.077260210   54.864014200  -18.165896600
    1.570796327   -1.396263402  -68.179108291   67.909756747  -16.367280009
    1.745329252   -1.396263402  -56.128235543   68.013651644  -13.098001403
    1.919862177   -1.396263402  -45.127266960   56.270402195   -9.551372547
    2.094395102   -1.396263402  -36.970939889   36.085124658   -6.860678592
    2.268928028   -1.396263402  -32.761374746   11.812924520   -5.712945749
    2.443460953   -1.396263402  -32.820636864  -12.115737790   -6.180576184
    2.617993878   -1.396263402  -36.724171687  -31.609012460   -7.784832487
    2.792526803   -1.396263402  -43.405727461  -43.589152422   -9.717750308
    2.967059728   -1.396263402  -51.390810478  -46.522901319  -11.151740767

   -3.141592654   -1.221730476  -61.237370214  -40.669753420  -12.220280515
   -2.967059728   -1.221730476  -67.259744678  -27.735977674  -11.559745480
   -2.792526803   -1.221730476  -70.791069389  -12.813923495  -10.167454232
   -2.617993878   -1.221730476  -71.842831106    0.091578723   -8.691714014
   -2.443460953   -1.221730476  -71.035898304    8.210448527   -7.833663659
   -2.268928028   -1.221730476  -69.301938617   10.766392046   -8.097111456
   -2.094395102   -1.221730476  -67.532025976    8.982106260   -9.698428402
   -1.919862177   -1.221730476  -66.279959192    5.282273878  -12.647713651
   -1.745329252   -1.221730476  -65.654299937    2.144893968  -16.864602243
   -1.570796327   -1.221730476  -65.406557799    1.087311596  -22.176187348
   -1.396263402   -1.221730476  -65.136072353    2.304332127  -28.193035882
   -1.221730476   -1.221730476  -64.515601441    4.880187961  -34.141944511
   -1.047197551   -1.221730476  -63.429321443    7.374628136  -38.878607438
   -0.872664626   -1.221730476  -62.008725016    8.547152187  -41.181520595
   -0.698131701   -1.221730476  -60.552838777    7.740525378  -40.191726342
   -0.523598776   -1.221730476  -59.416411489    4.890030028  -35.774157268
   -0.349065850   -1.221730476  -58.937178246    0.261055179  -28.660986797
   -0.174532925   -1.221730476  -59.418391877   -6.141342897  -20.252073512
    0.000000000   -1.221730476  -61.194462011  -14.615726959  -12.221441092
    0.174532925   -1.221730476  -64.626650609  -25.012004199   -6.074935503
    0.349065850   -1.221730476  -69.923592060  -35.484792492   -2.772895641
    0.523598776   -1.221730476  -76.773749081  -42.000796804   -2.524983974
    0.698131701   -1.221730476  -84.046454102  -39.536644567   -4.757017755
    0.872664626   -1.221730476  -89.851947643  -25.000806834   -8.296138234
    1.047197551   -1.221730476  -92.132443379    0.205027177  -11.746514734
    1.221730476   -1.221730476  -89.510442356   29.851093152  -13.923939401
    1.396263402   -1.221730476  -81.940001658   55.542882507  -14.242938694
    1.570796327   -1.221730476  -70.759954433   70.317795565  -12.838103787
    1.745329252   -1.221730476  -58.207742883   71.155616048  -10.431220817
    1.919862177   -1.221730476  -46.676679610   59.028073589   -7.978884783
    2.094395102   -1.221730476  -38.136461746   37.624725256   -6.319049860
    2.268928028   -1.221730476  -33.791947231   11.815948919   -5.919729582
    2.443460953   -1.221730476  -33.972200769  -13.422645276   -6.783156965
    2.617993878   -1.221730476  -38.173982770  -33.587341962   -8.498983090
    2.792526803   -1.221730476  -45.200286064  -45.426080435  -10.404842396
    2.967059728   -1.221730476  -53.440869358  -47.518772659  -11.808101033

   -3.141592654   -1.047197551  -63.141172825  -40.580319413   -9.067579961
   -2.967059728   -1.047197551  -69.075977818  -26.878339080   -8.792219560
   -2.792526803   -1.047197551  -72.424090955  -11.672759718   -8.199489219
   -2.617993878   -1.047197551  -73.299377751    0.863197396   -7.783206123
   -2.443460953   -1.047197551  -72.432685928    8.049580283   -8.066758443
   -2.268928028   -1.047197551  -70.832016942    9.377872155   -9.394878061
   -2.094395102   -1.047197551  -69.415597109    6.329831865  -11.853421372
   -1.919862177   -1.047197551  -68.729402221    1.470171753  -15.349534912
   -1.745329252   -1.047197551  -68.859247761   -2.664885555  -19.717443639
   -1.570796327   -1.047197551  -69.518694640   -4.433659323  -24.709986850
   -1.396263402   -1.047197551  -70.233397995   -3.339515526  -29.884734891
   -1.221730476   -1.047197551  -70.540173745    0.086086154  -34.470388769
   -1.047197551   -1.047197551  -70.130461535    4.608355314  -37.421111002
   -0.872664626   -1.047197551  -68.939513946    8.800127652  -37.731659487
   -0.698131701   -1.047197551  -67.142706645   11.389624389  -34.862854375
   -0.523598776   -1.047197551  -65.102133082   11.449886851  -29.039490277
   -0.349065850   -1.047197551  -63.310423927    8.483824990  -21.288605520
   -0.174532925   -1.047197551  -62.329944616    2.102600504  -13.144090842
    0.000000000   -1.047197551  -62.781239720   -7.911856084   -6.165894766
    0.174532925   -1.047197551  -65.260272986  -20.914126653   -1.498517196
    0.349065850   -1.047197551  -70.099539575  -34.333387945    0.418926956
    0.523598776   -1.047197551  -76.980209505  -43.378469182   -0.124620830
    0.698131701   -1.047197551  -84.645063719  -42.453696371   -2.277818716
    0.872664626   -1.047197551  -91.003577672  -28.221776857   -4.947222536
    1.047197551   -1.047197551  -93.787980571   -2.203480974   -7.154758509
    1.221730476   -1.047197551  -91.462340378   28.911205655   -8.291250996
    1.396263402   -1.047197551  -83.918951084   56.126023774   -8.241510915
    1.570796327   -1.047197551  -72.535154684   71.950637514   -7.304980239
    1.745329252   -1.047197551  -59.659411676   73.095091412   -6.014527144
    1.919862177   -1.047197551  -47.817445877   60.545300134   -4.910493139
    2.094395102   -1.047197551  -39.086900803   38.235565909   -4.374744657
    2.268928028   -1.047197551  -34.727621214   11.383849864   -4.560409675
    2.443460953   -1.047197551  -35.061995070  -14.693597097   -5.390132414
    2.617993878   -1.047197551  -39.527214934  -35.244506280   -6.604338169
    2.792526803   -1.047197551  -46.835332009  -46.904871388   -7.845692774
    2.967059728   -1.047197551  -55.281589892  -48.327402830   -8.750477097

   -3.141592654   -0.872664626  -64.222834349  -40.789403269   -3.039094957
   -2.967059728   -0.872664626  -70.178105825  -26.935787937   -3.646763441
   -2.792526803   -0.872664626  -73.542752670  -11.860569693   -4.537519205
   -2.617993878   -0.872664626  -74.489463210    0.171609041   -5.863344914
   -2.443460953   -0.872664626  -73.810644670    6.551125282   -7.782358668
   -2.268928028   -0.872664626  -72.551680921    6.960760513  -10.368524854
   -2.094395102   -0.872664626  -71.633386352    3.058257899  -13.572376328
   -1.919862177   -0.872664626  -71.581808682   -2.505720960  -17.275116579
   -1.745329252   -0.872664626  -72.453787710   -7.152874650  -21.327431630
   -1.570796327   -0.872664626  -73.919677435   -9.116995347  -25.493096798
   -1.396263402   -0.872664626  -75.428087302   -7.629653780  -29.339342557
   -1.221730476   -0.872664626  -76.386315446   -2.923632551  -32.162249271
   -1.047197551   -0.872664626  -76.318854369    3.845182409  -33.108489436
   -0.872664626   -0.872664626  -75.012421970   10.943781493  -31.496237833
   -0.698131701   -0.872664626  -72.582115470   16.436728269  -27.181776422
   -0.523598776   -0.872664626  -69.460536032   18.598400808  -20.741679301
   -0.349065850   -0.872664626  -66.336613368   16.337929709  -13.375420253
   -0.174532925   -0.872664626  -64.036603916    9.125070390   -6.541154653
    0.000000000   -0.872664626  -63.425985805   -2.922239137   -1.457220127
    0.174532925   -0.872664626  -65.255670070  -18.487751578    1.260239992
    0.349065850   -0.872664626  -69.884619165  -34.263786745    1.744609387
    0.523598776   -0.872664626  -76.904566354  -44.885936305    0.716816562
    0.698131701   -0.872664626  -84.896665703  -44.527314217   -0.841539050
    0.872664626   -0.872664626  -91.599429595  -29.979856864   -2.078904331
    1.047197551   -0.872664626  -94.621253450   -3.129171035   -2.559116140
    1.221730476   -0.872664626  -92.375661768   28.885536921   -2.309151925
    1.396263402   -0.872664626  -84.776010278   56.727495134   -1.678508206
    1.570796327   -0.872664626  -73.262300931   72.764067908   -1.079676386
    1.745329252   -0.872664626  -60.253301972   73.755263370   -0.782793908
    1.919862177   -0.872664626  -48.326711424   60.835429427   -0.844711829
    2.094395102   -0.872664626  -39.582793978   38.102701757   -1.147713432
    2.268928028   -0.872664626  -35.279444801   10.895633780   -1.523795814
    2.443460953   -0.872664626  -35.720866129  -15.402947340   -1.851095047
    2.617993878   -0.872664626  -40.318014090  -36.021704816   -2.099339770
    2.792526803   -0.872664626  -47.755969086  -47.591515272   -2.327999354
    2.967059728   -0.872664626  -56.304667022  -48.794140793   -2.619748788

   -3.141592654   -0.698131701  -64.136909013  -41.738301998    3.933584362
   -2.967059728   -0.698131701  -70.312313546  -28.496365347    1.941566015
   -2.792526803   -0.698131701  -73.997871734  -13.960402538   -0.892745399
   -2.617993878   -0.698131701  -75.353005132   -2.396563928   -4.253030809
   -2.443460953   -0.698131701  -75.158445106    3.580441827   -7.844793610
   -2.268928028   -0.698131701  -74.447298548    3.669851247  -11.462178865
   -2.094395102   -0.698131701  -74.124603313   -0.463910835  -14.991118558
   -1.919862177   -0.698131701  -74.701415913   -6.172284298  -18.397057147
   -1.745329252   -0.698131701  -76.217420648  -10.833459475  -21.645993155
   -1.570796327   -0.698131701  -78.307611360  -12.522919707  -24.575646627
   -1.396263402   -0.698131701  -80.348875640  -10.218258661  -26.800307689
   -1.221730476   -0.698131701  -81.634601030   -3.957691709  -27.723037295
   -1.047197551   -0.698131701  -81.561436531    5.036901087  -26.738348197
   -0.872664626   -0.698131701  -79.829105044   14.623071011  -23.534282763
   -0.698131701   -0.698131701  -76.562201885   22.218822251  -18.356830276
   -0.523598776   -0.698131701  -72.318841863   25.462564847  -12.049176089
   -0.349065850   -0.698131701  -68.001059283   22.918497989   -5.828094286
   -0.174532925   -0.698131701  -64.669968668   14.184938094   -0.903613788
    0.000000000   -0.698131701  -63.364452718   -0.082978864    1.964695365
    0.174532925   -0.698131701  -64.894501690  -17.825831174    2.707267707
    0.349065850   -0.698131701  -69.551059084  -35.091853554    1.947540482
    0.523598776   -0.698131701  -76.772068316  -46.193310506    0.701191544
    0.698131701   -0.698131701  -84.966011859  -45.414217338   -0.052600348
    0.872664626   -0.698131701  -91.749787206  -30.001879520    0.226276651
    1.047197551   -0.698131701  -94.702823444   -2.386766820    1.448201049
    1.221730476   -0.698131701  -92.293848317   29.910007156    3.031587152
    1.396263402   -0.698131701  -84.530736288   57.495677066    4.265629354
    1.570796327   -0.698131701  -72.929996525   72.971725687    4.697398836
    1.745329252   -0.698131701  -59.933059993   73.438872709    4.332962398
    1.919862177   -0.698131701  -48.087754374   60.283700538    3.554478822
    2.094395102   -0.698131701  -39.435177697   37.660945397    2.899323539
    2.268928028   -0.698131701  -35.181681752   10.786410572    2.768838468
    2.443460953   -0.698131701  -35.611538655  -15.177578355    3.255159733
    2.617993878   -0.698131701  -40.154535378  -35.678361112    4.107190834
    2.792526803   -0.698131701  -47.545098109  -47.447454126    4.823810966
    2.967059728   -0.698131701  -56.107345736  -49.126566788    4.879441930

   -3.141592654   -0.523598776  -62.916949373  -43.856384675    9.606442894
   -2.967059728   -0.523598776  -69.578541379  -31.876643281    6.027646044
   -2.792526803   -0.523598776  -73.928486185  -18.092927915    1.309611936
   -2.617993878   -0.523598776  -76.029381122   -6.721944390   -3.768892791
   -2.443460953   -0.523598776  -76.574380982   -0.518800324   -8.522871340
   -2.268928028   -0.523598776  -76.542892697   -0.003805368  -12.568552610
   -2.094395102   -0.523598776  -76.822613232   -3.706427261  -15.842040241
   -1.919862177   -0.523598776  -77.932960155   -9.056611867  -18.484859654
   -1.745329252   -0.523598776  -79.921836406  -13.348619166  -20.626808635
   -1.570796327   -0.523598776  -82.403638261  -14.432605065  -22.189908241
   -1.396263402   -0.523598776  -84.692069170  -11.042769192  -22.830437204
   -1.221730476   -0.523598776  -85.986016869   -3.137972351  -22.058555967
   -1.047197551   -0.523598776  -85.598582944    7.850860339  -19.518266150
   -0.872664626   -0.523598776  -83.206147309   19.304712548  -15.246315837
   -0.698131701   -0.523598776  -79.005169938   28.077640918   -9.805682103
   -0.523598776   -0.523598776  -73.715091879   31.398272508   -4.182153291
   -0.349065850   -0.523598776  -68.441346739   27.753227852    0.528001561
   -0.174532925   -0.523598776  -64.426766152   17.087783507    3.460923890
    0.000000000   -0.523598776  -62.801803320    0.696454181    4.319256089
    0.174532925   -0.523598776  -64.347651632  -18.648831636    3.479862253
    0.349065850   -0.523598776  -69.215757280  -36.505246555    1.887409436
    0.523598776   -0.523598776  -76.653537270  -47.106362828    0.682797199
    0.698131701   -0.523598776  -84.906821727  -45.118565208    0.738033294
    0.872664626   -0.523598776  -91.525639283  -28.468580187    2.286096536
    1.047197551   -0.523598776  -94.143169152   -0.223782665    4.825465176
    1.221730476   -0.523598776  -91.365712185   31.817651421    7.394136894
    1.396263402   -0.523598776  -83.345133922   58.459817524    9.080195107
    1.570796327   -0.523598776  -71.674815976   72.833104204    9.465445150
    1.745329252   -0.523598776  -58.773361732   72.580311854    8.793834113
    1.919862177   -0.523598776  -47.092241016   59.384867961    7.760866812
    2.094395102   -0.523598776  -38.553494892   37.337307991    7.162366125
    2.268928028   -0.523598776  -34.282918160   11.313404249    7.496113465
    2.443460953   -0.523598776  -34.556817897  -13.983448287    8.751688690
    2.617993878   -0.523598776  -38.873372488  -34.400848053   10.404373921
    2.792526803   -0.523598776  -46.087714686  -46.829166470   11.595886768
    2.967059728   -0.523598776  -54.645717756  -49.767210766   11.488704365

   -3.141592654   -0.349065850  -60.957727932  -47.274357946   12.187439098
   -2.967059728   -0.349065850  -68.363719990  -36.857492198    7.326022095
   -2.792526803   -0.349065850  -73.655549106  -23.736448908    1.409472244
   -2.617993878   -0.349065850  -76.730260265  -12.097271744   -4.482324244
   -2.443460953   -0.349065850  -78.141155417   -4.999865665   -9.474694876
   -2.268928028   -0.349065850  -78.797439533   -3.408345420  -13.179752817
   -2.094395102   -0.349065850  -79.587961896   -6.202857764  -15.689628223
   -1.919862177   -0.349065850  -81.074706709  -10.912131412  -17.348149843
   -1.745329252   -0.349065850  -83.340857807  -14.660531239  -18.416858217
   -1.570796327   -0.349065850  -85.991046406  -14.987261882  -18.846550754
   -1.396263402   -0.349065850  -88.279234296  -10.397822030  -18.283905652
   -1.221730476   -0.349065850  -89.325465244   -0.892786370  -16.306202960
   -1.047197551   -0.349065850  -88.399336676   11.756966875  -12.761700778
   -0.872664626   -0.349065850  -85.209342328   24.424240478   -7.970472148
   -0.698131701   -0.349065850  -80.070860037   33.520935437   -2.718878847
   -0.523598776   -0.349065850  -73.879703560   36.106830365    1.970145189
   -0.349065850   -0.349065850  -67.915952566   30.829478690    5.196931515
   -0.174532925   -0.349065850  -63.541207529   18.119020660    6.460170517
    0.000000000   -0.349065850  -61.902161142   -0.087357215    5.856062665
    0.174532925   -0.349065850  -63.685720999  -20.412458445    4.065358605
    0.349065850   -0.349065850  -68.863710831  -38.095916632    2.177255039
    0.523598776   -0.349065850  -76.485244262  -47.490518012    1.304682463
    0.698131701   -0.349065850  -84.659287691  -43.816320262    2.138489648
    0.872664626   -0.349065850  -90.919876405  -25.784540874    4.638947046
    1.047197551   -0.349065850  -93.013712042    2.897670674    8.029904850
    1.221730476   -0.349065850  -89.734352666   34.278267362   11.154883673
    1.396263402   -0.349065850  -81.398577602   59.545981456   13.055203290
    1.570796327   -0.349065850  -69.665197592   72.536679643   13.401438476
    1.745329252   -0.349065850  -56.894048938   71.523014444   12.606842091
    1.919862177   -0.349065850  -45.398741310   58.467179458   11.529153945
    2.094395102   -0.349065850  -36.952457612   37.283176716   11.051976783
    2.268928028   -0.349065850  -32.594719522   12.352951325   11.651083086
    2.443460953   -0.349065850  -32.614816943  -12.221969335   13.190419395
    2.617993878   -0.349065850  -36.620636441  -32.772040291   14.958865308
    2.792526803   -0.349065850  -43.635744464  -46.335246219   15.921037543
    2.967059728   -0.349065850  -52.264182347  -51.148310118   15.142375230

   -3.141592654   -0.174532925  -58.875803159  -51.677501798   11.028745776
   -2.967059728   -0.174532925  -67.187292984  -42.661954751    5.672405067
   -2.792526803   -0.174532925  -73.535153221  -29.834851191   -0.305491202
   -2.617993878   -0.174532925  -77.621053852  -17.435527044   -5.795917420
   -2.443460953   -0.174532925  -79.848700980   -8.969606411  -10.005440397
   -2.268928028   -0.174532925  -81.072611305   -5.980506747  -12.722479901
   -2.094395102   -0.174532925  -82.215669498   -7.748965720  -14.247825866
   -1.919862177   -0.174532925  -83.913977754  -11.841583713  -15.070504689
   -1.745329252   -0.174532925  -86.300274581  -15.092453899  -15.471939636
   -1.570796327   -0.174532925  -88.965274367  -14.650358566  -15.318566631
   -1.396263402   -0.174532925  -91.094317381   -8.827099747  -14.160758936
   -1.221730476   -0.174532925  -91.734928748    2.206137419  -11.579760361
   -1.047197551   -0.174532925  -90.143375741   16.216812068   -7.566495422
   -0.872664626   -0.174532925  -86.103558263   29.556349693   -2.658189647
   -0.698131701   -0.174532925  -80.082324504   38.321657731    2.200650182
   -0.523598776   -0.174532925  -73.153263420   39.620653995    5.996842151
   -0.349065850   -0.174532925  -66.735657996   32.453873465    8.029534307
   -0.174532925   -0.174532925  -62.249926753   17.808359293    8.115774537
    0.000000000   -0.174532925  -60.798165606   -1.794374911    6.657319809
    0.174532925   -0.174532925  -62.930828649  -22.516055396    4.523743141
    0.349065850   -0.174532925  -68.426434410  -39.448503457    2.829111279
    0.523598776   -0.174532925  -76.149897743  -47.210721228    2.562819497
    0.698131701   -0.174532925  -84.108515330  -41.663303502    4.197407093
    0.872664626   -0.174532925  -89.864516990  -22.309952076    7.455588653
    1.047197551   -0.174532925  -91.316154284    6.567763828   11.389991939
    1.221730476   -0.174532925  -87.465693044   36.987835884   14.780530844
    1.396263402   -0.174532925  -78.793865727   60.640680942   16.715499710
    1.570796327   -0.174532925  -67.008059108   72.133579006   16.964324994
    1.745329252   -0.174532925  -54.387086941   70.361894363   16.027175998
    1.919862177   -0.174532925  -43.090435901   57.509716009   14.793060891
    2.094395102   -0.174532925  -34.738678547   37.236140843   14.112259535
    2.268928028   -0.174532925  -30.294351373   13.360617205   14.389459105
    2.443460953   -0.174532925  -30.078089011  -10.648510633   15.416406110
    2.617993878   -0.174532925  -33.827070457  -31.583509660   16.452744021
    2.792526803   -0.174532925  -40.744559421  -46.562545563   16.513184605
    2.967059728   -0.174532925  -49.589590085  -53.462891080   14.790667553

   -3.141592654    0.000000000  -57.281399895  -56.361617075    6.832560997
   -2.967059728    0.000000000  -66.498417975  -48.184360681    1.969613073
   -2.792526803    0.000000000  -73.807196257  -35.145742424   -2.892397322
   -2.617993878    0.000000000  -78.734591564  -21.651814241   -6.901281515
   -2.443460953    0.000000000  -81.571251154  -11.721371201   -9.587189577
   -2.268928028    0.000000000  -83.159494758   -7.475748044  -11.033830450
   -2.094395102    0.000000000  -84.491662203   -8.513111167  -11.726361927
   -1.919862177    0.000000000  -86.293020366  -12.298018953  -12.173720865
   -1.745329252    0.000000000  -88.735902541  -15.242121397  -12.522393717
   -1.570796327    0.000000000  -91.370900227  -14.056695351  -12.427086265
   -1.396263402    0.000000000  -93.290482852   -6.932772409  -11.263709392
   -1.221730476    0.000000000  -93.465917829    5.641175516   -8.574083323
   -1.047197551    0.000000000  -91.161392605   20.847347213   -4.456521182
   -0.872664626    0.000000000  -86.270677916   34.502930324    0.369014903
   -0.698131701    0.000000000  -79.437192352   42.501854331    4.824830534
   -0.523598776    0.000000000  -71.910227521   42.180269295    7.909154984
   -0.349065850    0.000000000  -65.216540689   33.045683821    9.085429776
   -0.174532925    0.000000000  -60.785185538   16.683665784    8.429012375
    0.000000000    0.000000000  -59.626715410   -3.873802797    6.578881651
    0.174532925    0.000000000  -62.128255918  -24.474556788    4.531358005
    0.349065850    0.000000000  -67.875925539  -40.220528351    3.373683856
    0.523598776    0.000000000  -75.575866745  -46.112719417    3.933970275
    0.698131701    0.000000000  -83.172877232  -38.693990112    6.456222640
    0.872664626    0.000000000  -88.296713167  -18.212930333   10.446396629
    1.047197551    0.000000000  -89.021910364   10.578654160   14.836140976
    1.221730476    0.000000000  -84.564455260   39.782716226   18.401031257
    1.396263402    0.000000000  -75.557737864   61.653369995   20.303415016
    1.570796327    0.000000000  -63.742399562   71.558692388   20.386956716
    1.745329252    0.000000000  -51.307868496   68.954832534   19.165095265
    1.919862177    0.000000000  -40.262254980   56.185626338   17.473238110
    2.094395102    0.000000000  -32.084836492   36.629852153   16.076346034
    2.268928028    0.000000000  -27.672504819   13.564746901   15.329212220
    2.443460953    0.000000000  -27.380899892  -10.107385645   15.058047692
    2.617993878    0.000000000  -31.065934997  -31.545226179   14.669811493
    2.792526803    0.000000000  -38.083172542  -47.863482681   13.432502742
    2.967059728    0.000000000  -47.308906266  -56.546628598   10.828276240

   -3.141592654    0.174532925  -56.561305043  -60.508916253    1.328892061
   -2.967059728    0.174532925  -66.520413438  -52.406629669   -2.208339458
   -2.792526803    0.174532925  -74.517812245  -38.699805849   -5.156983966
   -2.617993878    0.174532925  -79.969592781  -24.058951973   -7.120749093
   -2.443460953    0.174532925  -83.123080236  -12.986039381   -8.081209520
   -2.268928028    0.174532925  -84.862754738   -8.041693477   -8.430022369
   -2.094395102    0.174532925  -86.275027422   -8.946471957   -8.739416643
   -1.919862177    0.174532925  -88.164571912  -12.877826618   -9.386415271
   -1.745329252    0.174532925  -90.707023496  -15.715893465  -10.245178213
   -1.570796327    0.174532925  -93.367770800  -13.745049806  -10.679487650
   -1.396263402    0.174532925  -95.113231281   -5.156873380   -9.874469922
   -1.221730476    0.174532925  -94.831758552    9.078219536   -7.347235252
   -1.047197551    0.174532925  -91.814480059   25.437819355   -3.314092221
   -0.872664626    0.174532925  -86.096076119   39.198250122    1.330483801
   -0.698131701    0.174532925  -78.518558599   46.154133764    5.392892715
   -0.523598776    0.174532925  -70.504739964   44.021475881    7.891248533
   -0.349065850    0.174532925  -63.662120630   32.940992563    8.438871045
   -0.174532925    0.174532925  -59.387003155   15.126821117    7.333865693
    0.000000000    0.174532925  -58.560906997   -5.947838887    5.412194947
    0.174532925    0.174532925  -61.388574884  -25.955057495    3.763396328
    0.349065850    0.174532925  -67.270783818  -40.155007500    3.419289704
    0.523598776    0.174532925  -74.785052962  -44.034112433    5.019975351
    0.698131701    0.174532925  -81.854674319  -34.843810113    8.562724029
    0.872664626    0.174532925  -86.214595734  -13.505947661   13.333611750
    1.047197551    0.174532925  -86.135127664   14.880947312   18.158692008
    1.221730476    0.174532925  -81.044189358   42.606648540   21.838606073
    1.396263402    0.174532925  -71.713932400   62.519416762   23.625035768
    1.570796327    0.174532925  -59.906736579   70.696526957   23.426757989
    1.745329252    0.174532925  -47.724075595   67.071993792   21.736257759
    1.919862177    0.174532925  -37.035782547   54.101742270   19.299960939
    2.094395102    0.174532925  -29.195654627   34.910882149   16.791470412
    2.268928028    0.174532925  -25.039569089   12.326318395   14.562018525
    2.443460953    0.174532925  -24.942836217  -11.184231712   12.573055187
    2.617993878    0.174532925  -28.842007302  -33.019621853   10.508260891
    2.792526803    0.174532925  -36.189052054  -50.230715672    8.004923112
    2.967059728    0.174532925  -45.920600922  -59.958267661    4.889196809

   -3.141592654    0.349065850  -56.771290884  -63.479771799   -3.511443217
   -2.967059728    0.349065850  -67.200272470  -54.747728809   -5.341002930
   -2.792526803    0.349065850  -75.528601846  -40.121109623   -6.212298092
   -2.617993878    0.349065850  -81.147290680  -24.579229654   -6.227908836
   -2.443460953    0.349065850  -84.338878594  -12.988296791   -5.793305125
   -2.268928028    0.349065850  -86.076827349   -8.117530545   -5.513870814
   -2.094395102    0.349065850  -87.545583087   -9.564523823   -5.918895154
   -1.919862177    0.349065850  -89.595506429  -14.046998346   -7.142332221
   -1.745329252    0.349065850  -92.352334138  -16.866525167   -8.740597915
   -1.570796327    0.349065850  -95.146351877  -13.962551811   -9.817683102
   -1.396263402    0.349065850  -96.790137130   -3.686635936   -9.447048326
   -1.221730476    0.349065850  -96.090515848   12.350752535   -7.193121636
   -1.047197551    0.349065850  -92.388511060   29.839146216   -3.414550282
   -0.872664626    0.349065850  -85.888053796   43.540633477    0.853611779
   -0.698131701    0.349065850  -77.645222948   49.265928830    4.368692283
   -0.523598776    0.349065850  -69.248266217   45.244447667    6.232700011
   -0.349065850    0.349065850  -62.356938653   32.345164977    6.243178344
   -0.174532925    0.349065850  -58.296830711   13.419272202    4.913127456
    0.000000000    0.349065850  -57.789123148   -7.696694669    3.237568905
    0.174532925    0.349065850  -60.843999523  -26.640695328    2.345208088
    0.349065850    0.349065850  -66.691179213  -38.980163870    3.150391982
    0.523598776    0.349065850  -73.817043599  -40.786988398    6.043202718
    0.698131701    0.349065850  -80.170188629  -30.034972551   10.725449221
    0.872664626    0.349065850  -83.630648312   -8.221812535   16.244848248
    1.047197551    0.349065850  -82.681667199   19.360879626   21.340213320
    1.221730476    0.349065850  -76.954720858   45.303984507   24.890857215
    1.396263402    0.349065850  -67.340766443   63.070712595   26.298677851
    1.570796327    0.349065850  -55.609287579   69.370601683   25.586552915
    1.745329252    0.349065850  -43.776321822   64.514962989   23.248766588
    1.919862177    0.349065850  -33.589047984   51.027447994   19.947032231
    2.094395102    0.349065850  -26.291219329   31.833530008   16.268553511
    2.268928028    0.349065850  -22.655935243    9.441553463   12.580150432
    2.443460953    0.349065850  -23.050200439  -13.958156109    9.013906629
    2.617993878    0.349065850  -27.438693292  -35.884611665    5.559182143
    2.792526803    0.349065850  -35.303957501  -53.308831881    2.218231690
    2.967059728    0.349065850  -45.586288474  -63.146924975   -0.892632699

   -3.141592654    0.523598776  -57.664577667  -65.022158293   -6.363279790
   -2.967059728    0.523598776  -68.269847626  -55.220258446   -6.615221071
   -2.792526803    0.523598776  -76.596931848  -39.683196392   -5.841556745
   -2.617993878    0.523598776  -82.090751622  -23.675384640   -4.526992330
   -2.443460953    0.523598776  -85.130270175  -12.257702833   -3.334892011
   -2.268928028    0.523598776  -86.801423464   -8.161309764   -2.918212397
   -2.094395102    0.523598776  -88.368636695  -10.649048996   -3.649127858
   -1.919862177    0.523598776  -90.682219937  -15.883731538   -5.399146041
   -1.745329252    0.523598776  -93.768121545  -18.631567712   -7.493966587
   -1.570796327    0.523598776  -96.788414552  -14.627622033   -8.937892300
   -1.396263402    0.523598776  -98.395817189   -2.536856460   -8.857509919
   -1.221730476    0.523598776  -97.332250427   15.295042625   -6.959539677
   -1.047197551    0.523598776  -93.013361046   33.771946671   -3.733555712
   -0.872664626    0.523598776  -85.828779616   47.229376736   -0.248009004
   -0.698131701    0.523598776  -77.045481202   51.626078258    2.353529530
   -0.523598776    0.523598776  -68.392047232   45.808004085    3.385816114
   -0.349065850    0.523598776  -61.542487537   31.410501064    2.900262873
   -0.174532925    0.523598776  -57.714440670   11.877203988    1.618361412
    0.000000000    0.523598776  -57.446287413   -8.707699638    0.624980922
    0.174532925    0.523598776  -60.555335072  -26.110511769    0.979056409
    0.349065850    0.523598776  -66.130472297  -36.358544413    3.355925200
    0.523598776    0.523598776  -72.619428095  -36.194594957    7.789194431
    0.698131701    0.523598776  -78.053624309  -24.292727717   13.618727684
    0.872664626    0.523598776  -80.500814840   -2.578880918   19.649770089
    1.047197551    0.523598776  -78.668312340   23.667388355   24.590932809
    1.221730476    0.523598776  -72.369184160   47.480090968   27.502788633
    1.396263402    0.523598776  -62.577439393   62.957966245   28.052135792
    1.570796327    0.523598776  -51.041408375   67.339725992   26.474217974
    1.745329252    0.523598776  -39.686075369   61.181716438   23.327448579
    1.919862177    0.523598776  -30.148565062   47.007003666   19.214689865
    2.094395102    0.523598776  -23.577669450   27.585821554   14.635393326
    2.268928028    0.523598776  -20.682545404    5.239739516    9.948758057
    2.443460953    0.523598776  -21.794908630  -17.971340748    5.415058296
    2.617993878    0.523598776  -26.859421498  -39.594267450    1.255859055
    2.792526803    0.523598776  -35.333884813  -56.543113966   -2.271623231
    2.967059728    0.523598776  -46.122201426  -65.657215246   -4.891415729

   -3.141592654    0.698131701  -58.854705197  -65.285329398   -6.995693980
   -2.967059728    0.698131701  -69.400958671  -54.328679472   -6.173556589
   -2.792526803    0.698131701  -77.504324507  -38.109078644   -4.521610441
   -2.617993878    0.698131701  -82.712288752  -22.087860387   -2.691078539
   -2.443460953    0.698131701  -85.525157767  -11.348312248   -1.370202234
   -2.268928028    0.698131701  -87.133892058   -8.399703358   -1.084178974
   -2.094395102    0.698131701  -88.849424619  -12.069747619   -1.991678677
   -1.919862177    0.698131701  -91.482219617  -17.997257500   -3.787228577
   -1.745329252    0.698131701  -94.934428403  -20.550352929   -5.766341428
   -1.570796327    0.698131701  -98.203093224  -15.420357883   -7.076257763
   -1.396263402    0.698131701  -99.807158381   -1.671782468   -7.086823167
   -1.221730476    0.698131701  -98.454824522   17.643444067   -5.710347694
   -1.047197551    0.698131701  -93.653205046   36.771342242   -3.486280471
   -0.872664626    0.698131701  -85.968279702   49.778198795   -1.332360722
   -0.698131701    0.698131701  -76.843124228   52.900452947   -0.087324886
   -0.523598776    0.698131701  -68.096182903   45.641821157   -0.071590351
   -0.349065850    0.698131701  -61.365900794   30.351708867   -0.922779504
   -0.174532925    0.698131701  -57.728629967   10.937494206   -1.754785556
    0.000000000    0.698131701  -57.534073985   -8.443895286   -1.514978203
    0.174532925    0.698131701  -60.432402187  -23.873595080    0.622473723
    0.349065850    0.698131701  -65.426885138  -31.978775339    4.936360753
    0.523598776    0.698131701  -70.998577332  -30.212120434   10.996546695
    0.698131701    0.698131701  -75.328505254  -17.853775604   17.750844495
    0.872664626    0.698131701  -76.710855979    2.961233663   23.817044869
    1.047197551    0.698131701  -74.073359625   27.221347400   27.986079485
    1.221730476    0.698131701  -67.367940964   48.564159280   29.629218310
    1.396263402    0.698131701  -57.594890910   61.730392610   28.794452406
    1.570796327    0.698131701  -46.436136450   64.352986031   26.015703034
    1.745329252    0.698131701  -35.709142734   57.066312087   21.969993587
    1.919862177    0.698131701  -26.948773476   42.290754822   17.226786575
    2.094395102    0.698131701  -21.224581220   22.654257579   12.191393158
    2.268928028    0.698131701  -19.186965076    0.392131847    7.168410531
    2.443460953    0.698131701  -21.117470014  -22.456550682    2.455501853
    2.617993878    0.698131701  -26.911427761  -43.412557344   -1.626908869
    2.792526803    0.698131701  -35.971276082  -59.378740502   -4.727639077
    2.967059728    0.698131701  -47.149960830  -67.251140970   -6.560024917

   -3.141592654    0.872664626  -60.019582075  -64.688465045   -6.289057693
   -2.967059728    0.872664626  -70.372561897  -52.786820943   -4.999841522
   -2.792526803    0.872664626  -78.166225092  -36.210397319   -3.214398619
   -2.617993878    0.872664626  -83.060132101  -20.487829397   -1.533558960
   -2.443460953    0.872664626  -85.661224446  -10.587669712   -0.462789134
   -2.268928028    0.872664626  -87.231218649   -8.722843775   -0.273972947
   -2.094395102    0.872664626  -89.090320565  -13.332080322   -0.922565796
   -1.919862177    0.872664626  -91.990749019  -19.693600969   -2.074093960
   -1.745329252    0.872664626  -95.726219154  -21.981305488   -3.227420860
   -1.570796327    0.872664626  -99.174827712  -15.974397280   -3.904863940
   -1.396263402    0.872664626 -100.777743241   -1.109239294   -3.861536975
   -1.221730476    0.872664626  -99.246422080   19.037057862   -3.217568578
   -1.047197551    0.872664626  -94.177090245   38.305963125   -2.431914075
   -0.872664626    0.872664626  -86.267647009   50.700978641   -2.067663905
   -0.698131701    0.872664626  -77.066358344   52.829967366   -2.464376662
   -0.523598776    0.872664626  -68.406916076   44.802719871   -3.462943935
   -0.349065850    0.872664626  -61.836686848   29.519817655   -4.386429271
   -0.174532925    0.872664626  -58.269836326   11.129801396   -4.282318367
    0.000000000    0.872664626  -57.887088075   -6.367998568   -2.296331460
    0.174532925    0.872664626  -60.228199288  -19.558672530    1.981312817
    0.349065850    0.872664626  -64.292833118  -25.759603896    8.294499066
    0.523598776    0.872664626  -68.681404310  -23.084247643   15.706601203
    0.698131701    0.872664626  -71.788913702  -11.225142729   22.838821840
    0.872664626    0.872664626  -72.157202944    7.757688270   28.268488412
    1.047197551    0.872664626  -68.906434171   29.386687123   31.029748034
    1.221730476    0.872664626  -62.062848024   48.034551918   30.914658357
    1.396263402    0.872664626  -52.581069928   59.045357646   28.397498988
    1.570796327    0.872664626  -42.022955173   60.280927414   24.310097215
    1.745329252    0.872664626  -32.077441519   52.272734425   19.438676024
    1.919862177    0.872664626  -24.182567866   37.221432079   14.318808245
    2.094395102    0.872664626  -19.345601857   17.596862688    9.256893494
    2.268928028    0.872664626  -18.171249396   -4.395680650    4.466918619
    2.443460953    0.872664626  -20.892142732  -26.676468400    0.200122798
    2.617993878    0.872664626  -27.348383800  -46.721108058   -3.247474289
    2.792526803    0.872664626  -36.883496528  -61.467454778   -5.569154738
    2.967059728    0.872664626  -48.307910011  -67.956508791   -6.575507827

   -3.141592654    1.047197551  -61.051094549  -63.700138338   -5.714864515
   -2.967059728    1.047197551  -71.172554843  -51.203266576   -4.406641157
   -2.792526803    1.047197551  -78.677088505  -34.568448401   -2.918488360
   -2.617993878    1.047197551  -83.314512736  -19.249176466   -1.673721367
   -2.443460953    1.047197551  -85.755539406  -10.009389767   -0.892415229
   -2.268928028    1.047197551  -87.283744937   -8.797280233   -0.555355060
   -2.094395102    1.047197551  -89.197688505  -13.833371890   -0.470305937
   -1.919862177    1.047197551  -92.198994361  -20.291592774   -0.409273056
   -1.745329252    1.047197551  -96.024523252  -22.375813812   -0.238360533
   -1.570796327    1.047197551  -99.512104604  -16.023114523    0.017414361
   -1.396263402    1.047197551 -101.097670189   -0.900013965    0.175502514
   -1.221730476    1.047197551  -99.528183700   19.194241909   -0.039408757
   -1.047197551    1.047197551  -94.463684366   38.029978719   -0.883829717
   -0.872664626    1.047197551  -86.658354537   49.766839019   -2.425386462
   -0.698131701    1.047197551  -77.667539039   51.419515173   -4.397656614
   -0.523598776    1.047197551  -69.252508862   43.555123115   -6.132434350
   -0.349065850    1.047197551  -62.819189298   29.361304882   -6.700430532
   -0.174532925    1.047197551  -59.119429653   12.928855535   -5.217921345
    0.000000000    1.047197551  -58.214648867   -2.158690991   -1.199180654
    0.174532925    1.047197551  -59.620527741  -13.144303718    5.201031213
    0.349065850    1.047197551  -62.433447788  -18.033333658   13.125981250
    0.523598776    1.047197551  -65.457969772  -15.431271113   21.190941444
    0.698131701    1.047197551  -67.346637503   -5.148759734   27.859890134
    0.872664626    1.047197551  -66.877704135   11.138371287   31.888653726
    1.047197551    1.047197551  -63.306174972   29.693760277   32.728435918
    1.221730476    1.047197551  -56.653343536   45.662375011   30.650814517
    1.396263402    1.047197551  -47.756885585   54.875627560   26.506980856
    1.570796327    1.047197551  -38.014267831   55.239685623   21.323471251
    1.745329252    1.047197551  -28.973346619   47.026499560   15.908119026
    1.919862177    1.047197551  -21.984121719   32.126114421   10.720872001
    2.094395102    1.047197551  -18.009547287   12.832211089    5.957453771
    2.268928028    1.047197551  -17.626065023   -8.657476929    1.724700721
    2.443460953    1.047197551  -21.030067959  -30.200972951   -1.817556211
    2.617993878    1.047197551  -28.017268654  -49.232063261   -4.460189586
    2.792526803    1.047197551  -37.886649130  -62.755472524   -5.999890138
    2.967059728    1.047197551  -49.426627541  -67.996043455   -6.368259018

   -3.141592654    1.221730476  -62.095725161  -62.646294890   -6.636749689
   -2.967059728    1.221730476  -72.001450917  -49.859744469   -5.481545088
   -2.792526803    1.221730476  -79.277561939  -33.350040924   -4.329034920
   -2.617993878    1.221730476  -83.731030944  -18.369802645   -3.420351281
   -2.443460953    1.221730476  -86.046771616   -9.422289376   -2.712957459
   -2.268928028    1.221730476  -87.482324872   -8.277206479   -1.942837737
   -2.094395102    1.221730476  -89.294524619  -13.159871855   -0.835590701
   -1.919862177    1.221730476  -92.159781547  -19.418325003    0.665417591
   -1.745329252    1.221730476  -95.827154985  -21.486359999    2.291527769
   -1.570796327    1.221730476  -99.182711841  -15.468008557    3.528282577
   -1.396263402    1.221730476 -100.727941630   -1.053239470    3.824095776
   -1.221730476    1.221730476  -99.265987477   18.084638019    2.824936195
   -1.047197551    1.221730476  -94.479005702   35.986583867    0.540625568
   -0.872664626    1.221730476  -87.087083586   47.163063418   -2.573586212
   -0.698131701    1.221730476  -78.546728463   49.013396396   -5.663257922
   -0.523598776    1.221730476  -70.462648827   42.344355161   -7.621752464
   -0.349065850    1.221730476  -64.064706933   30.304317275   -7.384772381
   -0.174532925    1.221730476  -59.966612857   16.591924916   -4.276645184
    0.000000000    1.221730476  -58.186570223    4.129968795    1.695291467
    0.174532925    1.221730476  -58.321579393   -5.065075913    9.751052107
    0.349065850    1.221730476  -59.667573796   -9.568277669   18.475681108
    0.523598776    1.221730476  -61.299018911   -8.190546119   26.192742420
    0.698131701    1.221730476  -62.133811477   -0.496876102   31.437355719
    0.872664626    1.221730476  -61.135354871   12.504474972   33.367612731
    1.047197551    1.221730476  -57.608123396   27.914077909   31.984766409
    1.221730476    1.221730476  -51.484309972   41.553325443   28.035727629
    1.396263402    1.221730476  -43.428481757   49.534595571   22.632445770
    1.570796327    1.221730476  -34.653608414   49.613542365   16.833453512
    1.745329252    1.221730476  -26.574247332   41.691868513   11.331669295
    1.919862177    1.221730476  -20.472012558   27.312314734    6.432091319
    2.094395102    1.221730476  -17.287147589    8.600612171    2.189379654
    2.268928028    1.221730476  -17.587109167  -12.235812636   -1.403213491
    2.443460953    1.221730476  -21.548680581  -32.981339429   -4.278715006
    2.617993878    1.221730476  -28.938275644  -51.027722370   -6.302463105
    2.792526803    1.221730476  -39.026643145  -63.452401008   -7.340383490
    2.967059728    1.221730476  -50.597046766  -67.669083573   -7.383799817

   -3.141592654    1.396263402  -63.481062339  -61.648526702   -9.641507647
   -2.967059728    1.396263402  -73.193080838  -48.707439551   -8.550023347
   -2.792526803    1.396263402  -80.279796785  -32.363866734   -7.476288732
   -2.617993878    1.396263402  -84.580581236  -17.581024042   -6.570868541
   -2.443460953    1.396263402  -86.757833237   -8.558245788   -5.642414726
   -2.268928028    1.396263402  -88.008375505   -6.965581167   -4.277911223
   -2.094395102    1.396263402  -89.537397112  -11.227851584   -2.165674746
   -1.919862177    1.396263402  -92.025078261  -17.099695163    0.604814144
   -1.745329252    1.396263402  -95.296458617  -19.393039556    3.454960531
   -1.570796327    1.396263402  -98.361114547  -14.351401188    5.512307831
   -1.396263402    1.396263402  -99.840258286   -1.481711440    5.979806888
   -1.221730476    1.396263402  -98.600566771   15.980710687    4.493464533
   -1.047197551    1.396263402  -94.299641185   32.632465500    1.318430053
   -0.872664626    1.396263402  -87.538249115   43.476510645   -2.654029574
   -0.698131701    1.396263402  -79.581690283   46.227786749   -6.116427237
   -0.523598776    1.396263402  -71.814225447   41.686072828   -7.680672272
   -0.349065850    1.396263402  -65.278941858   32.626345499   -6.298012248
   -0.174532925    1.396263402  -60.498137496   22.043559340   -1.613187525
    0.000000000    1.396263402  -57.537953899   12.018647214    5.831350925
    0.174532925    1.396263402  -56.182799037    3.841549795   14.686262847
    0.349065850    1.396263402  -56.013799975   -1.409711729   23.131430336
    0.523598776    1.396263402  -56.407850607   -2.394625866   29.416347007
    0.698131701    1.396263402  -56.516053345    1.936416474   32.366529517
    0.872664626    1.396263402  -55.401638430   11.453735266   31.698822765
    1.047197551    1.396263402  -52.316558772   24.068641427   28.016227834
    1.221730476    1.396263402  -47.025092965   36.064705928   22.484797978
    1.396263402    1.396263402  -39.984652101   43.558947215   16.346787019
    1.570796327    1.396263402  -32.232400269   43.958075561   10.535063775
    1.745329252    1.396263402  -25.082112620   36.723954043    5.489604273
    1.919862177    1.396263402  -19.782627399   23.070414255    1.262874752
    2.094395102    1.396263402  -17.280391285    5.006066675   -2.282336269
    2.268928028    1.396263402  -18.154321952  -15.208685038   -5.273488003
    2.443460953    1.396263402  -22.575608880  -35.249338098   -7.707747844
    2.617993878    1.396263402  -30.289064410  -52.438288520   -9.458210362
    2.792526803    1.396263402  -40.541384859  -63.904191791  -10.363654216
    2.967059728    1.396263402  -52.111938875  -67.244976415  -10.367642913

   -3.141592654    1.570796327  -65.554232559  -60.648072115  -14.360659070
   -2.967059728    1.570796327  -75.066796163  -47.495913221  -13.132911427
   -2.792526803    1.570796327  -81.948442618  -31.252972899  -11.805563406
   -2.617993878    1.570796327  -86.065433953  -16.547849472  -10.554620944
   -2.443460953    1.570796327  -88.043831347   -7.230065597   -9.177645993
   -2.268928028    1.570796327  -89.003156990   -4.897184814   -7.220014892
   -2.094395102    1.570796327  -90.092921376   -8.283689260   -4.359641267
   -1.919862177    1.570796327  -92.016337044  -13.695096546   -0.757120747
   -1.745329252    1.570796327  -94.715270454  -16.411701654    2.855737945
   -1.570796327    1.570796327  -97.369529082  -12.784978001    5.434019171
   -1.396263402    1.570796327  -98.750182206   -1.986671369    6.084564323
   -1.221730476    1.570796327  -97.783976401   13.405252886    4.494908921
   -1.047197551    1.570796327  -94.063542149   28.730272648    1.136832071
   -0.872664626    1.570796327  -88.006683086   39.554481112   -2.810734181
   -0.698131701    1.570796327  -80.625758299   43.804772664   -5.796036116
   -0.523598776    1.570796327  -73.053677247   42.035659100   -6.369102478
   -0.349065850    1.570796327  -66.164144329   36.362393649   -3.670425102
   -0.174532925    1.570796327  -60.451159211   28.849226474    2.256631370
    0.000000000    1.570796327  -56.119188618   20.664149251   10.383224350
    0.174532925    1.570796327  -53.226010182   12.488441968   18.962994555
    0.349065850    1.570796327  -51.688562687    5.338164622   26.015255136
    0.523598776    1.570796327  -51.178637995    1.055907596   29.951923821
    0.698131701    1.570796327  -51.015244698    1.604862717   30.045106189
    0.872664626    1.570796327  -50.258537942    7.843299556   26.612530776
    1.047197551    1.570796327  -48.005932073   18.373349456   20.806440695
    1.221730476    1.570796327  -43.788699836   29.664287953   14.110939635
    1.396263402    1.570796327  -37.844307657   37.536144553    7.786428656
    1.570796327    1.570796327  -31.066136671   38.851958036    2.532926381
    1.745329252    1.570796327  -24.720381082   32.584375123   -1.557175785
    1.919862177    1.570796327  -20.074679612   19.672092536   -4.763314032
    2.094395102    1.570796327  -18.119780752    2.100124971   -7.463143756
    2.268928028    1.570796327  -19.467687854  -17.730285529   -9.908041239
    2.443460953    1.570796327  -24.291716063  -37.306734746  -12.117424574
    2.617993878    1.570796327  -32.309398406  -53.820177506  -13.892533990
    2.792526803    1.570796327  -42.729533416  -64.412225242  -14.945330905
    2.967059728    1.570796327  -54.310353341  -66.871742407  -15.077127405

   -3.141592654    1.745329252  -68.515947551  -59.529092618  -19.579528670
   -2.967059728    1.745329252  -77.791209812  -45.980440348  -18.089262271
   -2.792526803    1.745329252  -84.403055031  -29.717466973  -16.320222706
   -2.617993878    1.745329252  -88.256362557  -15.032931877  -14.542943705
   -2.443460953    1.745329252  -89.948765831   -5.386601145  -12.646156660
   -2.268928028    1.745329252  -90.523755173   -2.278050508  -10.228157485
   -2.094395102    1.745329252  -91.075549538   -4.765392158   -6.984712432
   -1.919862177    1.745329252  -92.336101583   -9.748243068   -3.076871214
   -1.745329252    1.745329252  -94.376809574  -13.004781014    0.764893165
   -1.570796327    1.745329252  -96.561210999  -10.967777866    3.508892898
   -1.396263402    1.745329252  -97.813693811   -2.389072257    4.316133245
   -1.221730476    1.745329252  -97.106658696   10.921854678    2.987334575
   -1.047197551    1.745329252  -93.936418775   25.118006054    0.147010790
   -0.872664626    1.745329252  -88.502123632   36.306319639   -2.905300334
   -0.698131701    1.745329252  -81.541576611   42.478816250   -4.616211521
   -0.523598776    1.745329252  -73.947409350   43.731128236   -3.724932696
   -0.349065850    1.745329252  -66.472723340   41.325056258    0.262519451
   -0.174532925    1.745329252  -59.656787804   36.309934097    6.867936853
    0.000000000    1.745329252  -53.917053396   29.019572633   14.706031522
    0.174532925    1.745329252  -49.632278048   19.743684917   21.891998182
    0.349065850    1.745329252  -47.057742192    9.728426490   26.579639850
    0.523598776    1.745329252  -46.111981128    1.583945605   27.563676806
    0.698131701    1.745329252  -46.195912464   -1.650496446   24.641490577
    0.872664626    1.745329252  -46.266191538    1.863629942   18.664438514
    1.047197551    1.745329252  -45.181500203   11.245388306   11.186532965
    1.221730476    1.745329252  -42.196728530   22.876366703    3.863454043
    1.396263402    1.745329252  -37.335035525   32.006107085   -2.126664460
    1.570796327    1.745329252  -31.392099240   34.781067781   -6.371367997
    1.745329252    1.745329252  -25.650812688   29.644396818   -9.155437000
    1.919862177    1.745329252  -21.458565849   17.329451326  -11.112170862
    2.094395102    1.745329252  -19.893941439   -0.078085856  -12.867379394
    2.268928028    1.745329252  -21.622511149  -19.909205222  -14.778296900
    2.443460953    1.745329252  -26.819907686  -39.350909455  -16.846223171
    2.617993878    1.745329252  -35.158800367  -55.383533489  -18.752226786
    2.792526803    1.745329252  -45.782853923  -65.125530600  -20.037337674
    2.967059728    1.745329252  -57.400390930  -66.579466911  -20.329442317

   -3.141592654    1.919862177  -72.314879486  -58.262916074  -23.649843337
   -2.967059728    1.919862177  -81.307830594  -44.104620467  -21.933493603
   -2.792526803    1.919862177  -87.572943446  -27.679263909  -19.763156926
   -2.617993878    1.919862177  -91.070620979  -12.988948962  -17.496698951
   -2.443460953    1.919862177  -92.390721949   -3.100379571  -15.159042328
   -2.268928028    1.919862177  -92.516966767    0.628095092  -12.478675973
   -2.094395102    1.919862177  -92.495366322   -1.125780176   -9.217564462
   -1.919862177    1.919862177  -93.083489886   -5.803358845   -5.506713574
   -1.745329252    1.919862177  -94.471412874   -9.643053648   -1.958961085
   -1.570796327    1.919862177  -96.189603697   -9.126200588    0.570969831
   -1.396263402    1.919862177  -97.293486993   -2.556502389    1.445636386
   -1.221730476    1.919862177  -96.775299695    9.032801358    0.649208583
   -1.047197551    1.919862177  -94.012265142   22.556651098   -1.086228764
   -0.872664626    1.919862177  -88.978283298   34.535067802   -2.508159802
   -0.698131701    1.919862177  -82.158095211   42.831890802   -2.312338283
   -0.523598776    1.919862177  -74.259124925   46.910488384    0.322759767
   -0.349065850    1.919862177  -65.991398085   47.111489529    5.375453572
   -0.174532925    1.919862177  -58.014805348   43.561378041   11.948381911
    0.000000000    1.919862177  -51.006027115   35.996102951   18.490185130
    0.174532925    1.919862177  -45.663182958   24.604008551   23.274460175
    0.349065850    1.919862177  -42.530353597   11.108049699   24.883973042
    0.523598776    1.919862177  -41.689769578   -0.985667392   22.675041839
    0.698131701    1.919862177  -42.530799476   -7.569389528   16.983733005
    0.872664626    1.919862177  -43.825109452   -5.950994222    9.055368186
    1.047197551    1.919862177  -44.140486571    3.304785489    0.633014292
    1.221730476    1.919862177  -42.441558213   16.265651224   -6.647890043
    1.396263402    1.919862177  -38.560872869   27.411726121  -11.803907803
    1.570796327    1.919862177  -33.248854309   32.055615663  -14.734753754
    1.745329252    1.919862177  -27.868624811   28.094475641  -16.066956879
    1.919862177    1.919862177  -23.905133579   16.135645726  -16.728208055
    2.094395102    1.919862177  -22.563774370   -1.501738039  -17.529619865
    2.268928028    1.919862177  -24.578059086  -21.747982934  -18.880566280
    2.443460953    1.919862177  -30.119946964  -41.383139969  -20.733608941
    2.617993878    1.919862177  -38.796051599  -57.116324070  -22.656727209
    2.792526803    1.919862177  -49.657210536  -66.025348258  -24.058071009
    2.967059728    1.919862177  -61.334638503  -66.348824985  -24.439688586

   -3.141592654    2.094395102  -76.613554667  -56.935688203  -25.114412477
   -2.967059728    2.094395102  -85.300786988  -42.016361127  -23.377947479
   -2.792526803    2.094395102  -91.168515952  -25.283787620  -21.052681441
   -2.617993878    2.094395102  -94.242103365  -10.542486308  -18.508938921
   -2.443460953    2.094395102  -95.127331669   -0.529385022  -15.899774438
   -2.268928028    2.094395102  -94.776242624    3.558270241  -13.141704436
   -2.094395102    2.094395102  -94.203795707    2.235220629  -10.128334416
   -1.919862177    2.094395102  -94.188410028   -2.343466603   -6.971780583
   -1.745329252    2.094395102  -95.011388596   -6.761313328   -4.095671135
   -1.570796327    2.094395102  -96.327322749   -7.491671899   -2.049170886
   -1.396263402    2.094395102  -97.276183298   -2.406150002   -1.146373855
   -1.221730476    2.094395102  -96.833215539    8.144259252   -1.172119516
   -1.047197551    2.094395102  -94.243012721   21.658710428   -1.352718641
   -0.872664626    2.094395102  -89.277597075   34.839663433   -0.657293423
   -0.698131701    2.094395102  -82.232595747   45.200434492    1.742498079
   -0.523598776    2.094395102  -73.724534874   51.465922869    6.043575836
   -0.349065850    2.094395102  -64.517306160   53.135689146   11.650159464
   -0.174532925    2.094395102  -55.457316979   49.680482497   17.346302879
    0.000000000    2.094395102  -47.489748263   40.601406563   21.646773568
    0.174532925    2.094395102  -41.579710389   26.305556272   23.259528088
    0.349065850    2.094395102  -38.463886084    9.158886525   21.424352889
    0.523598776    2.094395102  -38.279841363   -6.455993961   16.160090863
    0.698131701    2.094395102  -40.314286735  -15.534781071    8.295436048
    0.872664626    2.094395102  -43.099832755  -14.770421813   -0.704800903
    1.047197551    2.094395102  -44.900919513   -4.635947588   -9.145877640
    1.221730476    2.094395102  -44.414330286   10.453378812  -15.629334899
    1.396263402    2.094395102  -41.327238023   24.112829624  -19.493610246
    1.570796327    2.094395102  -36.400518199   30.801756160  -20.958839036
    1.745329252    2.094395102  -31.130180685   27.915180813  -20.903344634
    1.919862177    2.094395102  -27.179124213   16.031013863  -20.412049757
    2.094395102    2.094395102  -25.901177959   -2.181800782  -20.350683751
    2.268928028    2.094395102  -28.099883057  -23.159714981  -21.099401981
    2.443460953    2.094395102  -33.933591662  -43.225434453  -22.550876948
    2.617993878    2.094395102  -42.927981936  -58.810026285  -24.224374537
    2.792526803    2.094395102  -54.026655417  -66.959555583  -25.504313561
    2.967059728    2.094395102  -65.770443741  -66.146505809  -25.871766042

   -3.141592654    2.268928028  -80.873227214  -55.733131263  -23.128988148
   -2.967059728    2.268928028  -89.274544070  -40.005591758  -21.642169200
   -2.792526803    2.268928028  -94.745992758  -22.817740399  -19.489477594
   -2.617993878    2.268928028  -97.371646076   -7.913370982  -16.957370031
   -2.443460953    2.268928028  -97.792493948    2.158973019  -14.287781493
   -2.268928028    2.268928028  -96.964708274    6.334057276  -11.612456386
   -2.094395102    2.268928028  -95.900065887    5.078820620   -9.006187495
   -1.919862177    2.268928028  -95.396281402    0.351001598   -6.579759294
   -1.745329252    2.268928028  -95.788559400   -4.591121861   -4.521727436
   -1.570796327    2.268928028  -96.794008318   -6.133888003   -2.990685664
   -1.396263402    2.268928028  -97.574126180   -1.780888937   -1.916996028
   -1.221730476    2.268928028  -97.047564649    8.602395946   -0.879374547
   -1.047197551    2.268928028  -94.329061733   22.812721164    0.810241207
   -0.872664626    2.268928028  -89.043719121   37.445992860    3.774512110
   -0.698131701    2.268928028  -81.396723372   49.473020421    8.202477261
   -0.523598776    2.268928028  -72.029907826   56.885407907   13.611106580
   -0.349065850    2.268928028  -61.855945532   58.570116999   18.918561328
   -0.174532925    2.268928028  -51.947295230   53.733233098   22.790413987
    0.000000000    2.268928028  -43.484835899   42.050397061   24.049041490
    0.174532925    2.268928028  -37.606064973   24.430999623   22.034549642
    0.349065850    2.268928028  -35.113945037    3.946734686   16.754252843
    0.523598776    2.268928028  -36.083926355  -14.287970259    8.893048678
    0.698131701    2.268928028  -39.621487186  -24.665623852   -0.319082780
    0.872664626    2.268928028  -43.997057376  -23.586550916   -9.368383263
    1.047197551    2.268928028  -47.199763557  -11.677179850  -16.825981981
    1.221730476    2.268928028  -47.718527450    6.048319155  -21.738950481
    1.396263402    2.268928028  -45.162817550   22.359112663  -23.897942204
    1.570796327    2.268928028  -40.360206624   30.968102803  -23.847117373
    1.745329252    2.268928028  -34.973524993   28.900467692  -22.600421245
    1.919862177    2.268928028  -30.855693510   16.822078891  -21.220955700
    2.094395102    2.268928028  -29.504270371   -2.174480764  -20.463626920
    2.268928028    2.268928028  -31.779909820  -24.017815304  -20.590111548
    2.443460953    2.268928028  -37.817223247  -44.612237845  -21.438845404
    2.617993878    2.268928028  -47.060317288  -60.171557938  -22.571836574
    2.792526803    2.268928028  -58.352947661  -67.738097928  -23.481285714
    2.967059728    2.268928028  -70.152145218  -65.971257511  -23.742788947

   -3.141592654    2.443460953  -84.478571313  -54.834590730  -17.700275118
   -2.967059728    2.443460953  -92.656034053  -38.361634478  -16.655518100
   -2.792526803    2.443460953  -97.785739401  -20.588193990  -14.936344643
   -2.617993878    2.443460953  -99.989292290   -5.355319965  -12.677406069
   -2.443460953    2.443460953  -99.954079908    4.783803381  -10.159019879
   -2.268928028    2.443460953  -98.676915100    8.826497982   -7.707812652
   -2.094395102    2.443460953  -97.198439783    7.307127882   -5.574971250
   -1.919862177    2.443460953  -96.334865512    2.230553942   -3.858600899
   -1.745329252    2.443460953  -96.431368422   -3.080043663   -2.482594512
   -1.570796327    2.443460953  -97.196604878   -4.855841021   -1.194900932
   -1.396263402    2.443460953  -97.748591608   -0.366841861    0.418502569
   -1.221730476    2.443460953  -96.923246027   10.712081668    2.856899226
   -1.047197551    2.443460953  -93.736511923   26.127595149    6.531078932
   -0.872664626    2.443460953  -87.753157919   42.105732317   11.487081692
   -0.698131701    2.443460953  -79.205847607   54.998584119   17.223482323
   -0.523598776    2.443460953  -68.872762160   62.220715573   22.692558200
   -0.349065850    2.443460953  -57.880697940   62.390188081   26.571809316
   -0.174532925    2.443460953  -47.525266756   54.869570278   27.685378520
    0.000000000    2.443460953  -39.150302885   39.859032112   25.370612855
    0.174532925    2.443460953  -33.946553580   18.952023221   19.678346543
    0.349065850    2.443460953  -32.650321596   -4.113532498   11.347602282
    0.523598776    2.443460953  -35.166545643  -23.709938149    1.623062483
    0.698131701    2.443460953  -40.360902514  -33.973367291   -8.000458434
    0.872664626    2.443460953  -46.246730066  -31.374553982  -16.110420315
    1.047197551    2.443460953  -50.599346156  -16.953845153  -21.704150345
    1.221730476    2.443460953  -51.791652019    3.597269982  -24.421942802
    1.396263402    2.443460953  -49.442754690   22.320491379  -24.593325578
    1.570796327    2.443460953  -44.502274162   32.414767990  -23.069250225
    1.745329252    2.443460953  -38.812985731   30.762525651  -20.880977247
    1.919862177    2.443460953  -34.398843742   18.254493017  -18.902182055
    2.094395102    2.443460953  -32.868611677   -1.574992622  -17.633492977
    2.268928028    2.443460953  -35.113272315  -24.225074349  -17.153975294
    2.443460953    2.443460953  -41.235772644  -45.310575784  -17.266865370
    2.617993878    2.443460953  -50.613442776  -60.944001563  -17.655985500
    2.792526803    2.443460953  -62.018272140  -68.198049339  -18.018145863
    2.967059728    2.443460953  -73.847615689  -65.829570053  -18.101931903

   -3.141592654    2.617993878  -86.884371143  -54.313811407   -9.539436127
   -2.967059728    2.617993878  -94.920932937  -37.246106580   -8.968711601
   -2.792526803    2.617993878  -99.797205799  -18.812457942   -7.794544067
   -2.617993878    2.617993878 -101.643859383   -3.092978584   -5.988762711
   -2.443460953    2.617993878 -101.196989024    7.164515917   -3.822776847
   -2.268928028    2.617993878  -99.522256388   10.942714773   -1.744574629
   -2.094395102    2.617993878  -97.714287198    8.950036894   -0.105599327
   -1.919862177    2.617993878  -96.601589513    3.475104358    1.061738070
   -1.745329252    2.617993878  -96.492236368   -1.894541987    2.105474567
   -1.570796327    2.617993878  -97.019249161   -3.224109981    3.624503030
   -1.396263402    2.617993878  -97.208696142    2.232964710    6.228891296
   -1.221730476    2.617993878  -95.817674058   14.633362207   10.286698236
   -1.047197551    2.617993878  -91.829599556   31.342092779   15.731155437
   -0.872664626    2.617993878  -84.858660107   48.069248263   21.944642308
   -0.698131701    2.617993878  -75.279269149   60.651956482   27.830092614
   -0.523598776    2.617993878  -64.082939990   66.236225381   32.041052353
   -0.349065850    2.617993878  -52.623695305   63.562600190   33.351776823
   -0.174532925    2.617993878  -42.367886254   52.495750573   31.020415687
    0.000000000    2.617993878  -34.720602066   33.959889516   25.016642122
    0.174532925    2.617993878  -30.804802235   10.270826893   16.047598923
    0.349065850    2.617993878  -31.175413362  -14.289601848    5.418685766
    0.523598776    2.617993878  -35.484972355  -33.817055019   -5.255927123
    0.698131701    2.617993878  -42.327170356  -42.521507057  -14.379099756
    0.872664626    2.617993878  -49.486563341  -37.292089029  -20.755258397
    1.047197551    2.617993878  -54.607216840  -19.832713127  -23.888509268
    1.221730476    2.617993878  -56.055434637    3.442623483  -24.063451667
    1.396263402    2.617993878  -53.555921470   24.037031219  -22.156735820
    1.570796327    2.617993878  -48.229965130   34.955320134  -19.275797310
    1.745329252    2.617993878  -42.094170745   33.226053297  -16.369002689
    1.919862177    2.617993878  -37.299572910   20.102317436  -14.007018535
    2.094395102    2.617993878  -35.513771205   -0.479076592  -12.357020178
    2.268928028    2.617993878  -37.623961871  -23.741167723  -11.297594394
    2.443460953    2.617993878  -43.697711569  -45.193903885  -10.625053922
    2.617993878    2.617993878  -53.071219779  -60.983221047  -10.187782556
    2.792526803    2.617993878  -64.484245360  -68.236718125   -9.919094539
    2.967059728    2.617993878  -76.307186542  -65.699095897   -9.758946896

   -3.141592654    2.792526803  -87.712913646  -54.097100848    0.126378326
   -2.967059728    2.792526803  -95.683034131  -36.644143796    0.335239238
   -2.792526803    2.792526803 -100.399956515  -17.573880211    0.994487741
   -2.617993878    2.792526803 -101.977674494   -1.296404299    2.258544403
   -2.443460953    2.792526803 -101.195880035    9.117169524    3.904521593
   -2.268928028    2.792526803  -99.201139375   12.589773162    5.471524085
   -2.094395102    2.792526803  -97.149425276   10.096055954    6.628111176
   -1.919862177    2.792526803  -95.864222531    4.385443690    7.473589341
   -1.745329252    2.792526803  -95.571396910   -0.578566500    8.591953930
   -1.570796327    2.792526803  -95.779314135   -0.776821850   10.784714687
   -1.396263402    2.792526803  -95.406007264    6.273299957   14.643958485
   -1.221730476    2.792526803  -93.171491830   20.206426952   20.197996311
   -1.047197551    2.792526803  -88.121826884   37.777047429   26.788553317
   -0.872664626    2.792526803  -80.033999346   54.208340472   33.189235817
   -0.698131701    2.792526803  -69.509751445   65.105701707   37.937476353
   -0.523598776    2.792526803  -57.777325975   67.748781088   39.720066687
   -0.349065850    2.792526803  -46.372823833   61.350893917   37.717241374
   -0.174532925    2.792526803  -36.840384402   46.470668984   31.794183007
    0.000000000    2.792526803  -30.535212719   24.769163613   22.538416408
    0.174532925    2.792526803  -28.411195131   -0.815458673   11.145914434
    0.349065850    2.792526803  -30.763588149  -25.626173542   -0.754868857
    0.523598776    2.792526803  -36.947728452  -43.692016553  -11.408329804
    0.698131701    2.792526803  -45.281906973  -49.559527362  -19.279561824
    0.872664626    2.792526803  -53.366895083  -40.819095569  -23.465904274
    1.047197551    2.792526803  -58.804662071  -20.040108034  -23.973333322
    1.221730476    2.792526803  -60.063512241    5.634681619  -21.667689272
    1.396263402    2.792526803  -57.062678892   27.392930073  -17.879410458
    1.570796327    2.792526803  -51.132239674   38.391297306  -13.875222628
    1.745329252    2.792526803  -44.441214034   36.098415205  -10.443615722
    1.919862177    2.792526803  -39.210220549   22.240679785   -7.811107672
    2.094395102    2.792526803  -37.106550695    1.069907762   -5.814411927
    2.268928028    2.792526803  -38.980958163  -22.553699164   -4.167641732
    2.443460953    2.792526803  -44.867587649  -44.228015572   -2.698807932
    2.617993878    2.792526803  -54.091427269  -60.246098458   -1.430482932
    2.792526803    2.792526803  -65.399816265  -67.793084825   -0.508384946
    2.967059728    2.792526803  -77.167359584  -65.498524211   -0.031442182

   -3.141592654    2.967059728  -86.824196403  -54.018762275    9.896899159
   -2.967059728    2.967059728  -94.775078454  -36.424653236    9.930831086
   -2.792526803    2.967059728  -99.412922023  -16.853815103   10.193624023
   -2.617993878    2.967059728 -100.817646991   -0.069763804   10.913423538
   -2.443460953    2.967059728  -99.801268483   10.495623843   11.946373701
   -2.268928028    2.967059728  -97.583849727   13.708829313   12.925335129
   -2.094395102    2.967059728  -95.368970170   10.873727158   13.649561950
   -1.919862177    2.967059728  -93.948302451    5.276313643   14.384758027
   -1.745329252    2.967059728  -93.431393502    1.245428592   15.861249018
   -1.570796327    2.967059728  -93.182800162    2.719201775   18.894680153
   -1.396263402    2.967059728  -92.034102510   11.633710046   23.856857426
   -1.221730476    2.967059728  -88.739505767   26.841337245   30.320918216
   -1.047197551    2.967059728  -82.509784127   44.419858795   37.078552733
   -0.872664626    2.967059728  -73.375007848   59.301121018   42.499188178
   -0.698131701    2.967059728  -62.202095139   67.243281837   45.056365018
   -0.523598776    2.967059728  -50.423731629   66.049576918   43.757910206
   -0.349065850    2.967059728  -39.669633081   55.634466383   38.363926701
   -0.174532925    2.967059728  -31.452376697   37.265813367   29.358491065
    0.000000000    2.967059728  -26.980042857   13.198405166   17.809213049
    0.174532925    2.967059728  -26.971351833  -13.196657211    5.177038673
    0.349065850    2.967059728  -31.427711382  -37.061991521   -6.837386913
    0.523598776    2.967059728  -39.401795691  -52.521429728  -16.553409679
    0.698131701    2.967059728  -48.960524097  -54.631774296  -22.647316277
    0.872664626    2.967059728  -57.576292118  -41.866032272  -24.555990667
    1.047197551    2.967059728  -62.891308624  -17.771682978  -22.719313579
    1.221730476    2.967059728  -63.564730892    9.828958081  -18.426466550
    1.396263402    2.967059728  -59.774487186   32.034714383  -13.274837720
    1.570796327    2.967059728  -53.075187005   42.459813714   -8.543769912
    1.745329252    2.967059728  -45.754790522   39.246195925   -4.799066792
    1.919862177    2.967059728  -40.044407693   24.646815210   -1.942268563
    2.094395102    2.967059728  -37.558744503    3.104982758    0.449529868
    2.268928028    2.967059728  -39.089775732  -20.631478148    2.748464097
    2.443460953    2.967059728  -44.647887544  -42.409286932    5.046218927
    2.617993878    2.967059728  -53.576955625  -58.734076458    7.149954797
    2.792526803    2.967059728  -64.664993936  -66.822679608    8.747346193
    2.967059728    2.967059728  -76.314033675  -65.107848117    9.632451269
