#! FIELDS phi psi file.free der_phi der_psi
#! SET min_phi -pi
#! SET max_phi pi
#! SET nbins_phi  36
#! SET periodic_phi true
#! SET min_psi -pi
#! SET max_psi pi
#! SET nbins_psi  36
#! SET periodic_psi true
   -3.141592654   -3.141592654  -60.352227099  -56.437852595   18.872656827
   -2.967059728   -3.141592654  -68.882528892  -40.278423186   20.300230040
   -2.792526803   -3.141592654  -74.171141737  -20.146622669   21.036172594
   -2.617993878   -3.141592654  -76.002299940   -1.540621280   21.268310496
   -2.443460953   -3.141592654  -75.064739276   11.028384002   21.158822201
   -2.268928028   -3.141592654  -72.615612781   15.755391497   20.903424879
   -2.094395102   -3.141592654  -69.942261286   14.079119036   20.885417884
   -1.919862177   -3.141592654  -67.848942606    9.871016639   21.708345380
   -1.745329252   -3.141592654  -66.375098476    7.694303976   23.955727149
   -1.570796327   -3.141592654  -64.847888798   10.815477348   27.771537718
   -1.396263402   -3.141592654  -62.248290005   19.808851374   32.553242252
   -1.221730476   -3.141592654  -57.720457259   32.305092470   37.032119922
   -1.047197551   -3.141592654  -51.000485417   44.146696993   39.753801255
   -0.872664626   -3.141592654  -42.569626302   51.346767731   39.676554963
   -0.698131701   -3.141592654  -33.469122185   51.649331352   36.553112824
   -0.523598776   -3.141592654  -24.935731123   44.992103567   30.880348761
   -0.349065850   -3.141592654  -18.070954837   32.854804150   23.550387396
   -0.174532925   -3.141592654  -13.666612563   17.089653530   15.418306559
    0.000000000   -3.141592654  -12.206820693   -0.593824846    7.097755422
    0.174532925   -3.141592654  -13.873283965  -18.377315588   -0.985822263
    0.349065850   -3.141592654  -18.461706766  -33.559520564   -8.356189906
    0.523598776   -3.141592654  -25.206104398  -42.422051020  -14.334850480
    0.698131701   -3.141592654  -32.681393207  -41.488351786  -18.126845242
    0.872664626   -3.141592654  -39.025047059  -29.533355583  -19.148687546
    1.047197551   -3.141592654  -42.484933088   -9.170779918  -17.411425595
    1.221730476   -3.141592654  -42.083289547   13.553189002  -13.649735311
    1.396263402   -3.141592654  -38.028560996   31.628909452   -9.046724193
    1.570796327   -3.141592654  -31.616406617   40.017324019   -4.740239973
    1.745329252   -3.141592654  -24.716713853   37.284910290   -1.370561294
    1.919862177   -3.141592654  -19.150779078   25.215015274    1.058515187
    2.094395102   -3.141592654  -16.267304884    7.135543047    3.001006528
    2.268928028   -3.141592654  -16.814359115  -13.577079231    5.033781974
    2.443460953   -3.141592654  -20.990462867  -33.980474261    7.542075510
    2.617993878   -3.141592654  -28.493723280  -51.207794238   10.550305059
    2.792526803   -3.141592654  -38.501317875  -62.213121408   13.743718880
    2.967059728   -3.141592654  -49.678703039  -64.320244387   16.645348707

   -3.141592654   -2.967059728  -56.460305220  -54.299075249   25.220346112
   -2.967059728   -2.967059728  -64.703665560  -39.117260490   27.047443766
   -2.792526803   -2.967059728  -69.864702348  -19.808143945   27.759039495
   -2.617993878   -2.967059728  -71.691098428   -1.781525176   27.586813513
   -2.443460953   -2.967059728  -70.826263217   10.487770968   26.886833803
   -2.268928028   -2.967059728  -68.470421708   15.305194287   26.110028087
   -2.094395102   -2.967059728  -65.827732706   14.283014842   25.812561473
   -1.919862177   -2.967059728  -63.596741668   11.333562592   26.581690505
   -1.745329252   -2.967059728  -61.731847589   10.717430185   28.789457797
   -1.570796327   -2.967059728  -59.560889474   15.046636516   32.279426033
   -1.396263402   -2.967059728  -56.191604648   24.174289098   36.219453843
   -1.221730476   -2.967059728  -50.996478079   35.353375257   39.298649928
   -1.047197551   -2.967059728  -43.954266333   44.644393856   40.231164368
   -0.872664626   -2.967059728  -35.703161567   48.783566782   38.284742786
   -0.698131701   -2.967059728  -27.298828002   46.346892872   33.538410090
   -0.523598776   -2.967059728  -19.868642581   37.825754826   26.721553810
   -0.349065850   -2.967059728  -14.346898852   24.783780880   18.821818986
   -0.174532925   -2.967059728  -11.375879004    8.837251311   10.669837851
    0.000000000   -2.967059728  -11.338945420   -8.586446906    2.796068574
    0.174532925   -2.967059728  -14.351715883  -25.742527361   -4.464228563
    0.349065850   -2.967059728  -20.134805289  -39.775008306  -10.721198368
    0.523598776   -2.967059728  -27.811989767  -46.766050605  -15.392344951
    0.698131701   -2.967059728  -35.831075604  -43.277547165  -17.826660685
    0.872664626   -2.967059728  -42.242907173  -28.528811810  -17.624914042
    1.047197551   -2.967059728  -45.313299603   -5.842166174  -14.979040031
    1.221730476   -2.967059728  -44.204183818   18.132335025  -10.735598616
    1.396263402   -2.967059728  -39.332449250   36.228388178   -6.071605810
    1.570796327   -2.967059728  -32.183389780   43.772740971   -1.999032122
    1.745329252   -2.967059728  -24.722008469   39.987470111    1.039478564
    1.919862177   -2.967059728  -18.752026513   27.236959597    3.239112802
    2.094395102   -2.967059728  -15.529188045    9.109412269    5.192042698
    2.268928028   -2.967059728  -15.694871663  -11.115813619    7.525852459
    2.443460953   -2.967059728  -19.381304920  -30.834753178   10.604661185
    2.617993878   -2.967059728  -26.287838089  -47.583245643   14.389449181
    2.792526803   -2.967059728  -35.655134990  -58.604282346   18.475206919
    2.967059728   -2.967059728  -46.243376261  -61.269829187   22.265320291

   -3.141592654   -2.792526803  -51.725307382  -51.686403061   28.473737162
   -2.967059728   -2.792526803  -59.627419399  -37.822110057   30.514155231
   -2.792526803   -2.792526803  -64.670506535  -19.705583734   31.132868260
   -2.617993878   -2.792526803  -66.557558009   -2.502607642   30.613005830
   -2.443460953   -2.792526803  -65.853759847    9.457341323   29.491725590
   -2.268928028   -2.792526803  -63.661568475   14.561716810   28.428006455
   -2.094395102   -2.792526803  -61.079350522   14.426433519   28.061867379
   -1.919862177   -2.792526803  -58.712855125   12.786754592   28.853448289
   -1.745329252   -2.792526803  -56.476459572   13.472428683   30.881899402
   -1.570796327   -2.792526803  -53.751620201   18.487202472   33.696689137
   -1.396263402   -2.792526803  -49.802916551   27.161404699   36.354319077
   -1.221730476   -2.792526803  -44.220724480   36.615518170   37.696225748
   -1.047197551   -2.792526803  -37.178991624   43.293995360   36.792129517
   -0.872664626   -2.792526803  -29.409283377   44.667382100   33.307730521
   -0.698131701   -2.792526803  -21.928002982   40.024845817   27.598595863
   -0.523598776   -2.792526803  -15.726235325   30.243279572   20.471161589
   -0.349065850   -2.792526803  -11.571203474   16.839201765   12.827687462
   -0.174532925   -2.792526803   -9.971939555    1.145188730    5.351697390
    0.000000000   -2.792526803  -11.229361570  -15.678630631   -1.541615428
    0.174532925   -2.792526803  -15.406619432  -31.936071117   -7.578073487
    0.349065850   -2.792526803  -22.161908464  -44.627412001  -12.426360785
    0.523598776   -2.792526803  -30.527352057  -49.699332992  -15.621841989
    0.698131701   -2.792526803  -38.854409837  -43.811439513  -16.721370998
    0.872664626   -2.792526803  -45.144203073  -26.629502705  -15.562847937
    1.047197551   -2.792526803  -47.710159011   -2.101481341  -12.497588538
    1.221730476   -2.792526803  -45.863176459   22.660855126   -8.370523955
    1.396263402   -2.792526803  -40.213172697   40.465548832   -4.194719031
    1.570796327   -2.792526803  -32.401762270   47.071313884   -0.732485026
    1.745329252   -2.792526803  -24.451519641   42.340154423    1.803070639
    1.919862177   -2.792526803  -18.119238346   29.143602035    3.745443337
    2.094395102   -2.792526803  -14.553217171   11.240646693    5.718341054
    2.268928028   -2.792526803  -14.288128352   -8.255036565    8.303361450
    2.443460953   -2.792526803  -17.398342359  -27.108262349   11.792496950
    2.617993878   -2.792526803  -23.595386642  -43.259677617   16.085743182
    2.792526803   -2.792526803  -32.195267086  -54.250473200   20.730787617
    2.967059728   -2.792526803  -42.068104646  -57.536360819   25.073204019

   -3.141592654   -2.617993878  -46.694445419  -48.837287597   28.660286090
   -2.967059728   -2.617993878  -54.233213820  -36.521730309   30.747032708
   -2.792526803   -2.617993878  -59.179619696  -19.843474490   31.219784512
   -2.617993878   -2.617993878  -61.183012549   -3.591652967   30.409624523
   -2.443460953   -2.617993878  -60.701359587    8.126985306   29.001132515
   -2.268928028   -2.617993878  -58.708377985   13.719260969   27.798651825
   -2.094395102   -2.617993878  -56.188778743   14.616914606   27.452842368
   -1.919862177   -2.617993878  -53.683162093   14.181676201   28.244988175
   -1.745329252   -2.617993878  -51.117893604   15.750315983   29.964326766
   -1.570796327   -2.617993878  -47.973995540   20.851325989   31.935819722
   -1.396263402   -2.617993878  -43.682130933   28.555291642   33.217820663
   -1.221730476   -2.617993878  -38.013138482   36.097470567   32.913075115
   -1.047197551   -2.617993878  -31.267666608   40.401874333   30.499889473
   -0.872664626   -2.617993878  -24.202524424   39.575948489   26.010566178
   -0.698131701   -2.617993878  -17.755146145   33.409935890   19.974682805
   -0.523598776   -2.617993878  -12.778455768   22.966035674   13.151324510
   -0.349065850   -2.617993878   -9.897093327    9.623819938    6.262923150
   -0.174532925   -2.617993878   -9.516263342   -5.537455616   -0.182558535
    0.000000000   -2.617993878  -11.872673124  -21.545595156   -5.856560573
    0.174532925   -2.617993878  -16.983531770  -36.715157569  -10.499552756
    0.349065850   -2.617993878  -24.452634681  -47.952836571  -13.818184956
    0.523598776   -2.617993878  -33.243212267  -51.183920499  -15.493163855
    0.698131701   -2.617993878  -41.651431320  -43.240605716  -15.340763204
    0.872664626   -2.617993878  -47.673430957  -24.192205639  -13.467805477
    1.047197551   -2.617993878  -49.696075824    1.552827512  -10.357786532
    1.221730476   -2.617993878  -47.171127723   26.625457801   -6.766748850
    1.396263402   -2.617993878  -40.862930116   43.939105734   -3.438330902
    1.570796327   -2.617993878  -32.518796044   49.686476814   -0.815370851
    1.745329252   -2.617993878  -24.178097338   44.266094378    1.119118474
    1.919862177   -2.617993878  -17.531690230   30.921873396    2.776459955
    2.094395102   -2.617993878  -13.622458410   13.485034282    4.728628401
    2.268928028   -2.617993878  -12.892452722   -5.131804602    7.447199308
    2.443460953   -2.617993878  -15.373164335  -23.043481789   11.129900514
    2.617993878   -2.617993878  -20.797652722  -38.556366822   15.633944190
    2.792526803   -2.617993878  -28.561804141  -49.496461136   20.503457270
    2.967059728   -2.617993878  -37.651275854  -53.434415329   25.076745815

   -3.141592654   -2.443460953  -41.878860429  -45.961666882   26.074633048
   -2.967059728   -2.443460953  -49.058826302  -35.309563029   28.074851971
   -2.792526803   -2.443460953  -53.935525702  -20.196881126   28.401773728
   -2.617993878   -2.443460953  -56.098395292   -4.938541660   27.403403855
   -2.443460953   -2.443460953  -55.877883275    6.627449419   25.841102512
   -2.268928028   -2.443460953  -54.100446090   12.856598137   24.581896171
   -2.094395102   -2.443460953  -51.640095477   14.835120846   24.236107862
   -1.919862177   -2.443460953  -49.003376095   15.411200310   24.919049683
   -1.745329252   -2.443460953  -46.173440707   17.426737094   26.208957999
   -1.570796327   -2.443460953  -42.760990707   22.100413894   27.315668129
   -1.396263402   -2.443460953  -38.354556371   28.492814590   27.384061532
   -1.221730476   -2.443460953  -32.856874534   34.144384270   25.797677484
   -1.047197551   -2.443460953  -26.627501951   36.480041255   22.387617953
   -0.872664626   -2.443460953  -20.392867879   34.091351875   17.449028799
   -0.698131701   -2.443460953  -14.990627619   27.044625242   11.579370912
   -0.523598776   -2.443460953  -11.150489517   16.418193129    5.425886808
   -0.349065850   -2.443460953   -9.387958999    3.423020385   -0.479269909
   -0.174532925   -2.443460953  -10.032733630  -11.036270243   -5.770577008
    0.000000000   -2.443460953  -13.268669385  -26.079507425  -10.166367665
    0.174532925   -2.443460953  -19.067293365  -40.015377693  -13.405157628
    0.349065850   -2.443460953  -26.985215667  -49.746604711  -15.246866161
    0.523598776   -2.443460953  -35.944863079  -51.312401392  -15.548874126
    0.698131701   -2.443460953  -44.234062815  -41.779188019  -14.395879604
    0.872664626   -2.443460953  -49.889182707  -21.530452603  -12.128201266
    1.047197551   -2.443460953  -51.388054892    4.779160361   -9.285765185
    1.221730476   -2.443460953  -48.300683109   29.743866787   -6.452447799
    1.396263402   -2.443460953  -41.493771329   46.485868155   -4.053957164
    1.570796327   -2.443460953  -32.764061908   51.575945656   -2.222674264
    1.745329252   -2.443460953  -24.131816583   45.789581278   -0.773356707
    1.919862177   -2.443460953  -17.215249383   32.582228142    0.697555205
    2.094395102   -2.443460953  -12.967378882   15.770871599    2.635145943
    2.268928028   -2.443460953  -11.760461922   -1.929533986    5.362781626
    2.443460953   -2.443460953  -13.599465108  -18.922648465    8.989402419
    2.617993878   -2.443460953  -18.243408698  -33.813060639   13.368201917
    2.792526803   -2.443460953  -25.164046123  -44.687319804   18.096392849
    2.967059728   -2.443460953  -33.459044297  -49.263188613   22.563390336

   -3.141592654   -2.268928028  -37.725469075  -43.258184749   21.130451301
   -2.967059728   -2.268928028  -44.572324740  -34.227873447   22.921288701
   -2.792526803   -2.268928028  -49.400694274  -20.667217784   23.158392281
   -2.617993878   -2.268928028  -51.741549423   -6.375814836   22.153681368
   -2.443460953   -2.268928028  -51.793399928    5.092432536   20.635964569
   -2.268928028   -2.268928028  -50.233742204   11.993586388   19.422567571
   -2.094395102   -2.268928028  -47.837047664   14.977893489   19.032950297
   -1.919862177   -2.268928028  -45.101043692   16.323757133   19.459668644
   -1.745329252   -2.268928028  -42.092551488   18.423160529   20.186108732
   -1.570796327   -2.268928028  -38.561308748   22.333316896   20.431234608
   -1.396263402   -2.268928028  -34.232964090   27.284669356   19.490622105
   -1.221730476   -2.268928028  -29.095164183   31.227522098   17.004576922
   -1.047197551   -2.268928028  -23.513122303   32.052447851   13.062748011
   -0.872664626   -2.268928028  -18.147033281   28.679876979    8.112767475
   -0.698131701   -2.268928028  -13.730024549   21.271603547    2.745290759
   -0.523598776   -2.268928028  -10.889695523   10.812341743   -2.516802388
   -0.349065850   -2.268928028  -10.062961037   -1.644446473   -7.299775828
   -0.174532925   -2.268928028  -11.525062486  -15.288639427  -11.341791908
    0.000000000   -2.268928028  -15.414118350  -29.266097978  -14.405597155
    0.174532925   -2.268928028  -21.658410610  -41.900968820  -16.270070981
    0.349065850   -2.268928028  -29.781344545  -50.194272192  -16.808086819
    0.523598776   -2.268928028  -38.698016879  -50.401213264  -16.081775595
    0.698131701   -2.268928028  -46.731436748  -39.824306858  -14.396317947
    0.872664626   -2.268928028  -51.989610830  -19.019303486  -12.205289607
    1.047197551   -2.268928028  -53.039562419    7.334691049   -9.961585616
    1.221730476   -2.268928028  -49.531111370   31.968125461   -7.978108063
    1.396263402   -2.268928028  -42.376727419   48.240320510   -6.354852302
    1.570796327   -2.268928028  -33.374593156   52.978204700   -4.993902537
    1.745329252   -2.268928028  -24.506817296   47.145668042   -3.668691344
    1.919862177   -2.268928028  -17.330469113   34.261033377   -2.104720937
    2.094395102   -2.268928028  -12.737769307   18.080083815   -0.064385012
    2.268928028   -2.268928028  -11.059400071    1.172593289    2.601211944
    2.443460953   -2.268928028  -12.287622284  -15.052554227    5.932121534
    2.617993878   -2.268928028  -16.203807322  -29.407698263    9.827171119
    2.792526803   -2.268928028  -22.340531973  -40.206331327   14.003779795
    2.967059728   -2.268928028  -29.892280487  -45.343896797   17.977511183

   -3.141592654   -2.094395102  -34.599062255  -40.945119745   14.412063555
   -2.967059728   -2.094395102  -41.159259552  -33.292449602   15.883211162
   -2.792526803   -2.094395102  -45.946320279  -21.083979566   16.137468270
   -2.617993878   -2.094395102  -48.444231135   -7.643848403   15.392548466
   -2.443460953   -2.094395102  -48.736597916    3.733349280   14.213710680
   -2.268928028   -2.094395102  -47.372427542   11.189854064   13.230736221
   -2.094395102   -2.094395102  -45.048183781   14.942904437   12.803232804
   -1.919862177   -2.094395102  -42.270745211   16.744316390   12.836079164
   -1.745329252   -2.094395102  -39.196911377   18.625910401   12.830774830
   -1.570796327   -2.094395102  -35.703073923   21.600110191   12.135796052
   -1.396263402   -2.094395102  -31.620318901   25.164482208   10.258427502
   -1.221730476   -2.094395102  -26.978331223   27.701049018    7.076403849
   -1.047197551   -2.094395102  -22.109799947   27.493727494    2.865201663
   -0.872664626   -2.094395102  -17.589119668   23.657784235   -1.846637916
   -0.698131701   -2.094395102  -14.049360396   16.326117808   -6.503959011
   -0.523598776   -2.094395102  -12.036398748    6.328510577  -10.688136887
   -0.349065850   -2.094395102  -11.933159435   -5.418186606  -14.149799892
   -0.174532925   -2.094395102  -13.977727862  -18.155129916  -16.728647844
    0.000000000   -2.094395102  -18.274587385  -31.041447346  -18.291466247
    0.174532925   -2.094395102  -24.724084020  -42.468353890  -18.760468907
    0.349065850   -2.094395102  -32.843659868  -49.610509073  -18.210868272
    0.523598776   -2.094395102  -41.578015049  -48.956297031  -16.920439049
    0.698131701   -2.094395102  -49.315480201  -37.949834936  -15.313432230
    0.872664626   -2.094395102  -54.239949504  -17.124928157  -13.773809219
    1.047197551   -2.094395102  -54.976531407    9.008183795  -12.483639387
    1.221730476   -2.094395102  -51.198504556   33.391976711  -11.382951240
    1.396263402   -2.094395102  -43.808748045   49.539429149  -10.266209881
    1.570796327   -2.094395102  -34.576943458   54.337707619   -8.924690457
    1.745329252   -2.094395102  -25.453560391   48.739445230   -7.247489016
    1.919862177   -2.094395102  -17.968789901   36.215709272   -5.221529082
    2.094395102   -2.094395102  -12.997139013   20.471994015   -2.892702703
    2.268928028   -2.094395102  -10.859864322    4.038237522   -0.304559780
    2.443460953   -2.094395102  -11.546603028  -11.727728187    2.535469739
    2.617993878   -2.094395102  -14.849068625  -25.735660792    5.615590852
    2.792526803   -2.094395102  -20.334087924  -36.477025150    8.834742184
    2.967059728   -2.094395102  -27.263855122  -42.041561014   11.915029572

   -3.141592654   -1.919862177  -32.741820336  -39.224115610    6.735851533
   -2.967059728   -1.919862177  -39.079053835  -32.492736682    7.800218505
   -2.792526803   -1.919862177  -43.811199276  -21.229804110    8.186328104
   -2.617993878   -1.919862177  -46.395723851   -8.415100465    7.976054747
   -2.443460953   -1.919862177  -46.840592238    2.841787914    7.455339962
   -2.268928028   -1.919862177  -45.611113885   10.581838001    6.934211717
   -2.094395102   -1.919862177  -43.360784588   14.681855426    6.531720344
   -1.919862177   -1.919862177  -40.619896509   16.507957110    6.072337422
   -1.745329252   -1.919862177  -37.624478156   17.869256581    5.154655954
   -1.570796327   -1.919862177  -34.345935169   19.828255632    3.353637219
   -1.396263402   -1.919862177  -30.678277627   22.180396034    0.450824156
   -1.221730476   -1.919862177  -26.651382435   23.698825161   -3.429088707
   -1.047197551   -1.919862177  -22.535804975   22.967986083   -7.848276306
   -0.872664626   -1.919862177  -18.808529817   19.189519920  -12.217457887
   -0.698131701   -1.919862177  -16.008573058   12.385649742  -16.010250527
   -0.523598776   -1.919862177  -14.616006972    3.189656458  -18.887835458
   -0.349065850   -1.919862177  -14.980282491   -7.623088882  -20.718084113
   -0.174532925   -1.919862177  -17.323348785  -19.362397035  -21.488212421
    0.000000000   -1.919862177  -21.742831768  -31.242865280  -21.272669928
    0.174532925   -1.919862177  -28.146983835  -41.780405345  -20.260116706
    0.349065850   -1.919862177  -36.089882187  -48.334589426  -18.805321092
    0.523598776   -1.919862177  -44.582228784  -47.531648362  -17.380260911
    0.698131701   -1.919862177  -52.087656980  -36.761756911  -16.402104113
    0.872664626   -1.919862177  -56.837598858  -16.310159525  -16.004878783
    1.047197551   -1.919862177  -57.453735286    9.620201768  -15.947777864
    1.221730476   -1.919862177  -53.561375928   34.146500227  -15.736072703
    1.396263402   -1.919862177  -46.003825737   50.741614643  -14.901604609
    1.570796327   -1.919862177  -36.513001349   56.097261239  -13.236424903
    1.745329252   -1.919862177  -27.039524471   50.961044654  -10.868187820
    1.919862177   -1.919862177  -19.141075295   38.694648818   -8.133872015
    2.094395102   -1.919862177  -13.728142764   23.020305410   -5.402255948
    2.268928028   -1.919862177  -11.146622206    6.573274237   -2.910914766
    2.443460953   -1.919862177  -11.390480373   -9.183673692   -0.700724697
    2.617993878   -1.919862177  -14.244084283  -23.135399092    1.325022369
    2.792526803   -1.919862177  -19.273583890  -33.882411786    3.277410975
    2.967059728   -1.919862177  -25.767283600  -39.698093566    5.142303717

   -3.141592654   -1.745329252  -32.224481208  -38.226553322   -0.731706132
   -2.967059728   -1.745329252  -38.412993148  -31.811232708   -0.089624044
   -2.792526803   -1.745329252  -43.059561458  -20.931116363    0.514572444
   -2.617993878   -1.745329252  -45.620628908   -8.424948507    1.008111795
   -2.443460953   -1.745329252  -46.083708714    2.664534185    1.333383878
   -2.268928028   -1.745329252  -44.894021294   10.301431249    1.404564265
   -2.094395102   -1.745329252  -42.709289647   14.175124301    1.051170460
   -1.919862177   -1.745329252  -40.097530409   15.477513712    0.017627609
   -1.745329252   -1.745329252  -37.353101216   15.973411482   -1.959020841
   -1.570796327   -1.745329252  -34.497471886   16.866144911   -5.022609920
   -1.396263402   -1.745329252  -31.435570709   18.244486043   -9.075583429
   -1.221730476   -1.745329252  -28.152588162   19.198736711  -13.727312371
   -1.047197551   -1.745329252  -24.828066122   18.512137672  -18.369221204
   -0.872664626   -1.745329252  -21.830128157   15.378767791  -22.339491117
   -0.698131701   -1.745329252  -19.606945351    9.642705063  -25.120866129
   -0.523598776   -1.745329252  -18.585445858    1.687998785  -26.444815153
   -0.349065850   -1.745329252  -19.103656496   -7.901478282  -26.320445989
   -0.174532925   -1.745329252  -21.399270639  -18.576040476  -24.954888759
    0.000000000   -1.745329252  -25.608445585  -29.676624863  -22.729413688
    0.174532925   -1.745329252  -31.702146255  -39.873144383  -20.181584143
    0.349065850   -1.745329252  -39.322621236  -46.639400164  -17.962773749
    0.523598776   -1.745329252  -47.575545145  -46.546733197  -16.674581293
    0.698131701   -1.745329252  -54.988127150  -36.676475376  -16.611097792
    0.872664626   -1.745329252  -59.784792974  -16.851469591  -17.547753761
    1.047197551   -1.745329252  -60.504040069    9.099719759  -18.774581340
    1.221730476   -1.745329252  -56.648206926   34.342553595  -19.389370472
    1.396263402   -1.745329252  -48.961097243   52.055791093  -18.734060709
    1.570796327   -1.745329252  -39.143970434   58.468416515  -16.673044905
    1.745329252   -1.745329252  -29.193827703   53.959170748  -13.608451045
    1.919862177   -1.745329252  -20.757929922   41.760774163  -10.221198134
    2.094395102   -1.745329252  -14.837438291   25.710314200   -7.171123782
    2.268928028   -1.745329252  -11.834620474    8.699912184   -4.859708528
    2.443460953   -1.745329252  -11.752866471   -7.555521173   -3.353133905
    2.617993878   -1.745329252  -14.351008012  -21.798030400   -2.459198127
    2.792526803   -1.745329252  -19.158308688  -32.651865975   -1.871180807
    2.967059728   -1.745329252  -25.441847374  -38.530689222   -1.333629646

   -3.141592654   -1.570796327  -32.894965978  -37.932756610   -6.635833194
   -2.967059728   -1.570796327  -39.004305930  -31.210924464   -6.359448428
   -2.792526803   -1.570796327  -43.526233020  -20.129352838   -5.547377266
   -2.617993878   -1.570796327  -45.942952834   -7.612372136   -4.420043855
   -2.443460953   -1.570796327  -46.281334178    3.234434223   -3.362990483
   -2.268928028   -1.570796327  -45.035000414   10.330845350   -2.833302241
   -2.094395102   -1.570796327  -42.915243027   13.354057205   -3.262713192
   -1.919862177   -1.570796327  -40.540269128   13.553260743   -4.963467507
   -1.745329252   -1.570796327  -38.237456438   12.835681661   -8.050031470
   -1.570796327   -1.570796327  -36.028764637   12.631905573  -12.387917504
   -1.396263402   -1.570796327  -33.774746879   13.309036593  -17.570733108
   -1.221730476   -1.570796327  -31.369239539   14.196500006  -22.944876069
   -1.047197551   -1.570796327  -28.869923552   14.178332306  -27.722486515
   -0.872664626   -1.570796327  -26.521953948   12.351204345  -31.156417376
   -0.698131701   -1.570796327  -24.683414019    8.303954296  -32.735126654
   -0.523598776   -1.570796327  -23.741789811    2.090730808  -32.284144794
   -0.349065850   -1.570796327  -24.052506788   -5.984943160  -30.005555247
   -0.174532925   -1.570796327  -25.913548264  -15.605465932  -26.392874891
    0.000000000   -1.570796327  -29.557927968  -26.293082811  -22.174826024
    0.174532925   -1.570796327  -35.080661167  -36.843825795  -18.222876642
    0.349065850   -1.570796327  -42.258575598  -44.705634728  -15.405590295
    0.523598776   -1.570796327  -50.305977579  -46.162287357  -14.343981829
    0.698131701   -1.570796327  -57.784627501  -37.749184990  -15.129807406
    0.872664626   -1.570796327  -62.847971836  -18.682688975  -17.183730624
    1.047197551   -1.570796327  -63.875667171    7.574922204  -19.421816811
    1.221730476   -1.570796327  -60.186363573   34.075076074  -20.672171816
    1.396263402   -1.570796327  -52.400021283   53.469411458  -20.194061150
    1.570796327   -1.570796327  -42.202522174   61.315281788  -17.947733317
    1.745329252   -1.570796327  -31.680780501   57.518034886  -14.543870321
    1.919862177   -1.570796327  -22.623081760   45.191270630  -10.891307232
    2.094395102   -1.570796327  -16.163284448   28.377957483   -7.826737622
    2.268928028   -1.570796327  -12.783223054   10.341955396   -5.846707901
    2.443460953   -1.570796327  -12.499505995   -6.844721403   -5.035220063
    2.617993878   -1.570796327  -15.032030008  -21.689294444   -5.146725992
    2.792526803   -1.570796327  -19.844086213  -32.751576287   -5.745584015
    2.967059728   -1.570796327  -26.138708781  -38.518110110   -6.367153484

   -3.141592654   -1.396263402  -34.371034284  -38.180381715   -9.831917818
   -2.967059728   -1.396263402  -40.455430367  -30.681149056   -9.817473354
   -2.792526803   -1.396263402  -44.825477182  -18.967244577   -8.930876002
   -2.617993878   -1.396263402  -47.012817417   -6.235557790   -7.510095248
   -2.443460953   -1.396263402  -47.133737675    4.248576144   -6.172569304
   -2.268928028   -1.396263402  -45.785039260   10.404060491   -5.615707487
   -2.094395102   -1.396263402  -43.767941406   12.052858236   -6.414646140
   -1.919862177   -1.396263402  -41.755620972   10.692329447   -8.876206596
   -1.745329252   -1.396263402  -40.082830102    8.519076806  -12.974266182
   -1.570796327   -1.396263402  -38.727564318    7.257543691  -18.352725520
   -1.396263402   -1.396263402  -37.457063472    7.541676721  -24.363005827
   -1.221730476   -1.396263402  -36.031505865    8.880322791  -30.137348581
   -1.047197551   -1.396263402  -34.357067895   10.173730998  -34.733708463
   -0.872664626   -1.396263402  -32.542236734   10.326863797  -37.339537283
   -0.698131701   -1.396263402  -30.858576849    8.573169755  -37.485364439
   -0.523598776   -1.396263402  -29.675371319    4.531542600  -35.151144107
   -0.349065850   -1.396263402  -29.404433669   -1.870449366  -30.792206119
   -0.174532925   -1.396263402  -30.456995767  -10.604593815  -25.213730562
    0.000000000   -1.396263402  -33.220398243  -21.364799590  -19.439626528
    0.174532925   -1.396263402  -37.961985446  -32.974389947  -14.542826745
    0.349065850   -1.396263402  -44.616902982  -42.683351481  -11.433792303
    0.523598776   -1.396263402  -52.499234552  -46.292579249  -10.609527101
    0.698131701   -1.396263402  -60.166251738  -39.655591466  -11.923611004
    0.872664626   -1.396263402  -65.646592456  -21.357536396  -14.547720942
    1.047197551   -1.396263402  -67.113078892    5.426245239  -17.235132931
    1.221730476   -1.396263402  -63.672481369   33.490068104  -18.769785118
    1.396263402   -1.396263402  -55.818238479   54.823930915  -18.465745997
    1.570796327   -1.396263402  -45.237388522   64.229694072  -16.374128852
    1.745329252   -1.396263402  -34.132054007   61.123342429  -13.180761482
    1.919862177   -1.396263402  -24.455244660   48.529058488   -9.831637285
    2.094395102   -1.396263402  -17.489810558   30.745539036   -7.168473227
    2.268928028   -1.396263402  -13.805329122   11.449011396   -5.683977558
    2.443460953   -1.396263402  -13.433599157   -6.898588231   -5.466278616
    2.617993878   -1.396263402  -16.050982025  -22.526450175   -6.271605385
    2.792526803   -1.396263402  -21.040625470  -33.859730144   -7.634511448
    2.967059728   -1.396263402  -27.514437092  -39.384964940   -8.996317444

   -3.141592654   -1.221730476  -36.121586245  -38.743007480   -9.750103989
   -2.967059728   -1.221730476  -42.220570047  -30.286042606   -9.941201253
   -2.792526803   -1.221730476  -46.448666920  -17.798410619   -9.267117921
   -2.617993878   -1.221730476  -48.402399748   -4.843784589   -8.117666442
   -2.443460953   -1.221730476  -48.314599954    5.122463950   -7.180259733
   -2.268928028   -1.221730476  -46.910262821   10.071126788   -7.192291060
   -2.094395102   -1.221730476  -45.091210458   10.072063872   -8.705707430
   -1.919862177   -1.221730476  -43.577821181    6.971450865  -11.944996983
   -1.745329252   -1.221730476  -42.689524392    3.322132793  -16.767088402
   -1.570796327   -1.221730476  -42.329375469    1.171912880  -22.685447998
   -1.396263402   -1.221730476  -42.138166203    1.416968374  -28.918103943
   -1.221730476   -1.221730476  -41.712625804    3.712702605  -34.476687775
   -1.047197551   -1.221730476  -40.786196357    6.906902060  -38.339681144
   -0.872664626   -1.221730476  -39.324615427    9.611037309  -39.700402783
   -0.698131701   -1.221730476  -37.526661685   10.584365786  -38.211565464
   -0.523598776   -1.221730476  -35.777216773    8.904576069  -34.085921092
   -0.349065850   -1.221730476  -34.592585896    4.065078730  -28.068555484
   -0.174532925   -1.221730476  -34.549189515   -4.170477355  -21.234342853
    0.000000000   -1.221730476  -36.228905420  -15.564676513  -14.758902820
    0.174532925   -1.221730476  -40.088346688  -28.807768268   -9.698413484
    0.349065850   -1.221730476  -46.208833608  -40.794133061   -6.779842484
    0.523598776   -1.221730476  -53.969610211  -46.747255287   -6.230642838
    0.698131701   -1.221730476  -61.881560899  -41.856465915   -7.667670464
    0.872664626   -1.221730476  -67.818730411  -24.190783332  -10.174039757
    1.047197551   -1.221730476  -69.741252213    3.221524918  -12.599749877
    1.221730476   -1.221730476  -66.558825421   32.828214394  -13.942504270
    1.396263402   -1.221730476  -58.660976207   55.961507923  -13.721186873
    1.570796327   -1.221730476  -47.750878272   66.741594404  -12.069953444
    1.745329252   -1.221730476  -36.145903475   64.181480865   -9.603147406
    1.919862177   -1.221730476  -25.951956887   51.262131371   -7.096852733
    2.094395102   -1.221730476  -18.585364982   32.531570576   -5.211173171
    2.268928028   -1.221730476  -14.693220740   12.030610801   -4.324750949
    2.443460953   -1.221730476  -14.321510855   -7.439843876   -4.508164336
    2.617993878   -1.221730476  -17.108273805  -23.850216016   -5.574257004
    2.792526803   -1.221730476  -22.361115853  -35.458972930   -7.141079145
    2.967059728   -1.221730476  -29.097071158  -40.695844149   -8.705072791

   -3.141592654   -1.047197551  -37.592104635  -39.455031573   -6.731406910
   -2.967059728   -1.047197551  -43.746963156  -30.215058313   -7.210783439
   -2.792526803   -1.047197551  -47.905751696  -17.136999344   -7.169485161
   -2.617993878   -1.047197551  -49.729961685   -4.132426743   -6.941369915
   -2.443460953   -1.047197551  -49.564352331    5.187313246   -7.088911028
   -2.268928028   -1.047197551  -48.250763092    8.886262225   -8.181992779
   -2.094395102   -1.047197551  -46.774129366    7.306622654  -10.601118663
   -1.919862177   -1.047197551  -45.882960651    2.637991019  -14.440175251
   -1.745329252   -1.047197551  -45.864717994   -2.229893676  -19.485239574
   -1.570796327   -1.047197551  -46.533771577   -4.936760805  -25.223624448
   -1.396263402   -1.047197551  -47.391794986   -4.329124297  -30.863469325
   -1.221730476   -1.047197551  -47.861207117   -0.624149651  -35.417591755
   -1.047197551   -1.047197551  -47.498552317    4.911619322  -37.903541260
   -0.872664626   -1.047197551  -46.137255963   10.493173326  -37.633575405
   -0.698131701   -1.047197551  -43.933137036   14.296094745  -34.478434058
   -0.523598776   -1.047197551  -41.332675681   14.793103306  -28.935440923
   -0.349065850   -1.047197551  -39.006106473   11.062100189  -22.011871594
   -0.174532925   -1.047197551  -37.732914053    2.725135134  -14.933997614
    0.000000000   -1.047197551  -38.299287137   -9.864948109   -8.833124148
    0.174532925   -1.047197551  -41.327818925  -25.079103695   -4.520634551
    0.349065850   -1.047197551  -46.995952054  -39.351818578   -2.345455569
    0.523598776   -1.047197551  -54.691340546  -47.359620956   -2.166130705
    0.698131701   -1.047197551  -62.839556606  -43.799155584   -3.395887396
    0.872664626   -1.047197551  -69.158575597  -26.461584982   -5.185881715
    1.047197551   -1.047197551  -71.433155962    1.587246706   -6.706349276
    1.221730476   -1.047197551  -68.432952231   32.418311084   -7.382631829
    1.396263402   -1.047197551  -60.490772938   56.841610735   -7.061924554
    1.570796327   -1.047197551  -49.340338445   68.516798989   -5.960729733
    1.745329252   -1.047197551  -37.391531409   66.236128145   -4.511973196
    1.919862177   -1.047197551  -26.858728745   53.002318277   -3.163810690
    2.094395102   -1.047197551  -19.246482308   33.557006321   -2.249565463
    2.268928028   -1.047197551  -15.251220509   12.179783712   -1.944674069
    2.443460953   -1.047197551  -14.928110379   -8.118683133   -2.280402333
    2.617993878   -1.047197551  -17.890818429  -25.136399570   -3.169896273
    2.792526803   -1.047197551  -23.395298571  -36.985864732   -4.417338170
    2.967059728   -1.047197551  -30.386423848  -42.012290517   -5.720860796

   -3.141592654   -0.872664626  -38.362476686  -40.313307479   -1.982719332
   -2.967059728   -0.872664626  -44.641639313  -30.779699938   -2.976928910
   -2.792526803   -0.872664626  -48.881211391  -17.538086593   -4.012126127
   -2.617993878   -0.872664626  -50.786292159   -4.731457359   -5.232711646
   -2.443460953   -0.872664626  -50.775528854    3.938809358   -6.899166306
   -2.268928028   -0.872664626  -49.764122038    6.627892352   -9.266393569
   -2.094395102   -0.872664626  -48.782657012    3.885136352  -12.473653019
   -1.919862177   -0.872664626  -48.585157237   -1.852836704  -16.496940456
   -1.745329252   -0.872664626  -49.420512723   -7.440383262  -21.119444721
   -1.570796327   -0.872664626  -51.018383901  -10.243854100  -25.895805396
   -1.396263402   -0.872664626  -52.749369358   -8.866257201  -30.130915504
   -1.221730476   -0.872664626  -53.872539741   -3.422083349  -32.959500015
   -1.047197551   -0.872664626  -53.786002284    4.645943651  -33.571127426
   -0.872664626   -0.872664626  -52.222280784   13.072232965  -31.516592474
   -0.698131701   -0.872664626  -49.338932080   19.390169493  -26.952442201
   -0.523598776   -0.872664626  -45.693513306   21.486036383  -20.644874876
   -0.349065850   -0.872664626  -42.147542168   18.129444362  -13.753963859
   -0.174532925   -0.872664626  -39.695270972    8.992185331   -7.483199848
    0.000000000   -0.872664626  -39.302354317   -5.247029460   -2.730762973
    0.174532925   -0.872664626  -41.699392191  -22.480003847    0.093136363
    0.349065850   -0.872664626  -47.084207211  -38.650628644    1.107550698
    0.523598776   -0.872664626  -54.786013480  -48.022980076    0.835475412
    0.698131701   -0.872664626  -63.114692544  -45.074308496    0.005894655
    0.872664626   -0.872664626  -69.654762425  -27.625709903   -0.711019493
    1.047197551   -0.872664626  -72.084310898    1.018206848   -0.931117761
    1.221730476   -0.872664626  -69.118896650   32.569948002   -0.615721500
    1.396263402   -0.872664626  -61.098018867   57.541411139    0.001818689
    1.570796327   -0.872664626  -49.800237400   69.447046087    0.622175626
    1.745329252   -0.872664626  -37.690977044   67.100147706    1.041588656
    1.919862177   -0.872664626  -27.028343884   53.603304433    1.208018366
    2.094395102   -0.872664626  -19.341055755   33.806612164    1.179707057
    2.268928028   -0.872664626  -15.334853193   12.056166216    1.027497948
    2.443460953   -0.872664626  -15.065918879   -8.608537518    0.772220777
    2.617993878   -0.872664626  -18.143635130  -25.953117754    0.374224779
    2.792526803   -0.872664626  -23.811553545  -38.016416431   -0.226781047
    2.967059728   -0.872664626  -30.987779768  -43.060596466   -1.036797987

   -3.141592654   -0.698131701  -38.275270486  -41.478292431    2.796481114
   -2.967059728   -0.698131701  -44.790451478  -32.306222904    1.046288086
   -2.792526803   -0.698131701  -49.325765706  -19.397463093   -1.330917723
   -2.617993878   -0.698131701  -51.586795015   -6.961754578   -4.183617531
   -2.443460953   -0.698131701  -52.003235986    1.259765263   -7.371360620
   -2.268928028   -0.698131701  -51.503097097    3.443890713  -10.789289890
   -2.094395102   -0.698131701  -51.121216159    0.206377207  -14.358643919
   -1.919862177   -0.698131701  -51.601647882   -5.913029556  -18.003163233
   -1.745329252   -0.698131701  -53.160617902  -11.609594456  -21.576256669
   -1.570796327   -0.698131701  -55.461035229  -14.021184046  -24.765837758
   -1.396263402   -0.698131701  -57.766106629  -11.535428746  -27.044361500
   -1.221730476   -0.698131701  -59.201416608   -4.210076211  -27.758979547
   -1.047197551   -0.698131701  -59.046489793    6.273352863  -26.374417306
   -0.872664626   -0.698131701  -56.982220603   17.127045232  -22.755746658
   -0.698131701   -0.698131701  -53.218931935   25.267980788  -17.345061932
   -0.523598776   -0.698131701  -48.464850346   28.113402423  -11.081538715
   -0.349065850   -0.698131701  -43.785182207   24.298990436   -5.109301973
   -0.174532925   -0.698131701  -40.368749948   13.744830759   -0.427046773
    0.000000000   -0.698131701  -39.307751280   -2.380081073    2.426752438
    0.174532925   -0.698131701  -41.365675200  -21.403041922    3.481359218
    0.349065850   -0.698131701  -46.681067812  -38.818011711    3.279611804
    0.523598776   -0.698131701  -54.464488501  -48.662247557    2.637130979
    0.698131701   -0.698131701  -62.892985109  -45.486829621    2.331241701
    0.872664626   -0.698131701  -69.454711959  -27.446046796    2.791698929
    1.047197551   -0.698131701  -71.801609365    1.735339077    3.941432852
    1.221730476   -0.698131701  -68.688738230   33.460213991    5.302868133
    1.396263402   -0.698131701  -60.528014600   58.192743119    6.292180744
    1.570796327   -0.698131701  -49.155851792   69.634091440    6.550187456
    1.745329252   -0.698131701  -37.052938714   66.865317364    6.100143315
    1.919862177   -0.698131701  -26.452841526   53.167210311    5.263358118
    2.094395102   -0.698131701  -18.841214741   33.408820624    4.462630245
    2.268928028   -0.698131701  -14.890702932   11.824874880    3.998378552
    2.443460953   -0.698131701  -14.649509098   -8.710541956    3.938786106
    2.617993878   -0.698131701  -17.745455891  -26.095811550    4.113650150
    2.792526803   -0.698131701  -23.456587939  -38.400541142    4.191195310
    2.967059728   -0.698131701  -30.731834968  -43.820643992    3.827831162

   -3.141592654   -0.523598776  -37.471264179  -43.142107953    6.029114273
   -2.967059728   -0.523598776  -44.364597386  -34.941171840    3.452521129
   -2.792526803   -0.523598776  -49.427019087  -22.744900882   -0.157886976
   -2.617993878   -0.523598776  -52.309457122  -10.676582370   -4.332823714
   -2.443460953   -0.523598776  -53.383009685   -2.512417345   -8.557419437
   -2.268928028   -0.523598776  -53.530575493   -0.181734511  -12.441760166
   -2.094395102   -0.523598776  -53.761117994   -3.177797962  -15.789613934
   -1.919862177   -0.523598776  -54.807147117   -8.998067209  -18.558977645
   -1.745329252   -0.523598776  -56.869221516  -14.251406396  -20.721071233
   -1.570796327   -0.523598776  -59.568932233  -15.879588665  -22.111675312
   -1.396263402   -0.523598776  -62.093270151  -12.094841780  -22.380722394
   -1.221730476   -0.523598776  -63.474811470   -2.963896304  -21.112965913
   -1.047197551   -0.523598776  -62.926511791    9.538364486  -18.078997302
   -0.872664626   -0.523598776  -60.133711996   22.115603658  -13.458639208
   -0.698131701   -0.523598776  -55.404257264   31.180218285   -7.912732875
   -0.523598776   -0.523598776  -49.615556243   33.874325158   -2.419055184
   -0.349065850   -0.523598776  -44.019061096   28.896331325    2.053824412
   -0.174532925   -0.523598776  -39.950237121   16.562093054    4.837464088
    0.000000000   -0.523598776  -38.560733767   -1.400327413    5.786764673
    0.174532925   -0.523598776  -40.575043469  -21.764597826    5.301467917
    0.349065850   -0.523598776  -46.009835645  -39.671455606    4.208047123
    0.523598776   -0.523598776  -53.918702169  -49.118769172    3.462947650
    0.698131701   -0.523598776  -62.346661941  -44.976614429    3.785648315
    0.872664626   -0.523598776  -68.729704535  -25.965361647    5.344677403
    1.047197551   -0.523598776  -70.769055122    3.649576041    7.669297001
    1.221730476   -0.523598776  -67.340073944   35.036916143    9.884073282
    1.396263402   -0.523598776  -58.979387620   58.842610495   11.165954352
    1.570796327   -0.523598776  -47.587837786   69.233325825   11.144220688
    1.745329252   -0.523598776  -35.624373241   65.752105982   10.036380270
    1.919862177   -0.523598776  -25.239834128   51.912610283    8.450039965
    2.094395102   -0.523598776  -17.820923669   32.523229945    7.075511854
    2.268928028   -0.523598776  -13.972316933   11.558255493    6.377160632
    2.443460953   -0.523598776  -13.727558285   -8.439877586    6.450629316
    2.617993878   -0.523598776  -16.754244856  -25.652567317    7.016114004
    2.792526803   -0.523598776  -22.408922601  -38.283188761    7.519757048
    2.967059728   -0.523598776  -29.726082554  -44.476129156    7.343354854

   -3.141592654   -0.349065850  -36.310582192  -45.360197431    6.805512222
   -2.967059728   -0.349065850  -43.712387762  -38.489890241    3.609331693
   -2.792526803   -0.349065850  -49.477075672  -27.136656428   -0.713680355
   -2.617993878   -0.349065850  -53.151441511  -15.247361881   -5.462214201
   -2.443460953   -0.349065850  -54.994206202   -6.677292511   -9.897271422
   -2.268928028   -0.349065850  -55.806921590   -3.606549111  -13.509784231
   -2.094395102   -0.349065850  -56.563699277   -5.788253208  -16.119393496
   -1.919862177   -0.349065850  -57.997832277  -10.843951407  -17.784827854
   -1.745329252   -0.349065850  -60.315400094  -15.316065423  -18.592714550
   -1.570796327   -0.349065850  -63.119322756  -15.958175259  -18.480447074
   -1.396263402   -0.349065850  -65.547277330  -10.852126518  -17.218393697
   -1.221730476   -0.349065850  -66.576874366   -0.150925780  -14.578202820
   -1.047197551   -0.349065850  -65.404432121   13.832909465  -10.584990364
   -0.872664626   -0.349065850  -61.769462074   27.349350231   -5.665182984
   -0.698131701   -0.349065850  -56.107183528   36.467295796   -0.602324875
   -0.523598776   -0.349065850  -49.460569675   38.272584624    3.697041142
   -0.349065850   -0.349065850  -43.227866386   31.701318849    6.524779418
   -0.174532925   -0.349065850  -38.829367194   17.538021336    7.573551583
    0.000000000   -0.349065850  -37.410669850   -1.956581621    7.044334403
    0.174532925   -0.349065850  -39.602674446  -23.092198922    5.589374477
    0.349065850   -0.349065850  -45.264836318  -40.784080890    4.160637236
    0.523598776   -0.349065850  -53.283014766  -49.150259322    3.703841849
    0.698131701   -0.349065850  -61.589055173  -43.546926349    4.786345363
    0.872664626   -0.349065850  -67.612894821  -23.392168930    7.312755649
    1.047197551   -0.349065850  -69.165607654    6.469850167   10.512634961
    1.221730476   -0.349065850  -65.299003233   37.074283125   13.264194171
    1.396263402   -0.349065850  -56.703861912   59.432923640   14.644591945
    1.570796327   -0.349065850  -45.341806282   68.365430321   14.335314564
    1.745329252   -0.349065850  -33.619212674   63.985202484   12.712603761
    1.919862177   -0.349065850  -23.563280201   50.052423499   10.566956003
    2.094395102   -0.349065850  -16.425648312   31.249714238    8.735115113
    2.268928028   -0.349065850  -12.721913885   11.189623516    7.759187747
    2.443460953   -0.349065850  -12.468503860   -8.024925158    7.735908525
    2.617993878   -0.349065850  -15.388624412  -24.956553456    8.316461345
    2.792526803   -0.349065850  -20.947874808  -38.009090191    8.825507619
    2.967059728   -0.349065850  -28.303155520  -45.274820680    8.506278097

   -3.141592654   -0.174532925  -35.230909735  -47.982118600    5.222507419
   -2.967059728   -0.174532925  -43.212923096  -42.436502380    1.853092541
   -2.792526803   -0.174532925  -49.738322920  -31.773622765   -2.408998426
   -2.617993878   -0.174532925  -54.223047110  -19.763551448   -6.796299413
   -2.443460953   -0.174532925  -56.793265755  -10.414334856  -10.567302644
   -2.268928028   -0.174532925  -58.165785345   -6.265926071  -13.291847944
   -2.094395102   -0.174532925  -59.293420456   -7.403587718  -14.921942171
   -1.919862177   -0.174532925  -60.930148116  -11.574093786  -15.633659759
   -1.745329252   -0.174532925  -63.303115486  -15.211526903  -15.566550535
   -1.570796327   -0.174532925  -66.006023710  -14.864289792  -14.656574626
   -1.396263402   -0.174532925  -68.139171590   -8.530246484  -12.683910165
   -1.221730476   -0.174532925  -68.649208866    3.468131558   -9.503345116
   -1.047197551   -0.174532925  -66.751935716   18.438978895   -5.296849981
   -0.872664626   -0.174532925  -62.276118430   32.242240834   -0.648288725
   -0.698131701   -0.174532925  -55.798775296   40.761634167    3.607822561
   -0.523598776   -0.174532925  -48.511423779   41.217663927    6.675202939
   -0.349065850   -0.174532925  -41.913412167   32.913557048    8.094280072
   -0.174532925   -0.174532925  -37.450726363   17.117342323    7.863913722
    0.000000000   -0.174532925  -36.209965797   -3.455824569    6.444227745
    0.174532925   -0.174532925  -38.693996536  -24.775787744    4.637136854
    0.349065850   -0.174532925  -44.593588622  -41.666070392    3.412731185
    0.523598776   -0.174532925  -52.638132002  -48.493637850    3.609366222
    0.698131701   -0.174532925  -60.678379844  -41.202760251    5.584379943
    0.872664626   -0.174532925  -66.183887084  -19.951769543    8.981273083
    1.047197551   -0.174532925  -67.120763455    9.874440014   12.804248457
    1.221730476   -0.174532925  -62.748804235   39.300175868   15.807838678
    1.396263402   -0.174532925  -53.919821289   59.843218549   17.083777587
    1.570796327   -0.174532925  -42.642087432   67.075411592   16.422330992
    1.745329252   -0.174532925  -31.244158385   61.704549342   14.334731792
    1.919862177   -0.174532925  -21.605366277   47.706988935   11.713276242
    2.094395102   -0.174532925  -14.826101718   29.584843524    9.440259227
    2.268928028   -0.174532925  -11.326210718   10.534572898    8.060320433
    2.443460953   -0.174532925  -11.106809396   -7.820801719    7.649498727
    2.617993878   -0.174532925  -13.954507151  -24.451719509    7.838105404
    2.792526803   -0.174532925  -19.454735303  -37.971301257    7.947475122
    2.967059728   -0.174532925  -26.896850873  -46.399023718    7.242290558

   -3.141592654    0.000000000  -34.571364249  -50.684363283    2.191936383
   -2.967059728    0.000000000  -43.118127926  -46.117729921   -0.831658388
   -2.792526803    0.000000000  -50.326247220  -35.786655896   -4.290798214
   -2.617993878    0.000000000  -55.485602800  -23.366427481   -7.535834745
   -2.443460953    0.000000000  -58.608730266  -13.092333512  -10.035785878
   -2.268928028    0.000000000  -60.356488908   -7.898413002  -11.599680554
   -2.094395102    0.000000000  -61.689573939   -8.167346484  -12.369376578
   -1.919862177    0.000000000  -63.400093103  -11.679226818  -12.594501731
   -1.745329252    0.000000000  -65.736452055  -14.665174911  -12.359846339
   -1.570796327    0.000000000  -68.271701195  -13.438563874  -11.472657833
   -1.396263402    0.000000000  -70.059768243   -5.968745834   -9.604348361
   -1.221730476    0.000000000  -70.021551387    7.156168196   -6.591973615
   -1.047197551    0.000000000  -67.411841486   22.809021755   -2.690719953
   -0.872664626    0.000000000  -62.170366480   36.501256358    1.417182792
   -0.698131701    0.000000000  -55.022380625   44.051834522    4.866917603
   -0.523598776    0.000000000  -47.290355720   42.955240620    6.946584170
   -0.349065850    0.000000000  -40.537204612   32.970359117    7.374020992
   -0.174532925    0.000000000  -36.188954719   15.843889104    6.364399716
    0.000000000    0.000000000  -35.235293594   -5.331473912    4.557301740
    0.174532925    0.000000000  -38.030450767  -26.302200533    2.849179997
    0.349065850    0.000000000  -44.097574541  -41.925936542    2.189586523
    0.523598776    0.000000000  -52.031932097  -46.932279526    3.276699135
    0.698131701    0.000000000  -59.642019031  -37.925521407    6.237364954
    0.872664626    0.000000000  -64.482233063  -15.793791001   10.457038628
    1.047197551    0.000000000  -64.709068693   13.628667209   14.753991602
    1.221730476    0.000000000  -59.804923687   41.495882620   17.830345459
    1.396263402    0.000000000  -50.773587320   59.945878840   18.859472654
    1.570796327    0.000000000  -39.647558386   65.342692103   17.777063789
    1.745329252    0.000000000  -28.655140701   58.953206782   15.219381543
    1.919862177    0.000000000  -19.514526818   44.904401123   12.135770330
    2.094395102    0.000000000  -13.172800600   27.465549076    9.394188794
    2.268928028    0.000000000   -9.958170426    9.395475855    7.494921198
    2.443460953    0.000000000   -9.861210550   -8.147162665    6.481659508
    2.617993878    0.000000000  -12.731787156  -24.500144577    6.004523381
    2.792526803    0.000000000  -18.266668486  -38.437914702    5.478783801
    2.967059728    0.000000000  -25.871808223  -47.871504106    4.319908920

   -3.141592654    0.174532925  -34.468297082  -53.095544707   -0.942862359
   -2.967059728    0.174532925  -43.480999790  -48.964831084   -3.213502353
   -2.792526803    0.174532925  -51.186660168  -38.544572095   -5.418125250
   -2.617993878    0.174532925  -56.782626366  -25.545535122   -7.161152266
   -2.443460953    0.174532925  -60.217482417  -14.478545513   -8.252083908
   -2.268928028    0.174532925  -62.145320716   -8.618291970   -8.805814902
   -2.094395102    0.174532925  -63.567070017   -8.510141867   -9.131557009
   -1.919862177    0.174532925  -65.318361531  -11.806449890   -9.461940208
   -1.745329252    0.174532925  -67.649048317  -14.418795033   -9.713026063
   -1.570796327    0.174532925  -70.079587857  -12.407991471   -9.464997102
   -1.396263402    0.174532925  -71.591436759   -3.793775806   -8.212277572
   -1.221730476    0.174532925  -71.071764425   10.454223769   -5.731119387
   -1.047197551    0.174532925  -67.823794808   26.699182391   -2.321796894
   -0.872664626    0.174532925  -61.913714731   40.118590846    1.248318471
   -0.698131701    0.174532925  -54.221183078   46.549527789    4.072537431
   -0.523598776    0.174532925  -46.188662418   43.857078798    5.482958199
   -0.349065850    0.174532925  -39.417754556   32.320198246    5.311481459
   -0.174532925    0.174532925  -35.283296478   14.166421792    3.922200393
    0.000000000    0.174532925  -34.651390567   -7.183540247    2.086895528
    0.174532925    0.174532925  -37.713186046  -27.345374002    0.775980205
    0.349065850    0.174532925  -43.828548513  -41.327395781    0.909816526
    0.523598776    0.174532925  -51.483948279  -44.335157204    3.034713544
    0.698131701    0.174532925  -58.486787663  -33.700387625    7.033842340
    0.872664626    0.174532925  -62.521478731  -11.007302243   12.031521683
    1.047197551    0.174532925  -61.965607648   17.584087491   16.679415386
    1.221730476    0.174532925  -56.529317585   43.510210298   19.673406991
    1.396263402    0.174532925  -47.350135262   59.633380132   20.315179266
    1.570796327    0.174532925  -36.456701348   63.118763549   18.718371071
    1.745329252    0.174532925  -25.954964038   55.724799574   15.649691150
    1.919862177    0.174532925  -17.393684836   41.642021574   12.099044368
    2.094395102    0.174532925  -11.571800187   24.852279147    8.892617873
    2.268928028    0.174532925   -8.735863161    7.672326072    6.462957328
    2.443460953    0.174532925   -8.872046602   -9.154440993    4.816124705
    2.617993878    0.174532925  -11.887868560  -25.248785954    3.643012438
    2.792526803    0.174532925  -17.570024131  -39.462037294    2.501531162
    2.967059728    0.174532925  -25.408458844  -49.557191693    1.017273957

   -3.141592654    0.349065850  -34.838076897  -54.929121012   -3.078248636
   -2.967059728    0.349065850  -44.166780719  -50.691055575   -4.422627652
   -2.792526803    0.349065850  -52.141097138  -39.849392034   -5.321040746
   -2.617993878    0.349065850  -57.915498448  -26.280271448   -5.677317973
   -2.443460953    0.349065850  -61.436526831  -14.774967387   -5.649927332
   -2.268928028    0.349065850  -63.402637352   -8.825004331   -5.616621464
   -2.094395102    0.349065850  -64.877434013   -8.945992883   -5.968127391
   -1.919862177    0.349065850  -66.728805497  -12.484007520   -6.828042035
   -1.745329252    0.349065850  -69.172288054  -14.937493592   -7.884171252
   -1.570796327    0.349065850  -71.633640688  -12.135454076   -8.478961712
   -1.396263402    0.349065850  -72.991557516   -2.254237885   -7.953106875
   -1.221730476    0.349065850  -72.090412271   13.231410982   -6.050094394
   -1.047197551    0.349065850  -68.290459334   30.102906641   -3.126304946
   -0.872664626    0.349065850  -61.798875859   43.213510208   -0.026538957
   -0.698131701    0.349065850  -53.656821163   48.487661246    2.311071407
   -0.523598776    0.349065850  -45.419835085   44.236869080    3.263485237
   -0.349065850    0.349065850  -38.710180348   31.310850433    2.764361008
   -0.174532925    0.349065850  -34.828223532   12.425699902    1.301846190
    0.000000000    0.349065850  -34.495878376   -8.704595493   -0.247411195
    0.174532925    0.349065850  -37.730385291  -27.649047380   -0.867643907
    0.349065850    0.349065850  -43.735771933  -39.685164978    0.297339732
    0.523598776    0.349065850  -50.919080004  -40.612098918    3.601617233
    0.698131701    0.349065850  -57.131617558  -28.549814736    8.652187207
    0.872664626    0.349065850  -60.233891127   -5.720295556   14.307215053
    1.047197551    0.349065850  -58.851403404   21.548167847   19.082081827
    1.221730476    0.349065850  -52.918120808   45.141744479   21.729513731
    1.396263402    0.349065850  -43.677725183   58.745508616   21.744154779
    1.570796327    0.349065850  -33.120089830   60.309711763   19.464929031
    1.745329252    0.349065850  -23.204663487   51.991000010   15.806045757
    1.919862177    0.349065850  -15.304310222   37.939305307   11.791048722
    2.094395102    0.349065850  -10.078579073   21.790665496    8.187540424
    2.268928028    0.349065850   -7.705538226    5.424258168    5.344837664
    2.443460953    0.349065850   -8.174047426  -10.768467815    3.224468807
    2.617993878    0.349065850  -11.442085043  -26.591569508    1.555198285
    2.792526803    0.349065850  -17.361122674  -40.881916407    0.032555424
    2.967059728    0.349065850  -25.468884971  -51.224364166   -1.524033049

   -3.141592654    0.523598776  -35.457620972  -56.060958729   -3.795143238
   -2.967059728    0.523598776  -44.944316857  -51.334344689   -4.294936791
   -2.792526803    0.523598776  -52.980785308  -39.919497930   -4.180300917
   -2.617993878    0.523598776  -58.727717810  -25.942899230   -3.602866648
   -2.443460953    0.523598776  -62.182753392  -14.435251850   -2.964365886
   -2.268928028    0.523598776  -64.124275468   -8.951881380   -2.776704603
   -2.094395102    0.523598776  -65.683302594   -9.794482389   -3.404282320
   -1.919862177    0.523598776  -67.736142002  -13.872588670   -4.818814744
   -1.745329252    0.523598776  -70.426141292  -16.243847245   -6.521419078
   -1.570796327    0.523598776  -73.050434197  -12.572242302   -7.722502444
   -1.396263402    0.523598776  -74.367153943   -1.299033152   -7.725458910
   -1.221730476    0.523598776  -73.178154147   15.507759360   -6.313198103
   -1.047197551    0.523598776  -68.911152863   33.021729031   -3.899999530
   -0.872664626    0.523598776  -61.923820494   45.807653442   -1.350530022
   -0.698131701    0.523598776  -53.418576815   49.949939325    0.444673813
   -0.523598776    0.523598776  -45.051237906   44.265830814    0.975910925
   -0.349065850    0.523598776  -38.444144112   30.201570756    0.317875452
   -0.174532925    0.523598776  -34.801745818   10.948506002   -0.918492898
    0.000000000    0.523598776  -34.686555994   -9.540416316   -1.792639997
    0.174532925    0.523598776  -37.939726005  -26.889588863   -1.319806283
    0.349065850    0.523598776  -43.628039190  -36.773789419    1.196053346
    0.523598776    0.523598776  -50.119760421  -35.693911762    5.828583435
    0.698131701    0.523598776  -55.362597654  -22.584148917   11.859993351
    0.872664626    0.523598776  -57.438895794   -0.196677972   17.897874012
    1.047197551    0.523598776  -55.240312804   25.175426670   22.395155873
    1.221730476    0.523598776  -48.906127287   46.050907453   24.267365917
    1.396263402    0.523598776  -39.744465907   57.020295881   23.296980695
    1.570796327    0.523598776  -29.661983755   56.765878140   20.104906571
    1.745329252    0.523598776  -20.444541816   47.715114209   15.763806517
    1.919862177    0.523598776  -13.284517737   33.854406228   11.312103757
    2.094395102    0.523598776   -8.714311256   18.413512471    7.433677379
    2.268928028    0.523598776   -6.859650972    2.846486529    4.375959644
    2.443460953    0.523598776   -7.720804481  -12.740738147    2.045513564
    2.617993878    0.523598776  -11.301082714  -28.242943459    0.191175702
    2.792526803    0.523598776  -17.495933314  -42.409366612   -1.394493414
    2.967059728    0.523598776  -25.862377228  -52.635870651   -2.765338298

   -3.141592654    0.698131701  -36.097927423  -56.554319334   -3.466772873
   -2.967059728    0.698131701  -45.616153603  -51.191612086   -3.384083808
   -2.792526803    0.698131701  -53.577367704  -39.235069940   -2.716338423
   -2.617993878    0.698131701  -59.182194690  -25.074566844   -1.747637708
   -2.443460953    0.698131701  -62.507485793  -13.905535402   -0.955081124
   -2.268928028    0.698131701  -64.421030854   -9.216948520   -0.827124156
   -2.094395102    0.698131701  -66.108779586  -10.989151766   -1.620784850
   -1.919862177    0.698131701  -68.430756955  -15.668793034   -3.190960501
   -1.745329252    0.698131701  -71.436736908  -17.931933588   -4.994644750
   -1.570796327    0.698131701  -74.288195292  -13.371507627   -6.302568089
   -1.396263402    0.698131701  -75.630081396   -0.756345480   -6.540779203
   -1.221730476    0.698131701  -74.234632582   17.255373083   -5.594019020
   -1.047197551    0.698131701  -69.603691736   35.293136142   -3.884085229
   -0.872664626    0.698131701  -62.238609767   47.714849711   -2.166386682
   -0.698131701    0.698131701  -53.482854056   50.836810721   -1.139015021
   -0.523598776    0.698131701  -45.063355218   44.005449824   -1.087406047
   -0.349065850    0.698131701  -38.573337899   29.236709289   -1.745440474
   -0.174532925    0.698131701  -35.100967059   10.128160292   -2.397659462
    0.000000000    0.698131701  -35.044680681   -9.234121328   -2.122543629
    0.174532925    0.698131701  -38.085667173  -24.665122051   -0.097704829
    0.349065850    0.698131701  -43.193351562  -32.364781848    4.071087842
    0.523598776    0.698131701  -48.755258192  -29.601236265   10.074609514
    0.698131701    0.698131701  -52.874950359  -16.072639792   16.846929618
    0.872664626    0.698131701  -53.895349971    5.121414874   22.813844992
    1.047197551    0.698131701  -50.974788381   27.970688283   26.494064401
    1.221730476    0.698131701  -44.418074672   45.805946785   27.098446804
    1.396263402    0.698131701  -35.539192059   54.163023551   24.789026349
    1.570796327    0.698131701  -26.108980437   52.348497173   20.499969393
    1.745329252    0.698131701  -17.713061541   42.894380130   15.443877003
    1.919862177    0.698131701  -11.363837752   29.487297760   10.633838757
    2.094395102    0.698131701   -7.484098859   14.897442283    6.634074367
    2.268928028    0.698131701   -6.166826513    0.179491376    3.568407576
    2.443460953    0.698131701   -7.434254091  -14.778944054    1.277209059
    2.617993878    0.698131701  -11.333306139  -29.889573284   -0.489974374
    2.792526803    0.698131701  -17.790780704  -43.772863119   -1.890669446
    2.967059728    0.698131701  -26.367774424  -53.648571435   -2.927379376

   -3.141592654    0.872664626  -36.655671704  -56.608656271   -3.025653155
   -2.967059728    0.872664626  -46.130829984  -50.651108046   -2.671445401
   -2.792526803    0.872664626  -53.958053703  -38.288643254   -1.866252733
   -2.617993878    0.872664626  -59.390224016  -24.117409823   -0.905910151
   -2.443460953    0.872664626  -62.582263453  -13.408558258   -0.185732499
   -2.268928028    0.872664626  -64.475531539   -9.514717418   -0.045329917
   -2.094395102    0.872664626  -66.288915321  -12.102152713   -0.606773891
   -1.919862177    0.872664626  -68.853455420  -17.250237900   -1.703028206
   -1.745329252    0.872664626  -72.133772477  -19.386601858   -2.932400822
   -1.570796327    0.872664626  -75.184298205  -14.117266358   -3.827219242
   -1.396263402    0.872664626  -76.570848442   -0.512382789   -4.071459666
   -1.221730476    0.872664626  -75.056164509   18.307286802   -3.669890409
   -1.047197551    0.872664626  -70.209586126   36.593890783   -2.956399744
   -0.872664626    0.872664626  -62.642944875   48.620043698   -2.415723474
   -0.698131701    0.872664626  -53.793009239   50.982477852   -2.395260143
   -0.523598776    0.872664626  -45.409225726   43.516321290   -2.854179050
   -0.349065850    0.872664626  -39.019823459   28.703564916   -3.314209457
   -0.174532925    0.872664626  -35.582925202   10.404189249   -3.013778098
    0.000000000    0.872664626  -35.346576920   -7.326737830   -1.173783971
    0.174532925    0.872664626  -37.874009699  -20.651745408    2.709349982
    0.349065850    0.872664626  -42.102373706  -26.393226541    8.592425910
    0.523598776    0.872664626  -46.511308351  -22.569694999   15.727023327
    0.698131701    0.872664626  -49.417780474   -9.486768266   22.751266952
    0.872664626    0.872664626  -49.445433777    9.666297717   28.053943185
    1.047197551    0.872664626  -45.993267734   29.420168706   30.389150230
    1.221730476    0.872664626  -39.469219530   44.051246060   29.379999806
    1.396263402    0.872664626  -31.122777395   50.006063149   25.601055756
    1.570796327    0.872664626  -22.536676930   47.048357352   20.258026817
    1.745329252    0.872664626  -15.077537645   37.623533259   14.629260724
    1.919862177    0.872664626   -9.587744228   24.987256965    9.635954697
    2.094395102    0.872664626   -6.404882369   11.417130150    5.683352958
    2.268928028    0.872664626   -5.612179186   -2.387036596    2.758005760
    2.443460953    0.872664626   -7.265603076  -16.684661545    0.634310645
    2.617993878    0.872664626  -11.456034810  -31.346454935   -0.939158140
    2.792526803    0.872664626  -18.135301998  -44.850654738   -2.092072553
    2.967059728    0.872664626  -26.863940399  -54.273372793   -2.818120202

   -3.141592654    1.047197551  -37.205078004  -56.465057141   -3.506604116
   -2.967059728    1.047197551  -46.611824727  -50.028949391   -3.105906538
   -2.792526803    1.047197551  -54.303078822  -37.397577175   -2.369097893
   -2.617993878    1.047197551  -59.578949735  -23.270080997   -1.536628968
   -2.443460953    1.047197551  -62.649635556  -12.906037973   -0.841838732
   -2.268928028    1.047197551  -64.498495304   -9.518274098   -0.425662590
   -2.094395102    1.047197551  -66.355291174  -12.571689326   -0.297765424
   -1.919862177    1.047197551  -69.027570614  -17.968227265   -0.370212103
   -1.745329252    1.047197551  -72.433207988  -20.055642556   -0.524763988
   -1.570796327    1.047197551  -75.577714616  -14.496860191   -0.678775513
   -1.396263402    1.047197551  -76.999027049   -0.541702582   -0.829638332
   -1.221730476    1.047197551  -75.469271093   18.461248746   -1.071994738
   -1.047197551    1.047197551  -70.601146025   36.627872642   -1.555813170
   -0.872664626    1.047197551  -63.058036172   48.283528867   -2.374070202
   -0.698131701    1.047197551  -54.298817890   50.312759810   -3.424029182
   -0.523598776    1.047197551  -46.033785065   42.925955317   -4.297443893
   -0.349065850    1.047197551  -39.691061272   28.890071000   -4.334658163
   -0.174532925    1.047197551  -36.098312225   12.116724056   -2.819181762
    0.000000000    1.047197551  -35.389499957   -3.571690912    0.756539012
    0.174532925    1.047197551  -37.077284897  -14.831576314    6.451307225
    0.349065850    1.047197551  -40.150183516  -19.136951188   13.714658075
    0.523598776    1.047197551  -43.255084308  -15.131013694   21.392206300
    0.698131701    1.047197551  -44.963015972   -3.464414518   27.965159591
    0.872664626    1.047197551  -44.168030544   12.881543902   31.983664849
    1.047197551    1.047197551  -40.453769557   29.188181406   32.606046245
    1.221730476    1.047197551  -34.253110870   40.712895621   29.929762094
    1.396263402    1.047197551  -26.682412599   44.681298038   24.890639382
    1.570796327    1.047197551  -19.098591227   41.101888629   18.843169589
    1.745329252    1.047197551  -12.648113853   32.150607317   13.005193961
    1.919862177    1.047197551   -8.026570065   20.556988194    8.120024970
    2.094395102    1.047197551   -5.517264335    8.109891137    4.396925798
    2.268928028    1.047197551   -5.217914949   -4.777789868    1.682987135
    2.443460953    1.047197551   -7.228592898  -18.432786928   -0.297913428
    2.617993878    1.047197551  -11.682576392  -32.633431066   -1.773617702
    2.792526803    1.047197551  -18.550735912  -45.716668198   -2.824909725
    2.967059728    1.047197551  -27.391123002  -54.659916307   -3.421498184

   -3.141592654    1.221730476  -37.972091028  -56.305544518   -5.614336564
   -2.967059728    1.221730476  -47.312108181  -49.449724036   -5.257052306
   -2.792526803    1.221730476  -54.880468757  -36.604964094   -4.565995143
   -2.617993878    1.221730476  -60.014399150  -22.460987507   -3.733421049
   -2.443460953    1.221730476  -62.951040018  -12.185581669   -2.845679245
   -2.268928028    1.221730476  -64.682419054   -8.885259724   -1.872682228
   -2.094395102    1.221730476  -66.433432841  -11.986881949   -0.758778873
   -1.919862177    1.221730476  -69.007738399  -17.437709125    0.447287235
   -1.745329252    1.221730476  -72.331215641  -19.665478874    1.536961072
   -1.570796327    1.221730476  -75.429860420  -14.387409490    2.201382330
   -1.396263402    1.221730476  -76.866714638   -0.852607402    2.162838951
   -1.221730476    1.221730476  -75.434405555   17.642706999    1.292747881
   -1.047197551    1.221730476  -70.751708113   35.335085616   -0.322296730
   -0.872664626    1.221730476  -63.461369820   46.727381907   -2.354208347
   -0.698131701    1.221730476  -54.964670384   48.956244405   -4.254174768
   -0.523598776    1.221730476  -46.871316196   42.439872722   -5.292899590
   -0.349065850    1.221730476  -40.484092905   30.000051254   -4.712782188
   -0.174532925    1.221730476  -36.516695471   15.357206038   -1.942444409
    0.000000000    1.221730476  -35.044930943    1.902333595    3.165208417
    0.174532925    1.221730476  -35.613544166   -7.613452362   10.184054420
    0.349065850    1.221730476  -37.349288187  -11.254972698   18.095540578
    0.523598776    1.221730476  -39.126980601   -8.062688267   25.470776657
    0.698131701    1.221730476  -39.782624132    1.299489049   30.826925604
    0.872664626    1.221730476  -38.435121331   14.342720590   33.067673729
    1.047197551    1.221730476  -34.771171709   27.211432182   31.868856517
    1.221730476    1.221730476  -29.165928566   36.052716091   27.788735866
    1.396263402    1.221730476  -22.549438261   38.643263479   22.003669884
    1.570796327    1.221730476  -16.041377187   35.000975114   15.847246374
    1.745329252    1.221730476  -10.591437590   26.886013541   10.329748572
    1.919862177    1.221730476   -6.787300220   16.464994133    5.927237566
    2.094395102    1.221730476   -4.894972634    5.089481304    2.621745228
    2.268928028    1.221730476   -5.050450565   -7.018988538    0.128087610
    2.443460953    1.221730476   -7.404403921  -20.159018708   -1.852236313
    2.617993878    1.221730476  -12.124558179  -33.956565101   -3.476583056
    2.792526803    1.221730476  -19.187590999  -46.603959278   -4.717613028
    2.967059728    1.221730476  -28.139794944  -55.029724155   -5.455561398

   -3.141592654    1.396263402  -39.256474146  -56.227158246   -9.382825062
   -2.967059728    1.396263402  -48.535777301  -48.867663112   -9.036959597
   -2.792526803    1.396263402  -55.975477455  -35.747495890   -8.223029650
   -2.617993878    1.396263402  -60.946550693  -21.458505859   -7.148350724
   -2.443460953    1.396263402  -63.694172464  -11.003782886   -5.836343849
   -2.268928028    1.396263402  -65.195435499   -7.413959559   -4.161336973
   -2.094395102    1.396263402  -66.662875735  -10.226334981   -2.043672557
   -1.919862177    1.396263402  -68.920244238  -15.626570515    0.341372872
   -1.745329252    1.396263402  -71.954320680  -18.242693289    2.521747565
   -1.570796327    1.396263402  -74.872634366  -13.812193313    3.894046623
   -1.396263402    1.396263402  -76.304633201   -1.398146932    3.993351085
   -1.221730476    1.396263402  -75.064543075   16.011900381    2.708407796
   -1.047197551    1.396263402  -70.735926288   32.990189486    0.350337056
   -0.872664626    1.396263402  -63.872292987   44.301768726   -2.404000016
   -0.698131701    1.396263402  -55.747615922   47.262110034   -4.668892998
   -0.523598776    1.396263402  -47.825059481   42.306948277   -5.520660438
   -0.349065850    1.396263402  -41.275003302   32.079126952   -4.222074417
   -0.174532925    1.396263402  -36.730083120   19.887678095   -0.428357693
    0.000000000    1.396263402  -34.273541657    8.548836989    5.630270736
    0.174532925    1.396263402  -33.562456258    0.201343371   13.111696878
    0.349065850    1.396263402  -33.932006785   -3.666515314   20.677942588
    0.523598776    1.396263402  -34.516278795   -2.211040030   26.822956371
    0.698131701    1.396263402  -34.392977019    4.223141880   30.289516234
    0.872664626    1.396263402  -32.831759572   13.857698159   30.461904912
    1.047197551    1.396263402  -29.528278226   23.699770732   27.560685762
    1.221730476    1.396263402  -24.725307060   30.584370686   22.529791368
    1.396263402    1.396263402  -19.137011299   32.545711326   16.644136577
    1.570796327    1.396263402  -13.664011340   29.376688135   11.056149451
    1.745329252    1.396263402   -9.107266336   22.322010384    6.440189798
    1.919862177    1.396263402   -6.000354636   13.009542875    2.927161530
    2.094395102    1.396263402   -4.634175107    2.452305925    0.244185897
    2.268928028    1.396263402   -5.205340708   -9.195082867   -2.017677021
    2.443460953    1.396263402   -7.916247444  -22.086804672   -4.147886858
    2.617993878    1.396263402  -12.951990761  -35.617521914   -6.179381419
    2.792526803    1.396263402  -20.269723366  -47.815499531   -7.903511498
    2.967059728    1.396263402  -29.380953010  -55.610038666   -9.027122222

   -3.141592654    1.570796327  -41.310743406  -56.248464915  -14.296032067
   -2.967059728    1.570796327  -50.525683435  -48.157309644  -13.897292289
   -2.792526803    1.570796327  -57.799579219  -34.603537032  -12.790141764
   -2.617993878    1.570796327  -62.546170901  -20.034688085  -11.267526829
   -2.443460953    1.570796327  -65.016652478   -9.223554277   -9.391794443
   -2.268928028    1.570796327  -66.164224796   -5.122413351   -7.030366057
   -2.094395102    1.570796327  -67.187561423   -7.463873381   -4.109209381
   -1.919862177    1.570796327  -68.948276771  -12.793864413   -0.876687680
   -1.745329252    1.570796327  -71.529821731  -16.011728034    2.054552294
   -1.570796327    1.570796327  -74.160264993  -12.836779148    3.934027960
   -1.396263402    1.570796327  -75.558332933   -2.005410525    4.225049555
   -1.221730476    1.570796327  -74.553372299   13.984062550    2.873393435
   -1.047197551    1.570796327  -70.658810028   30.174962284    0.362868638
   -0.872664626    1.570796327  -64.289012004   41.624096138   -2.412914080
   -0.698131701    1.570796327  -56.546390308   45.726424985   -4.406972946
   -0.523598776    1.570796327  -48.728630486   42.755315423   -4.681292034
   -0.349065850    1.570796327  -41.888947408   34.984490148   -2.656394268
   -0.174532925    1.570796327  -36.623537516   25.167724403    1.731637603
    0.000000000    1.570796327  -33.084996230   15.500900586    7.931248847
    0.174532925    1.570796327  -31.102269974    7.580188060   14.847483356
    0.349065850    1.570796327  -30.255976929    2.640768240   21.047214074
    0.523598776    1.570796327  -29.934282026    1.678637318   25.160852782
    0.698131701    1.570796327  -29.404358120    4.930762206   26.293834864
    0.872664626    1.570796327  -27.998762310   11.449051870   24.340497931
    1.047197551    1.570796327  -25.331223758   19.011919910   20.004491824
    1.221730476    1.570796327  -21.454058842   24.881687513   14.505295455
    1.396263402    1.570796327  -16.859156105   27.038127482    9.097903566
    1.570796327    1.570796327  -12.269752997   24.832227702    4.649145435
    1.745329252    1.570796327   -8.404249226   18.929405464    1.421185383
    1.919862177    1.570796327   -5.807204024   10.486124755   -0.849405766
    2.094395102    1.570796327   -4.840854613    0.311522636   -2.710362289
    2.268928028    1.570796327   -5.783513980  -11.356798692   -4.688343573
    2.443460953    1.570796327   -8.885472515  -24.391933253   -7.039532347
    2.617993878    1.570796327  -14.323669961  -37.859517945   -9.632689882
    2.792526803    1.570796327  -21.998881447  -49.588231460  -12.024065580
    2.967059728    1.570796327  -31.351508760  -56.555780418  -13.684363010

   -3.141592654    1.745329252  -44.252734597  -56.366070500  -19.385756489
   -2.967059728    1.745329252  -53.391568916  -47.230360092  -18.928035973
   -2.792526803    1.745329252  -60.441401003  -33.028951257  -17.479924605
   -2.617993878    1.745329252  -64.877278304  -18.067821447  -15.449748078
   -2.443460953    1.745329252  -66.970344129   -6.842595678  -13.012070145
   -2.268928028    1.745329252  -67.655724150   -2.190839996  -10.104797479
   -2.094395102    1.745329252  -68.121357277   -4.046821317   -6.685345248
   -1.919862177    1.745329252  -69.273965406   -9.351704576   -3.015121738
   -1.745329252    1.745329252  -71.306388280  -13.296098660    0.284662863
   -1.570796327    1.745329252  -73.579335541  -11.551595071    2.468507226
   -1.396263402    1.745329252  -74.903380071   -2.451269717    3.038608912
   -1.221730476    1.745329252  -74.110466611   12.082418653    2.024002024
   -1.047197551    1.745329252  -70.619657834   27.604478347    0.011115005
   -0.872664626    1.745329252  -64.681686331   39.425914240   -2.043706874
   -0.698131701    1.745329252  -57.216618920   44.896662116   -3.130681175
   -0.523598776    1.745329252  -49.371169662   43.976236161   -2.488948140
   -0.349065850    1.745329252  -42.120444484   38.457059213    0.178051956
   -0.174532925    1.745329252  -36.075365678   30.510823829    4.637583328
    0.000000000    1.745329252  -31.504927038   21.790007634   10.128280957
    0.174532925    1.745329252  -28.435957658   13.500482230   15.513077747
    0.349065850    1.745329252  -26.689884713    6.824257654   19.503656462
    0.523598776    1.745329252  -25.868532654    3.104160121   21.047280581
    0.698131701    1.745329252  -25.358425620    3.301037111   19.677331709
    0.872664626    1.745329252  -24.469816962    7.312095891   15.742270523
    1.047197551    1.745329252  -22.660256551   13.544919666   10.306048764
    1.221730476    1.745329252  -19.754025906   19.429817503    4.742496051
    1.396263402    1.745329252  -16.031758130   22.608636439    0.206017888
    1.570796327    1.745329252  -12.093398123   21.802633997   -2.760584617
    1.745329252    1.745329252   -8.648737475   17.053462403   -4.319363700
    1.919862177    1.745329252   -6.323238085    9.131965334   -5.131267326
    2.094395102    1.745329252   -5.598630987   -1.204114571   -6.014863328
    2.268928028    1.745329252   -6.854657402  -13.470295787   -7.603077671
    2.443460953    1.745329252  -10.382448031  -27.113194745  -10.107057566
    2.617993878    1.745329252  -16.320998934  -40.766255089  -13.226171939
    2.792526803    1.745329252  -24.472514276  -52.016725267  -16.279878042
    2.967059728    1.745329252  -34.163479018  -57.931871669  -18.496331863

   -3.141592654    1.919862177  -48.011308185  -56.610012445  -23.406257961
   -2.967059728    1.919862177  -57.068670971  -46.123521984  -22.951054028
   -2.792526803    1.919862177  -63.841131408  -31.043527519  -21.253479409
   -2.617993878    1.919862177  -67.883562131  -15.587323600  -18.810498024
   -2.443460953    1.919862177  -69.509738798   -3.967990819  -15.936358693
   -2.268928028    1.919862177  -69.654486249    1.137502627  -12.697348498
   -2.094395102    1.919862177  -69.503276525   -0.347521652   -9.113271069
   -1.919862177    1.919862177  -70.006414689   -5.709890320   -5.416656655
   -1.745329252    1.919862177  -71.457635086  -10.400165911   -2.124988077
   -1.570796327    1.919862177  -73.337406191  -10.022924830    0.157054407
   -1.396263402    1.919862177  -74.532613567   -2.496588440    1.068881001
   -1.221730476    1.919862177  -73.861571825   10.825456139    0.739505350
   -1.047197551    1.919862177  -70.637406054   25.958078095   -0.217646907
   -0.872664626    1.919862177  -64.949519142   38.365687394   -0.936601908
   -0.698131701    1.919862177  -57.558686018   45.214815973   -0.631884563
   -0.523598776    1.919862177  -49.506381849   46.045268182    1.118254903
   -0.349065850    1.919862177  -41.746868047   42.151963046    4.247666115
   -0.174532925    1.919862177  -34.955584834   35.222731432    8.258507924
    0.000000000    1.919862177  -29.542480487   26.552543980   12.320350190
    0.174532925    1.919862177  -25.721394654   17.160148003   15.457102968
    0.349065850    1.919862177  -23.511152447    8.340405586   16.722202503
    0.523598776    1.919862177  -22.660936800    1.875196701   15.494540972
    0.698131701    1.919862177  -22.601215419   -0.538385946   11.736215804
    0.872664626    1.919862177  -22.549573410    1.768201044    6.144629175
    1.047197551    1.919862177  -21.757402661    7.674068194   -0.005169170
    1.221730476    1.919862177  -19.804629426   14.560361605   -5.307730496
    1.396263402    1.919862177  -16.783205556   19.509549753   -8.766699716
    1.570796327    1.919862177  -13.225956883   20.468641224  -10.155351714
    1.745329252    1.919862177   -9.904783167   16.827201607  -10.014369609
    1.919862177    1.919862177   -7.591532085    9.058465264   -9.347268506
    2.094395102    1.919862177   -6.931299864   -1.981337906   -9.194935675
    2.268928028    1.919862177   -8.421473942  -15.406130263  -10.264141782
    2.443460953    1.919862177  -12.385868600  -30.109003703  -12.717392477
    2.617993878    1.919862177  -18.898552277  -44.209252396  -16.120187207
    2.792526803    1.919862177  -27.626405247  -55.019599909  -19.618189247
    2.967059728    1.919862177  -37.744091779  -59.721165427  -22.259747457

   -3.141592654    2.094395102  -52.285908811  -57.007795936  -25.115574677
   -2.967059728    2.094395102  -61.271153223  -44.965586916  -24.765678871
   -2.792526803    2.094395102  -67.738986534  -28.807241989  -23.013883676
   -2.617993878    2.094395102  -71.333409551  -12.756835952  -20.368995390
   -2.443460953    2.094395102  -72.434022654   -0.797615608  -17.264177767
   -2.268928028    2.094395102  -72.000892044    4.582213173  -13.924885574
   -2.094395102    2.094395102  -71.230742212    3.265916465  -10.464584540
   -1.919862177    2.094395102  -71.110425669   -2.255290451   -7.067261846
   -1.745329252    2.094395102  -72.008912527   -7.609370782   -4.066339740
   -1.570796327    2.094395102  -73.492258905   -8.321898070   -1.823581496
   -1.396263402    2.094395102  -74.493343039   -1.949194917   -0.497698936
   -1.221730476    2.094395102  -73.800059692   10.625967061    0.125189915
   -1.047197551    2.094395102  -70.622918856   25.743104397    0.589131395
   -0.872664626    2.094395102  -64.918694587   38.876246406    1.524053330
   -0.698131701    2.094395102  -57.341184369   46.885246519    3.351414801
   -0.523598776    2.094395102  -48.894120010   48.852751140    6.077023131
   -0.349065850    2.094395102  -40.574518890   45.658394130    9.288178073
   -0.174532925    2.094395102  -33.161029188   38.702941701   12.321958225
    0.000000000    2.094395102  -27.203510731   29.170440661   14.430278598
    0.174532925    2.094395102  -23.060720302   18.101249097   14.947545661
    0.349065850    2.094395102  -20.878342462    7.012217413   13.376300394
    0.523598776    2.094395102  -20.473677229   -1.877032042    9.555293522
    0.698131701    2.094395102  -21.250091760   -6.225365483    3.821257006
    0.872664626    2.094395102  -22.282196190   -4.733176529   -2.905145726
    1.047197551    2.094395102  -22.591688794    1.789317931   -9.291080817
    1.221730476    2.094395102  -21.519578157   10.508070235  -14.025053391
    1.396263402    2.094395102  -19.001673716   17.803300245  -16.324359450
    1.570796327    2.094395102  -15.556672745   20.768279444  -16.249124277
    1.745329252    2.094395102  -12.077401955   18.146846421  -14.627303026
    1.919862177    2.094395102   -9.532491516   10.206047481  -12.686875639
    2.094395102    2.094395102   -8.760696429   -1.968655800  -11.584318297
    2.268928028    2.094395102  -10.384688548  -16.973358754  -12.035209010
    2.443460953    2.094395102  -14.752276928  -33.074258653  -14.151420857
    2.617993878    2.094395102  -21.855038689  -47.847448664  -17.435951284
    2.792526803    2.094395102  -31.204127851  -58.323310804  -20.982099598
    2.967059728    2.094395102  -41.801157285  -61.795172892  -23.782650108

   -3.141592654    2.268928028  -56.584232555  -57.555418959  -23.569036732
   -2.967059728    2.268928028  -65.521917975  -43.919801058  -23.384234672
   -2.792526803    2.268928028  -71.694029865  -26.555115952  -21.785696930
   -2.617993878    2.268928028  -74.827721432   -9.813836878  -19.202079703
   -2.443460953    2.268928028  -75.384649340    2.438515764  -16.128218848
   -2.268928028    2.268928028  -74.377750431    7.895058490  -12.938561103
   -2.094395102    2.268928028  -73.032393310    6.519160533   -9.845267648
   -1.919862177    2.268928028  -72.361962210    0.755904456   -6.964617790
   -1.745329252    2.268928028  -72.773399573   -5.079519345   -4.392297531
   -1.570796327    2.268928028  -73.870216825   -6.436435040   -2.192236223
   -1.396263402    2.268928028  -74.594490304   -0.628766844   -0.317042876
   -1.221730476    2.268928028  -73.694432527   11.748380801    1.456048817
   -1.047197551    2.268928028  -70.301289370   27.169157435    3.466711265
   -0.872664626    2.268928028  -64.292366725   40.980227671    5.976681820
   -0.698131701    2.268928028  -56.284853728   49.679877081    8.981675809
   -0.523598776    2.268928028  -47.315226023   51.952075549   12.118921022
   -0.349065850    2.268928028  -38.473506456   48.424301344   14.766977027
   -0.174532925    2.268928028  -30.656540212   40.444628539   16.265755867
    0.000000000    2.268928028  -24.527265493   29.316606321   16.087561512
    0.174532925    2.268928028  -20.527942392   16.262527745   13.944794636
    0.349065850    2.268928028  -18.850989960    3.063956296    9.791616408
    0.523598776    2.268928028  -19.304909850   -7.685838742    3.876842060
    0.698131701    2.268928028  -21.207721249  -13.153951319   -3.173053261
    0.872664626    2.268928028  -23.462689580  -11.590397428  -10.332431150
    1.047197551    2.268928028  -24.864335592   -3.658343923  -16.351708604
    1.221730476    2.268928028  -24.542560144    7.471029419  -20.144691032
    1.396263402    2.268928028  -22.320400455   17.417894020  -21.215590150
    1.570796327    2.268928028  -18.750262701   22.431119323  -19.888735339
    1.745329252    2.268928028  -14.886306910   20.677087586  -17.166659584
    1.919862177    2.268928028  -11.919207360   12.320814238  -14.337204345
    2.094395102    2.268928028  -10.888400143   -1.225199107  -12.515474622
    2.268928028    2.268928028  -12.535221231  -17.989807308  -12.327944253
    2.443460953    2.268928028  -17.221847618  -35.623849243  -13.824762961
    2.617993878    2.268928028  -24.853701468  -51.207979528  -16.528920102
    2.792526803    2.268928028  -34.789720898  -61.518478344  -19.626705552
    2.967059728    2.268928028  -45.862096184  -63.928807591  -22.209712294

   -3.141592654    2.443460953  -60.298753388  -58.153540362  -18.447697702
   -2.967059728    2.443460953  -69.214764264  -43.090438797  -18.376484165
   -2.792526803    2.443460953  -75.130741042  -24.518891526  -17.063990536
   -2.617993878    2.443460953  -77.836395377   -7.034663725  -14.787981669
   -2.443460953    2.443460953  -77.879569481    5.471946153  -12.025827773
   -2.268928028    2.443460953  -76.347428121   10.838369739   -9.239045713
   -2.094395102    2.443460953  -74.508065886    9.224929622   -6.694643106
   -1.919862177    2.443460953  -73.386708979    3.222053615   -4.407006028
   -1.745329252    2.443460953  -73.384142260   -2.788724447   -2.210742691
   -1.570796327    2.443460953  -74.089309377   -4.222155845    0.116278250
   -1.396263402    2.443460953  -74.423077157    1.656811608    2.751278630
   -1.221730476    2.443460953  -73.104099182   14.291788399    5.784551404
   -1.047197551    2.443460953  -69.233842755   30.096129470    9.193907730
   -0.872664626    2.443460953  -62.683198873   44.226723514   12.782732517
   -0.698131701    2.443460953  -54.105123404   52.891202594   16.160443927
   -0.523598776    2.443460953  -44.619605838   54.543694735   18.768533755
   -0.349065850    2.443460953  -35.426332841   49.763239553   20.013937117
   -0.174532925    2.443460953  -27.522155193   40.038463865   19.442130832
    0.000000000    2.443460953  -21.635139112   26.929874463   16.844584455
    0.174532925    2.443460953  -18.225494056   11.914649967   12.292758938
    0.349065850    2.443460953  -17.460302789   -2.972603317    6.102308820
    0.523598776    2.443460953  -19.076640323  -14.847623743   -1.176807450
    0.698131701    2.443460953  -22.265499974  -20.549557407   -8.730420382
    0.872664626    2.443460953  -25.749742711  -18.079147053  -15.529374066
    1.047197551    2.443460953  -28.121935144   -8.130271999  -20.524070929
    1.221730476    2.443460953  -28.350977163    5.690515199  -22.973298096
    1.396263402    2.443460953  -26.203914957   18.263291643  -22.744023264
    1.570796327    2.443460953  -22.311477772   25.105421951  -20.408960596
    1.745329252    2.443460953  -17.909499507   23.959472095  -17.031182542
    1.919862177    2.443460953  -14.405692546   15.018431353  -13.783269195
    2.094395102    2.443460953  -13.018011382    0.082306636  -11.569415586
    2.268928028    2.443460953  -14.581472472  -18.341072389  -10.819694936
    2.443460953    2.443460953  -19.460140517  -37.394515328  -11.501527233
    2.617993878    2.443460953  -27.482883312  -53.792827961  -13.222956799
    2.792526803    2.443460953  -37.884033771  -64.127326960  -15.386585410
    2.967059728    2.443460953  -49.356395632  -65.800266999  -17.323837201

   -3.141592654    2.617993878  -62.838744558  -58.591043755  -10.256582326
   -2.967059728    2.617993878  -71.739289234  -42.462895114  -10.118836625
   -2.792526803    2.617993878  -77.452080019  -22.856978610   -9.098125123
   -2.617993878    2.617993878  -79.800263132   -4.679964045   -7.300354872
   -2.443460953    2.617993878  -79.407588326    8.028678885   -5.106509173
   -2.268928028    2.617993878  -77.441706931   13.205752984   -2.958843804
   -2.094395102    2.617993878  -75.215302007   11.301658715   -1.084368696
   -1.919862177    2.617993878  -73.743536882    5.210637812    0.654015973
   -1.745329252    2.617993878  -73.376347621   -0.541374088    2.667743461
   -1.570796327    2.617993878  -73.644887103   -1.437191732    5.378757228
   -1.396263402    2.617993878  -73.438264533    5.053240686    8.948483198
   -1.221730476    2.617993878  -71.483335408   18.141162217   13.168691313
   -1.047197551    2.617993878  -66.926521175   34.038760331   17.533674516
   -0.872664626    2.617993878  -59.714067554   47.777040403   21.383813326
   -0.698131701    2.617993878  -50.591108373   55.490500486   24.081236212
   -0.523598776    2.617993878  -40.774343874   55.661163909   25.115739919
   -0.349065850    2.617993878  -31.545440707   49.009086732   24.177091572
   -0.174532925    2.617993878  -23.949791544   37.251462973   21.182849368
    0.000000000    2.617993878  -18.721257534   22.207374939   16.272605682
    0.174532925    2.617993878  -16.282456299    5.584750340    9.786950938
    0.349065850    2.617993878  -16.724237814  -10.371167428    2.259760729
    0.523598776    2.617993878  -19.671127273  -22.550480737   -5.588126859
    0.698131701    2.617993878  -24.163022800  -27.603424301  -12.851293254
    0.872664626    2.617993878  -28.748566694  -23.483624391  -18.569596677
    1.047197551    2.617993878  -31.860538819  -11.108198220  -21.969319777
    1.221730476    2.617993878  -32.374784211    5.394310700  -22.734942708
    1.396263402    2.617993878  -30.070691920   20.245494463  -21.148135501
    1.570796327    2.617993878  -25.699301551   28.437941671  -18.013900401
    1.745329252    2.617993878  -20.680085156   27.524861099  -14.362382202
    1.919862177    2.617993878  -16.604636213   17.882160959  -11.110703243
    2.094395102    2.617993878  -14.820210396    1.721889564   -8.819922684
    2.268928028    2.617993878  -16.213452273  -18.013010276   -7.641395437
    2.443460953    2.617993878  -21.133846576  -38.141312298   -7.437106221
    2.617993878    2.617993878  -29.351600439  -55.202205591   -7.927834503
    2.792526803    2.617993878  -40.020742116  -65.706583321   -8.794896116
    2.967059728    2.617993878  -51.745097780  -67.038063843   -9.695042601

   -3.141592654    2.792526803  -63.767065130  -58.583411117   -0.236640243
   -2.967059728    2.792526803  -72.620033804  -41.893153082    0.199419973
   -2.792526803    2.792526803  -78.173305662  -21.607484400    1.018956073
   -2.617993878    2.792526803  -80.255254803   -2.935811368    2.261334255
   -2.443460953    2.792526803  -79.543059581    9.875014843    3.703347937
   -2.268928028    2.792526803  -77.270984482   14.836763649    5.042253390
   -2.094395102    2.792526803  -74.779564169   12.745691688    6.202125622
   -1.919862177    2.792526803  -73.043860641    6.880204788    7.507718810
   -1.745329252    2.792526803  -72.324932087    1.902393048    9.550854355
   -1.570796327    2.792526803  -72.073156505    2.095039579   12.809342827
   -1.396263402    2.792526803  -71.162937598    9.511567870   17.267046216
   -1.221730476    2.792526803  -68.392450566   22.903089663   22.306290359
   -1.047197551    2.792526803  -63.040367976   38.245170297   26.928168733
   -0.872664626    2.792526803  -55.201123372   50.636752401   30.121789515
   -0.698131701    2.792526803  -45.738182712   56.460652145   31.203112448
   -0.523598776    2.792526803  -35.936231947   54.509442778   29.931424064
   -0.349065850    2.792526803  -27.093272312   45.766072082   26.443157204
   -0.174532925    2.792526803  -20.231453222   32.137791291   21.083276529
    0.000000000    2.792526803  -16.033484657   15.581069306   14.281104364
    0.174532925    2.792526803  -14.848436201   -2.059247175    6.516393817
    0.349065850    2.792526803  -16.666027373  -18.371272547   -1.607035765
    0.523598776    2.792526803  -20.978957919  -30.048883390   -9.313895958
    0.698131701    2.792526803  -26.667030614  -33.650476813  -15.683130605
    0.872664626    2.792526803  -32.120510139  -27.268184599  -19.862288721
    1.047197551    2.792526803  -35.663110453  -12.237071954  -21.373872305
    1.221730476    2.792526803  -36.153949836    6.715219492  -20.337971053
    1.396263402    2.792526803  -33.457576624   23.270346865  -17.443292486
    1.570796327    2.792526803  -28.483291121   32.160026669  -13.691646645
    1.745329252    2.792526803  -22.822662871   31.028847550  -10.018147740
    1.919862177    2.792526803  -18.199372577   20.599136114   -7.014351558
    2.094395102    2.792526803  -16.024155013    3.490122680   -4.845211627
    2.268928028    2.792526803  -17.183435868  -17.064474208   -3.358204670
    2.443460953    2.792526803  -21.992649138  -37.776991686   -2.301959881
    2.617993878    2.792526803  -30.182717707  -55.220334637   -1.502458006
    2.792526803    2.792526803  -40.876259246  -65.947410529   -0.912303006
    2.967059728    2.792526803  -52.646950608  -67.301951320   -0.524914043

   -3.141592654    2.967059728  -62.902873199  -57.895142429    9.998282240
   -2.967059728    2.967059728  -71.638819713  -41.204453669   10.913825358
   -2.792526803    2.967059728  -77.056641386  -20.729756694   11.658078599
   -2.617993878    2.967059728  -78.968944584   -1.895619254   12.364160906
   -2.443460953    2.967059728  -78.075617888   10.871430114   12.997117373
   -2.268928028    2.967059728  -75.644521980   15.663813713   13.484281883
   -2.094395102    2.967059728  -73.010171254   13.627281010   13.976515626
   -1.919862177    2.967059728  -71.074822224    8.399125154   14.975733513
   -1.745329252    2.967059728  -69.988450541    4.674420099   17.141577583
   -1.570796327    2.967059728  -69.124885756    6.307493376   20.849945620
   -1.396263402    2.967059728  -67.385486050   14.658496423   25.799204320
   -1.221730476    2.967059728  -63.712179812   27.902509596   30.974835571
   -1.047197551    2.967059728  -57.591930678   41.862734291   35.023767841
   -0.872664626    2.967059728  -49.311275519   51.972496150   36.795128805
   -0.698131701    2.967059728  -39.842268481   55.187110243   35.755766808
   -0.523598776    2.967059728  -30.478784549   50.828437271   32.046085587
   -0.349065850    2.967059728  -22.454428467   40.163965978   26.252745797
   -0.174532925    2.967059728  -16.698884802   25.155771324   19.065765235
    0.000000000    2.967059728  -13.803518879    7.716658627   11.078588971
    0.174532925    2.967059728  -14.030919794  -10.282591483    2.785125591
    0.349065850    2.967059728  -17.267764972  -26.286047104   -5.249881865
    0.523598776    2.967059728  -22.872947977  -36.787474435  -12.277388569
    0.698131701    2.967059728  -29.568329356  -38.310197078  -17.415655276
    0.872664626    2.967059728  -35.606145028  -29.236068582  -19.937267503
    1.047197551    2.967059728  -39.250847759  -11.486449129  -19.633344533
    1.221730476    2.967059728  -39.416054601    9.556561285  -16.992031746
    1.396263402    2.967059728  -36.116330391   27.165100688  -13.024209864
    1.570796327    2.967059728  -30.447958518   36.076440341   -8.856070218
    1.745329252    2.967059728  -24.154527713   34.296036307   -5.290128196
    1.919862177    2.967059728  -19.034401708   23.033867605   -2.596907773
    2.094395102    2.967059728  -16.494620646    5.287988903   -0.581712748
    2.268928028    2.967059728  -17.371205764  -15.569737396    1.168032573
    2.443460953    2.967059728  -21.927135376  -36.347953956    2.995707547
    2.617993878    2.967059728  -29.870485110  -53.836702933    4.992557216
    2.792526803    2.967059728  -40.335376765  -64.746603747    6.990721193
    2.967059728    2.967059728  -51.920209023  -66.393877533    8.713372566
